1 8.43426 -4.29884 
1 3.88899 -0.0492629 
1 6.08937 -1.67842 
1 5.02332 -0.901315 
1 -3.06073 7.08315 
1 4.1923 -0.0846256 
1 -3.24902 5.16436 
1 2.21327 1.88229 
1 -4.15593 8.26976 
1 -4.86289 9.00835 
1 -0.327736 4.40465 
1 3.0065 1.10597 
1 -4.67373 8.73616 
1 5.15769 -1.0055 
1 4.45395 -0.534841 
1 -0.606919 4.68195 
1 7.84554 -3.73805 
1 -1.46084 5.57457 
1 9.14725 -5.02828 
1 0.480068 3.65193 
1 1.85115 2.24232 
1 -4.23366 8.33958 
1 -4.82467 8.91933 
1 7.65236 -2.82103 
1 9.09267 -3.90297 
1 6.62798 -2.08008 
1 -4.8717 8.97564 
1 -3.13809 7.2151 
1 -0.810169 3.3882 
1 6.03756 -2.01733 
1 6.98503 -2.39308 
1 7.17144 -3.04877 
1 5.30537 -1.24463 
1 -0.130131 3.89016 
1 4.91191 -0.827645 
1 -1.16766 3.67573 
1 -0.653763 4.70565 
1 9.09984 -5.06107 
1 5.61336 -1.5477 
1 -0.694857 4.74504 
1 -1.1828 5.25181 
1 -3.40828 5.34683 
1 7.05114 -2.38248 
1 -5.53168 6.9367 
1 5.79278 -1.60646 
1 7.25109 -3.20814 
1 5.46722 -1.19713 
1 5.51666 -1.42177 
1 7.90168 -2.9822 
1 -1.54554 5.62156 
1 4.53686 -0.373401 
1 7.62106 -2.79653 
1 -2.26063 6.42659 
1 1.17828 1.90933 
1 1.84555 1.42451 
1 2.25074 1.86665 
1 6.73899 -2.19992 
1 2.57908 0.904891 
1 8.53192 -4.39043 
1 4.45309 -0.312166 
1 -0.361067 3.06833 
1 5.93228 -1.5489 
1 -0.112592 4.28199 
