1.9368 0.399299 0.634397 
0.636271 0.112633 -0.266576 
1.9953 0.404752 0.483851 
1.96002 -0.315526 0.0331644 
0.936605 0.39485 0.352765 
1.96482 0.389555 0.821522 
1.93349 -0.505046 0.0455711 
1.16199 0.379887 1.04463 
0.929735 0.371326 0.777785 
1.50192 0.40503 0.0449456 
1.13762 0.396753 1.04363 
1.97694 -0.591636 0.456173 
1.97538 0.139478 0.031442 
1.36509 -0.602088 0.0135394 
0.964158 -0.133734 0.0342437 
0.949498 -0.450174 1.04575 
1.61565 2.97961 0.574288 
0.560014 1.94731 0.895434 
0.956732 -0.0223463 0.0478035 
1.51955 0.387316 1.02425 
1.77069 0.382298 0.0416036 
1.68132 -0.597354 1.02179 
1.94111 -0.355045 0.0522981 
1.9377 0.375527 0.196227 
0.591211 2.94774 0.917683 
1.02166 0.124654 0.0226623 
0.970901 0.297304 1.0419 
0.827385 2.00281 0.451601 
1.96414 0.228693 0.0531263 
1.14117 0.364937 0.0483006 
1.94935 0.397376 0.0282206 
0.584297 1.96873 1.27678 
1.31218 0.382006 1.03552 
-0.267577 -0.916589 -0.482384 
0.902042 0.0241125 0.0459305 
1.4949 -0.63818 1.05655 
1.11703 -0.636317 0.0360841 
0.624696 -0.841369 0.180907 
0.942393 0.284456 1.04986 
-0.352856 -0.752292 0.726488 
1.4157 0.377626 1.01966 
1.91239 -0.222334 1.05472 
1.93029 0.152241 1.04491 
1.9715 0.401297 0.69964 
1.99138 -0.105441 0.0246326 
2.00054 -0.402784 1.01817 
0.944236 0.373869 0.355062 
0.614322 2.69812 1.35551 
1.90118 0.274421 0.0575724 
1.949 -0.60265 1.02536 
0.58362 2.62105 0.389318 
1.93671 -0.609245 0.0247132 
1.00799 -0.481431 0.0224471 
1.27749 -0.596944 0.0276104 
1.19016 -0.629257 0.0568536 
-0.354942 -0.83695 0.204653 
0.971016 0.390036 0.956605 
1.96299 0.382319 0.281029 
0.901791 -0.340568 1.05035 
-0.373097 -0.491291 0.745409 
1.25238 0.379587 0.0256702 
0.180221 -0.505443 0.0249527 
1.98002 0.0322894 0.0161231 
0.950926 0.226494 1.06012 
-0.375159 0.220151 0.00413539 
0.960027 0.271149 0.030563 
0.978331 0.20505 0.0318858 
0.65027 -0.815189 0.558367 
1.94797 -0.623219 1.00213 
0.944916 0.395551 0.600431 
0.978586 -0.387635 1.02617 
0.93934 -0.63471 0.547542 
1.90692 0.360481 1.05985 
-0.358201 0.123255 0.73437 
1.57614 0.388447 1.01677 
1.90131 -0.142232 1.04332 
0.57335 2.00252 0.73433 
0.938131 -0.514937 1.03981 
1.98015 -0.603469 0.06979 
0.917357 0.375973 0.137524 
0.923748 -0.640531 0.172498 
0.161978 -0.839378 -0.287092 
0.967719 0.387565 1.01663 
1.92613 -0.628415 1.00858 
1.53945 -0.613455 0.0190671 
0.938942 -0.626819 0.221229 
-0.138158 0.165274 -0.278367 
0.987762 -0.623073 0.868453 
1.74108 0.397755 1.02316 
0.996287 -0.451094 0.0139139 
1.99722 -0.61224 0.6094 
0.979843 -0.583888 0.0399375 
1.71686 0.384561 0.0377781 
1.03593 -0.638647 1.04398 
0.978613 0.390674 0.136738 
1.49328 -0.643319 0.0643653 
1.46345 -0.619154 1.03234 
0.965685 -0.0937923 1.05191 
2.02555 -0.594642 0.415898 
-0.364174 -0.0125778 -0.275918 
1.58472 0.3894 1.04148 
0.949404 0.374015 1.04607 
1.98043 -0.60116 0.97229 
0.00953888 -0.783719 0.72653 
1.50346 -0.621305 0.0566988 
1.8372 0.371526 0.0513415 
1.97481 0.0136974 0.0291617 
1.96762 -0.613309 0.441072 
0.649081 -0.464027 0.731116 
1.95671 0.248919 1.04479 
1.93802 0.120525 0.0504897 
0.964452 0.395582 0.465976 
1.02384 -0.603657 1.02796 
1.94411 -0.50771 0.0283564 
0.669396 -0.778272 0.240056 
1.95684 -0.312672 1.06475 
0.862206 3.00188 0.437804 
1.94077 -0.63216 0.369225 
0.945052 0.385655 0.756529 
1.02066 -0.174458 1.02029 
1.57292 -0.608455 0.0298672 
0.955614 -0.121184 1.02264 
0.620604 0.165807 0.721585 
1.96712 0.398016 1.00473 
1.96465 -0.0644933 0.0302028 
0.637463 2.4855 1.42223 
1.92148 -0.649405 0.654304 
1.97068 0.377713 0.980122 
0.94197 -0.63132 1.03558 
2.03293 0.295462 0.0148626 
1.95496 -0.624797 0.881039 
0.936555 0.169394 0.0448957 
1.21034 0.359795 0.0571296 
1.66377 0.390548 1.03708 
0.917401 0.362957 0.302376 
1.97747 0.394235 0.14445 
0.939339 -0.0703415 1.04676 
1.95611 0.382955 0.186814 
1.22431 0.371824 0.0489359 
0.997817 0.418241 0.948312 
0.985554 0.394686 0.583759 
0.954238 0.399861 0.978227 
0.637531 0.149756 0.737967 
0.632486 0.185983 0.240713 
1.97915 -0.507584 0.0414175 
1.88446 0.387369 0.0317766 
1.52257 -0.609811 1.0271 
1.00386 -0.576364 0.441582 
0.962503 -0.00383703 0.0464253 
1.98182 -0.590691 0.739321 
0.981734 0.409164 0.623994 
1.56734 2.97563 0.870884 
1.9424 -0.302329 0.0513471 
1.9717 0.384866 0.250816 
0.998073 -0.428325 1.02138 
1.95326 0.377843 0.805597 
1.28458 0.387611 1.02627 
-0.335306 -0.549704 -0.281781 
1.45284 0.361011 0.064569 
1.05208 0.384356 1.02921 
1.9492 -0.372319 1.03474 
1.92739 -0.384366 0.0502536 
0.960391 -0.625685 0.657564 
1.94191 -0.613433 0.0587546 
1.50439 0.405206 0.046816 
1.93018 -0.622555 1.03256 
0.970905 0.412509 0.83202 
1.06587 -0.611347 1.05159 
0.636217 0.183455 0.45661 
1.07991 -0.640287 0.0622433 
1.00089 -0.597696 0.409931 
1.98047 0.403513 0.407752 
0.948891 -0.23072 0.04355 
0.960077 0.151999 1.02737 
1.59622 1.99453 0.72342 
1.70685 0.387532 1.02947 
0.61499 2.95447 0.399997 
0.967524 0.379942 0.0548739 
1.93855 0.380165 0.96208 
0.634923 -0.167609 0.717065 
-0.199715 0.192055 -0.292335 
0.153143 -0.780144 0.722218 
1.97244 -0.165931 0.0258696 
0.906396 -0.17504 1.05507 
1.96219 -0.603381 0.415661 
1.95592 0.376641 1.03561 
0.935422 0.0314372 1.04814 
1.95243 0.395456 0.81902 
1.95599 -0.622308 0.097344 
0.95884 0.278737 1.04699 
1.52194 -0.626685 0.0603321 
1.92724 0.382774 0.0290449 
0.992172 0.405415 0.114942 
