1 -0.920192 5.83971 
1 -2.1358 6.24332 
1 -3.92724 6.80039 
1 -1.7052 4.58544 
1 13.6472 0.904548 
1 -1.75578 6.21854 
1 -1.26869 5.98616 
1 11.9344 1.4749 
1 -0.297154 5.61643 
1 -3.68531 6.7109 
1 5.35925 3.69611 
1 -1.48463 6.01755 
1 9.32556 2.40592 
1 1.8226 4.88667 
1 -1.72984 6.04925 
1 -0.693371 5.73072 
1 12.9351 1.13975 
1 8.84233 2.55828 
1 5.44566 3.69546 
1 5.5422 3.63964 
1 2.87629 4.50382 
1 -1.7363 4.92701 
1 -2.62092 6.35879 
1 1.3213 5.07932 
1 -2.72943 6.415 
1 -1.66071 4.46786 
1 6.76132 3.22602 
1 5.86962 3.50223 
1 0.498145 5.35127 
1 -3.43378 6.66658 
1 -1.32878 5.96952 
1 6.99989 3.11472 
1 -1.86165 8.51518 
1 12.17 1.43753 
1 12.4945 1.32745 
1 13.6374 0.907302 
1 -1.85585 8.35703 
1 1.39441 5.03251 
1 -1.84134 7.20828 
1 3.07388 4.492 
1 -2.94806 6.56103 
1 5.09977 3.78706 
1 -4.69582 7.14405 
1 -2.04831 6.18659 
1 10.1074 2.1436 
1 -1.65598 6.06082 
1 3.93729 4.18142 
1 -1.15309 5.88903 
1 13.2005 1.04261 
1 -1.55199 6.05951 
1 7.55914 3.01717 
1 4.013 4.17734 
1 -1.64183 3.9277 
1 -1.80649 7.57766 
1 1.87429 4.90887 
1 11.2746 1.73952 
1 -3.31269 6.5931 
1 6.04291 3.5032 
1 8.18434 2.72665 
1 -2.819 6.46563 
1 0.254144 5.42796 
1 -4.39863 6.99155 
1 9.76668 2.24051 
1 9.65942 2.30716 
1 -1.89563 6.1563 
1 -4.13993 6.89917 
1 0.104812 5.49323 
1 10.9853 1.7733 
1 2.59227 4.65623 
1 -0.501815 5.6553 
1 -3.43564 6.66772 
1 -4.43882 7.01388 
1 12.5957 1.29612 
