-1.11497	-1.99742	1.60625	 0
-0.760779	-0.760507	1.14121	 0
-1.22225	-1.58452	0.605596	 0
-0.543193	-0.672849	2.14084	 0
-1.12648	-0.987735	0.565892	 0
-0.532855	-1.99443	0.573585	 0
1.47348	-0.21355	-0.540873	 0
-1.24609	-1.32092	0.552137	 0
2.11962	-0.225063	0.0794557	 0
0.027871	-0.683083	1.13645	 0
2.14209	0.486211	-0.574007	 0
-0.241131	-0.968032	1.40161	 0
0.664071	0.560959	0.948859	 0
-0.623115	-0.981562	0.573249	 0
-0.775399	-1.01207	2.14312	 0
-0.773004	-0.680926	1.87287	 0
0.988904	0.32639	-0.442019	 0
1.2276	0.766089	0.464954	 0
-0.561906	-0.690428	2.14155	 0
1.60067	0.685893	0.509779	 0
2.11825	0.769727	0.00145643	 0
1.11422	0.679584	0.486618	 0
1.20999	-0.17329	0.422817	 0
-1.23096	-0.997445	0.574347	 0
1.04683	0.690545	-0.215329	 0
-1.09074	-1.00097	1.5885	 0
-0.255489	-0.983116	1.38732	 0
-0.901698	-0.985122	1.57332	 0
1.12199	0.775414	-0.314129	 0
-1.23591	-1.9948	1.34865	 0
-0.247452	-0.969389	0.885648	 0
1.11461	0.7498	0.384567	 0
-0.251479	-0.983159	1.34723	 0
-1.25529	-0.95177	1.08234	 0
1.17124	0.813803	-0.124615	 0
-0.284888	-0.993519	1.60122	 0
-0.299447	-1.96701	1.563	 0
0.21381	-0.810981	2.14812	 0
-1.22223	-0.993876	0.923229	 0
-0.775704	-2.03172	-0.295561	 0
-0.229603	-1.98529	1.46176	 0
-1.09275	-1.98228	0.575568	 0
-0.600016	-1.0023	1.56836	 0
-0.491439	-0.974543	0.586966	 0
-0.118758	-1.69	1.13211	 0
-1.23154	-1.18367	1.59039	 0
-0.595825	-2.00151	1.59281	 0
-0.279213	-0.989139	1.58429	 0
-0.237466	-1.11043	1.60076	 0
-0.518144	-1.66406	1.15288	 0
-1.00843	-2.00396	1.5719	 0
-1.0135	-1.97626	1.63008	 0
0.674493	0.570068	0.173166	 0
-0.688359	-1.99618	0.553172	 0
-1.16406	-0.967102	0.5671	 0
-0.244864	-1.1473	0.55458	 0
-1.24157	-1.30403	1.60715	 0
-0.247717	-0.988034	0.752615	 0
-1.2538	-0.978143	1.45339	 0
-1.25515	-0.96032	1.29483	 0
0.0474133	-0.683228	1.14143	 0
-1.00711	-1.99285	1.58041	 0
-0.261433	-0.953747	0.783539	 0
-0.273517	-1.83649	1.59317	 0
-0.857034	-1.9924	0.577188	 0
2.14631	0.783334	-0.225197	 0
-1.25844	-1.29369	1.55109	 0
-1.23079	-1.44765	0.599798	 0
-0.243049	-1.28137	0.573599	 0
1.59638	-0.18327	-0.570236	 0
-0.864072	-1.00019	1.54119	 0
0.231656	-0.672621	1.26198	 0
-0.246733	-1.99041	1.22915	 0
-0.327567	-0.992147	0.613326	 0
-0.263145	-1.97627	0.999438	 0
-0.861193	-0.986647	1.58063	 0
-0.458798	-0.97642	0.575966	 0
-0.242263	-1.96173	1.61495	 0
-0.265684	-0.990731	0.705931	 0
-1.25919	-0.979331	0.708459	 0
2.20059	0.744664	-0.583337	 0
1.73308	-0.239226	-0.5268	 0
-0.942191	-0.982686	0.571348	 0
-0.78271	-1.54641	2.16235	 0
-1.25984	-1.99966	1.15882	 0
1.15433	0.292203	0.463021	 0
1.85795	0.648409	-0.464326	 0
-1.24503	-1.58157	0.583981	 0
-1.23804	-1.97663	0.694882	 0
-1.24652	-0.994783	1.2834	 0
-0.241328	-1.5922	1.56894	 0
-0.44598	-0.981626	1.55137	 0
-0.742995	-2.00699	1.61172	 0
-1.24813	-1.93585	1.61349	 0
-0.577523	-0.964901	1.57896	 0
-0.801973	-2.0208	1.56982	 0
-0.235224	-2.01675	1.11283	 0
-1.22434	-1.62037	1.53898	 0
-0.811515	-1.02639	1.56268	 0
-0.59105	-2.00915	1.54751	 0
-1.26181	-2.00761	0.644365	 0
0.222129	-1.68304	1.80293	 0
-1.25313	-1.4046	0.598238	 0
-1.2489	-1.98188	1.03168	 0
-0.659192	-1.98141	0.554272	 0
0.675373	-0.189928	-0.0611063	 0
-0.219254	-1.9956	1.54205	 0
-0.783586	-0.71756	2.12794	 0
-1.23962	-1.14406	0.557847	 0
-1.05644	-1.96432	1.57393	 0
-0.254122	-1.99719	0.623152	 0
-0.76429	-0.885961	1.15607	 0
-0.248315	-1.48104	0.594815	 0
-0.257678	-1.69218	0.553676	 0
-1.25221	-1.99274	0.753529	 0
1.1609	-0.180931	0.0391724	 0
4.61123	-1.90333	3.82949	 1
3.58865	-1.34791	2.74139	 1
3.86598	-0.905848	3.83652	 1
4.59746	-1.87547	3.61453	 1
3.61246	-1.86931	2.96834	 1
3.59346	-1.64046	3.78364	 1
4.63295	-0.870111	2.79094	 1
4.26275	-1.87375	2.79655	 1
3.77324	-1.88989	2.81689	 1
3.54312	-1.88654	3.12055	 1
3.91365	-1.89766	2.80951	 1
4.5903	-0.872238	3.75975	 1
4.56729	-1.8682	3.78113	 1
3.63106	-1.64205	3.79512	 1
3.77864	-0.905452	2.83374	 1
4.55434	-1.13418	3.78985	 1
4.54219	-0.902109	3.58607	 1
3.57921	-1.30855	3.85642	 1
3.58026	-1.87591	2.80488	 1
3.98394	-1.90912	2.81064	 1
4.42007	-0.897169	2.76241	 1
4.5912	-1.89271	3.50194	 1
3.97879	-1.86529	3.77853	 1
4.57665	-1.87638	2.75548	 1
4.64223	-1.88082	3.58354	 1
3.849	-1.90249	3.85627	 1
4.60125	-1.30672	3.82409	 1
4.4514	-0.883811	3.74907	 1
4.5714	-1.32655	2.81444	 1
3.53012	-1.87729	3.47277	 1
4.64447	-0.881201	3.2319	 1
4.22694	-1.89554	3.83893	 1
4.02534	-1.88588	2.81742	 1
3.61881	-0.906206	3.75837	 1
3.63298	-1.86986	3.1843	 1
3.59277	-1.74184	2.77508	 1
3.6517	-1.80426	2.81236	 1
4.0669	-1.88031	2.7721	 1
4.57967	-1.01989	2.7675	 1
3.55756	-1.90901	3.69317	 1
4.52907	-1.19806	2.83104	 1
4.60664	-0.850371	3.55686	 1
4.51706	-0.886455	3.83271	 1
4.48585	-1.87683	3.77862	 1
4.54584	-0.951151	3.78343	 1
3.61427	-1.34575	3.76172	 1
4.18043	-1.90619	2.87146	 1
3.45697	-1.4756	3.82874	 1
4.1976	-1.90787	3.77863	 1
3.59812	-1.25391	2.80717	 1
3.59399	-0.837883	3.47267	 1
3.57015	-0.911232	3.02751	 1
4.59976	-0.891621	3.69502	 1
4.5521	-0.871692	3.7947	 1
4.21558	-0.877015	2.72693	 1
3.67476	-1.90139	3.82819	 1
3.549	-1.5399	3.83129	 1
3.57985	-1.58611	2.82285	 1
3.66841	-1.24913	3.80382	 1
3.59207	-1.87053	3.57802	 1
4.62275	-1.02058	2.75206	 1
4.55593	-1.79809	3.79362	 1
4.21699	-0.898946	2.83756	 1
4.10838	-1.87848	3.81513	 1
4.59499	-1.53881	2.79344	 1
3.71934	-0.844937	2.75694	 1
3.78711	-0.887483	2.80018	 1
3.59344	-0.908957	3.53709	 1
3.73126	-1.9101	2.78392	 1
4.57008	-1.89586	3.35667	 1
4.33819	-1.89341	3.76993	 1
4.59658	-0.864702	2.86824	 1
3.85414	-0.906474	2.82863	 1
3.55996	-1.13705	3.84516	 1
3.51843	-1.89453	3.55213	 1
4.58702	-0.881768	2.95129	 1
4.53123	-1.89185	2.91197	 1
4.61536	-1.83797	3.85289	 1
4.67141	-0.875998	3.73421	 1
4.56953	-1.72105	3.81231	 1
4.45886	-1.64969	3.82698	 1
3.63253	-1.81907	2.78934	 1
3.58692	-0.902074	3.69918	 1
3.59726	-0.889305	3.69045	 1
