4.61123 -1.90333 3.82949 
3.58865 -1.34791 2.74139 
3.86598 -0.905848 3.83652 
4.59746 -1.87547 3.61453 
3.61246 -1.86931 2.96834 
3.59346 -1.64046 3.78364 
4.63295 -0.870111 2.79094 
4.26275 -1.87375 2.79655 
3.77324 -1.88989 2.81689 
3.54312 -1.88654 3.12055 
3.91365 -1.89766 2.80951 
4.5903 -0.872238 3.75975 
4.56729 -1.8682 3.78113 
3.63106 -1.64205 3.79512 
3.77864 -0.905452 2.83374 
4.55434 -1.13418 3.78985 
4.54219 -0.902109 3.58607 
3.57921 -1.30855 3.85642 
3.58026 -1.87591 2.80488 
3.98394 -1.90912 2.81064 
4.42007 -0.897169 2.76241 
4.5912 -1.89271 3.50194 
3.97879 -1.86529 3.77853 
4.57665 -1.87638 2.75548 
4.64223 -1.88082 3.58354 
3.849 -1.90249 3.85627 
4.60125 -1.30672 3.82409 
4.4514 -0.883811 3.74907 
4.5714 -1.32655 2.81444 
3.53012 -1.87729 3.47277 
4.64447 -0.881201 3.2319 
4.22694 -1.89554 3.83893 
4.02534 -1.88588 2.81742 
3.61881 -0.906206 3.75837 
3.63298 -1.86986 3.1843 
3.59277 -1.74184 2.77508 
3.6517 -1.80426 2.81236 
4.0669 -1.88031 2.7721 
4.57967 -1.01989 2.7675 
3.55756 -1.90901 3.69317 
4.52907 -1.19806 2.83104 
4.60664 -0.850371 3.55686 
4.51706 -0.886455 3.83271 
4.48585 -1.87683 3.77862 
4.54584 -0.951151 3.78343 
3.61427 -1.34575 3.76172 
4.18043 -1.90619 2.87146 
3.45697 -1.4756 3.82874 
4.1976 -1.90787 3.77863 
3.59812 -1.25391 2.80717 
3.59399 -0.837883 3.47267 
3.57015 -0.911232 3.02751 
4.59976 -0.891621 3.69502 
4.5521 -0.871692 3.7947 
4.21558 -0.877015 2.72693 
3.67476 -1.90139 3.82819 
3.549 -1.5399 3.83129 
3.57985 -1.58611 2.82285 
3.66841 -1.24913 3.80382 
3.59207 -1.87053 3.57802 
4.62275 -1.02058 2.75206 
4.55593 -1.79809 3.79362 
4.21699 -0.898946 2.83756 
4.10838 -1.87848 3.81513 
4.59499 -1.53881 2.79344 
3.71934 -0.844937 2.75694 
3.78711 -0.887483 2.80018 
3.59344 -0.908957 3.53709 
3.73126 -1.9101 2.78392 
4.57008 -1.89586 3.35667 
4.33819 -1.89341 3.76993 
4.59658 -0.864702 2.86824 
3.85414 -0.906474 2.82863 
3.55996 -1.13705 3.84516 
3.51843 -1.89453 3.55213 
4.58702 -0.881768 2.95129 
4.53123 -1.89185 2.91197 
4.61536 -1.83797 3.85289 
4.67141 -0.875998 3.73421 
4.56953 -1.72105 3.81231 
4.45886 -1.64969 3.82698 
3.63253 -1.81907 2.78934 
3.58692 -0.902074 3.69918 
3.59726 -0.889305 3.69045 
