-0.0517488 2.83485 4.9304 
0.215303 2.85405 5.41336 
0.421042 1.83829 5.40283 
0.182562 2.83841 5.40492 
0.943669 2.82751 4.88426 
0.675229 0.620749 3.24344 
-0.0354396 1.81526 5.04945 
0.279463 2.83858 5.38599 
0.942044 2.46776 4.41998 
-0.0595708 2.44455 5.40578 
-0.0520751 1.85246 4.68521 
0.756237 1.84621 4.38832 
-0.0352139 2.86375 4.75819 
0.872452 2.83364 5.38017 
0.176307 2.83354 5.37493 
0.386668 2.82754 4.35872 
0.495989 2.84073 5.37003 
0.475446 1.86842 5.41406 
0.962958 1.84347 4.52818 
-0.0434137 1.87605 5.04011 
0.191525 1.81101 4.35727 
-0.0501319 2.35612 4.39554 
0.95937 2.81745 4.97243 
0.111259 2.78795 5.35581 
-0.0428121 2.8409 4.91901 
-0.0487505 2.85274 4.88471 
-0.0378736 2.81159 4.37773 
-0.0492597 2.15726 4.41126 
0.351863 1.86398 5.38729 
-0.0559653 2.17767 4.36499 
0.589493 1.85489 4.43919 
0.954857 1.88778 5.37231 
0.94005 1.8404 5.32584 
0.939204 2.82317 4.88035 
0.945742 1.8551 4.95683 
-0.0406802 2.07864 4.40195 
-0.0348489 2.64411 4.32695 
0.248172 2.8403 5.38768 
0.956703 2.08515 4.40092 
0.936681 2.85306 4.35425 
-0.0393056 1.95063 5.36929 
-0.0530061 2.77005 4.41631 
0.140849 1.85402 4.39992 
0.494576 1.84311 5.42415 
-0.0492346 2.7796 4.37936 
0.94928 2.8106 5.05036 
0.939547 2.55469 5.39212 
0.960285 2.04811 4.36328 
0.940183 1.84795 5.02326 
-0.0383223 1.89702 4.94435 
0.940767 2.85962 4.50345 
-0.0406579 2.14292 4.39522 
0.941962 2.44705 4.36132 
0.965499 2.82668 4.49317 
-0.0486785 2.88152 4.55052 
0.941385 1.85546 4.98286 
-0.0433038 2.84746 5.04186 
0.975415 2.81537 5.32708 
0.643425 2.82802 4.34976 
-0.0566275 2.55326 4.40853 
0.631109 1.82553 5.37841 
-0.0554482 1.84434 5.17236 
0.959569 1.90233 4.43614 
-0.051466 2.41409 4.40819 
0.953682 2.60878 5.35933 
0.967309 2.82115 4.60154 
0.95505 2.15606 4.36942 
-0.0357625 2.83606 5.37286 
0.260767 1.81683 4.36346 
