1.2602 1.3494 -0.285859 
0.56113 1.35835 -0.791251 
1.23427 1.69052 -0.871152 
-0.157366 -0.375067 3.12023 
1.18958 1.91047 0.184824 
0.519703 -0.384789 2.16694 
1.1849 2.13138 0.186473 
1.16872 1.35031 -0.441167 
0.21409 2.0474 0.149347 
1.54149 0.0399228 1.63213 
0.830985 0.602147 2.37597 
-0.161009 -0.385149 2.95192 
0.542188 2.35516 -0.842532 
0.556538 -0.0136771 1.36139 
0.276146 2.32341 0.22237 
-0.704448 -0.464314 1.19748 
0.14908 1.39622 0.222927 
0.218475 1.57062 -0.801204 
1.16753 2.30642 0.176575 
1.21425 2.38573 -0.41005 
1.2162 2.01554 -0.794532 
0.556556 -0.964225 1.82736 
-0.0744459 -0.382238 2.27708 
0.411402 1.34082 0.168062 
1.57515 0.0579544 1.83199 
0.269756 1.39284 -0.483471 
0.835858 -0.0711255 2.16358 
0.917393 0.0355051 2.38238 
1.57199 -0.00564874 1.97521 
0.22268 2.14722 -0.848187 
1.20319 1.36777 0.120875 
0.738481 0.0450199 2.36745 
0.691772 -0.928693 2.39051 
1.19527 2.30465 -0.779653 
-0.15579 0.00956626 2.15294 
0.457397 -0.365937 2.26928 
1.21877 2.34958 -0.183127 
0.373982 1.35557 -0.838534 
1.21551 1.37958 -0.79865 
0.988493 1.36108 -0.812418 
0.563284 -0.897879 1.36181 
0.548167 -0.956385 2.2388 
1.21853 2.34505 0.175922 
0.256881 2.3795 -0.201495 
1.10842 2.34335 0.151188 
0.55021 -0.923645 1.67749 
0.441258 2.36307 -0.87272 
0.193774 1.31802 -0.698042 
0.40429 1.352 -0.813342 
1.57526 0.0171004 2.12357 
1.18922 2.36267 -0.390035 
0.550197 -0.626788 1.35222 
0.312433 2.35148 -0.856818 
0.553762 2.38958 0.128469 
1.56944 -0.543891 1.39099 
-0.165072 0.629617 2.69347 
0.182179 1.54185 0.140699 
0.844556 0.0242408 2.40037 
-0.1492 -0.389371 2.96031 
1.55291 -0.968304 1.95496 
-0.142058 0.615221 3.25127 
0.259806 1.60227 0.0854575 
1.20762 1.8707 0.160445 
0.546821 0.0856966 1.85943 
1.23541 1.34998 -0.606432 
1.18238 2.37149 0.168993 
-0.178987 0.12777 2.19251 
0.16282 1.3261 -0.0935704 
1.07946 -0.942406 1.3805 
0.570595 -0.94441 2.02643 
1.2043 1.58528 0.142529 
0.206871 2.12964 -0.853868 
1.26602 1.383 -0.702364 
1.24041 1.36246 -0.431928 
0.348942 -0.37471 3.2556 
0.214717 1.727 -0.839077 
0.843283 0.16298 2.26061 
1.23871 2.36644 0.00744054 
0.565847 -0.615712 2.36748 
0.23814 2.07224 -0.883451 
0.204427 2.34812 0.0800772 
1.24677 1.48548 0.138549 
0.604411 2.38289 0.137319 
0.22165 2.20163 0.126449 
1.19323 2.36759 -0.3792 
1.55393 -0.95876 1.86203 
1.54126 -0.93926 1.76057 
1.17165 1.83941 0.170864 
0.190001 1.69118 -0.830221 
0.204192 1.41361 -0.817699 
0.242827 2.36796 -0.891446 
0.450707 1.36445 -0.891008 
0.189509 1.3255 -0.713365 
0.232242 1.36383 0.14932 
1.55791 0.0490268 1.46765 
1.16774 1.33566 0.214205 
0.217735 2.36599 -0.846519 
-0.174573 -0.0551916 3.26091 
0.288854 2.36965 -0.838647 
0.206687 2.36312 0.092844 
0.231711 1.98345 0.123002 
1.24527 1.39694 -0.338712 
0.561267 -0.412479 2.38283 
0.587116 0.0388329 1.51474 
1.57118 0.0452652 1.44712 
1.23958 2.11378 -0.870981 
1.06288 0.0270539 2.37147 
1.39674 -0.949836 1.3859 
