-2.18423 -1.47125 -0.348272 
-2.16686 -1.48965 -0.346254 
-2.80663 -1.45907 -1.36839 
-2.18397 -1.49011 -1.32806 
-2.94534 -0.86609 -0.358014 
-1.9454 -0.728972 -1.35891 
-2.7538 -0.48075 -0.337469 
-1.9705 -1.24677 -1.34357 
-2.94849 -0.792234 -0.349755 
-2.94897 -0.753893 -1.35133 
-2.16109 -0.536696 -0.32205 
-1.96959 -1.09916 -1.34959 
-2.82576 -1.50502 -1.34915 
-1.93087 -1.10227 -1.36329 
-2.92337 -1.34041 -0.355852 
-2.24108 -1.51005 -1.34964 
-2.42152 -0.501787 -0.334796 
-2.44704 -1.45501 -1.37161 
-1.95098 -1.47817 -1.09887 
-1.93321 -0.844856 -0.35598 
-2.9728 -0.492755 -1.03127 
-1.94997 -0.745102 -0.334259 
