1.9569 -0.173662 1.8735 
0.177274 0.151894 1.99963 
1.07248 -1.1672 2.6207 
2.07986 -0.703591 1.87518 
2.05804 -1.15228 1.88989 
1.08133 -0.194502 1.94135 
2.07634 -1.18538 2.49861 
1.07092 -1.1797 1.87924 
1.89014 -0.160141 1.82685 
2.07504 -0.677188 1.8742 
1.68749 -0.182444 1.86144 
1.52807 -1.18708 1.89729 
1.59872 -1.17967 1.81969 
2.08416 -1.15827 2.72648 
2.09192 -0.181736 2.7338 
1.77835 -0.193247 2.88314 
1.37699 -0.188299 2.87877 
2.08399 -0.636046 1.84807 
2.06027 -0.271865 1.86252 
1.05523 -1.19955 2.78187 
1.97488 -1.18217 1.85958 
2.08217 -0.439256 2.86267 
1.50606 -1.16662 2.85753 
2.0653 -1.19179 2.7089 
1.07774 -1.16988 2.04826 
1.0775 -0.409784 2.8537 
2.08451 -1.14556 2.86615 
2.07975 -1.19206 2.79956 
1.07351 -0.195975 2.85176 
1.06136 -0.846904 2.86386 
2.08748 -1.17559 2.4835 
1.06971 -0.17213 2.42106 
2.07272 -1.17543 2.2826 
2.08088 -0.83766 2.88326 
