-3.0152 -0.884441 0.449154 
-3.04326 -1.84453 0.917383 
-3.04782 -0.828456 1.10151 
-4.1015 -0.868346 1.39979 
-3.07866 -0.881798 0.698938 
-4.0381 -1.85888 1.37698 
-3.11644 -1.16256 0.406932 
-4.06625 -1.87105 1.23574 
-4.03809 -1.82344 0.356498 
-4.01411 -1.8347 0.360475 
-3.9728 -1.61464 1.31941 
-4.01199 -1.79805 0.403377 
-3.24909 -0.838185 1.39211 
-2.99846 -0.906124 1.25488 
-3.39507 -1.84961 0.39886 
-3.09461 -1.84961 1.00104 
-4.06993 -1.42798 1.38759 
-4.07723 -1.82543 1.24586 
-4.0434 -1.20057 1.36304 
-3.37211 -0.877265 0.35868 
-3.28145 -0.854507 0.336596 
-3.11132 -1.84095 0.5099 
-3.24851 -0.8531 0.382269 
-3.01108 -1.82408 1.33481 
-4.11039 -1.11752 1.39416 
-3.07574 -0.894373 0.344871 
-3.10382 -1.31708 0.379395 
-4.06174 -1.869 0.437518 
-3.11575 -1.11861 0.380361 
-4.07752 -1.62476 1.37611 
-3.04957 -1.89156 1.16135 
-3.04135 -1.02796 1.36447 
-3.10913 -1.77773 0.402087 
-4.10801 -1.37518 0.401163 
-3.49605 -0.847874 0.389698 
-3.02321 -0.856035 0.761311 
-4.08499 -0.925733 1.38811 
-3.01795 -0.878552 0.868014 
-3.71802 -0.888134 0.333969 
-4.0779 -0.842786 0.526864 
-3.08093 -0.844031 0.487614 
-4.15105 -1.59404 1.4326 
-4.00757 -1.85883 0.315191 
-4.16035 -1.79269 0.644193 
-3.563 -1.8436 0.414648 
-2.99606 -0.958608 1.34189 
-3.10755 -0.818225 1.20784 
-4.04518 -1.86418 0.425263 
-4.10827 -1.10966 1.3933 
-4.11452 -1.81315 1.03049 
-3.12469 -1.56899 1.39 
-3.10572 -1.55789 0.388954 
-4.08964 -1.85511 0.795525 
-3.1201 -1.83444 1.4015 
-3.97289 -0.850409 1.36073 
-3.10512 -1.70286 0.434652 
-3.83155 -0.859019 1.35419 
-4.14584 -0.845344 0.602412 
-3.04321 -1.8984 0.98299 
-3.06918 -0.879994 1.35169 
-4.0729 -0.875792 1.30836 
-4.16505 -1.22314 1.42564 
-4.11226 -1.35413 1.39096 
-3.13554 -1.75417 1.39456 
-3.29002 -0.82018 0.374805 
-3.11318 -0.81658 0.972754 
-3.03473 -1.87649 0.52724 
-3.03918 -1.86949 0.517505 
-3.06853 -1.66328 0.393925 
-4.06006 -1.47545 1.34912 
-3.17258 -0.826327 1.39714 
-3.09072 -0.843324 0.467265 
-4.13298 -0.821165 1.393 
-3.13566 -1.82321 0.718808 
-4.20251 -1.72011 0.479389 
-4.06358 -1.85699 0.855942 
-3.15013 -0.858432 0.346982 
-3.01174 -1.35577 1.34243 
-3.14318 -1.86395 1.3726 
-3.08302 -0.850207 1.05558 
-3.32056 -0.771596 1.48865 
-3.145 -1.8236 1.42593 
-4.0196 -1.52439 1.33155 
-3.12569 -1.82416 0.942147 
-3.09907 -1.65166 0.41228 
-4.11605 -1.1442 1.41628 
-3.08878 -1.80639 0.882579 
-4.04855 -0.841245 0.902058 
-3.05801 -0.845689 1.0776 
-3.64875 -0.823361 0.39772 
-3.07413 -1.84058 0.453048 
-3.82521 -0.879878 0.380927 
-3.04876 -1.79363 1.35113 
-3.05973 -1.0471 0.376261 
-3.30372 -0.884502 0.319797 
-3.02372 -1.89353 0.599811 
-3.04005 -1.37995 0.325403 
-3.29468 -0.885437 1.35755 
-4.11319 -0.836111 1.09895 
-3.68259 -1.85011 0.37301 
-3.01286 -1.89451 0.830642 
-3.99972 -0.960198 1.31967 
-4.14197 -1.82055 1.33889 
-3.50916 -0.878791 1.3634 
-3.05969 -0.862648 1.07096 
-3.72053 -1.85197 0.384502 
-3.08977 -1.81263 0.736639 
-3.67543 -0.894361 1.32912 
-3.73012 -1.81784 1.3963 
-4.13449 -0.817803 1.08327 
-3.08844 -0.848064 1.36458 
-3.07214 -1.84244 1.39571 
-3.40287 -0.889577 0.339889 
-3.07602 -1.60259 1.35712 
-3.37803 -0.89197 0.36966 
-3.05732 -1.85108 1.37999 
-3.04579 -1.8776 0.608482 
-3.02543 -1.45875 1.34143 
-3.58035 -1.87115 1.39934 
-4.05605 -0.871246 0.449555 
-3.12539 -1.42214 1.4057 
-4.1412 -1.81629 1.4099 
-3.45532 -1.87753 0.359502 
-3.60767 -1.84317 0.380397 
-3.43981 -1.81102 0.417831 
-4.05582 -0.87346 0.497864 
-4.05042 -1.38479 0.37147 
-4.10462 -0.828263 0.881879 
-3.30753 -1.87603 0.341794 
-3.04866 -1.86616 1.3655 
-3.0765 -1.05341 1.37691 
-3.06397 -1.24368 1.38745 
-2.9739 -1.20649 1.31749 
-4.11733 -1.82364 0.858265 
-4.01636 -1.23186 0.360825 
-3.01599 -1.83435 1.32592 
-3.04062 -1.87977 1.32573 
-3.02971 -0.863237 0.602229 
-4.11271 -0.821221 0.441032 
-3.12497 -0.867335 1.40197 
-4.06943 -1.15063 0.389429 
-3.66233 -0.839892 0.37346 
-4.03134 -0.84198 0.408478 
-4.08009 -1.85236 0.756116 
-3.75117 -1.87582 0.388751 
-3.90014 -1.85202 0.360729 
-4.10201 -1.04955 0.39405 
-4.10592 -0.849326 1.05904 
-3.30472 -0.883865 0.347988 
-3.11952 -1.82019 1.23251 
-4.03191 -1.09859 1.33547 
-4.00008 -1.70093 1.32565 
-4.08058 -0.829175 0.386601 
-3.05474 -1.46187 0.336774 
-3.07631 -1.56904 0.388059 
-4.1001 -1.25012 1.4112 
-4.08977 -1.00893 1.36524 
-3.85015 -1.80596 1.43457 
-3.60142 -0.868372 1.35896 
-4.09392 -0.830397 1.02638 
-3.96606 -1.84825 1.36859 
-3.05288 -1.58868 0.366193 
-3.33897 -1.85363 1.37187 
-4.11629 -1.37752 1.40842 
