1 -1.47585 0.435809 
1 6.08937 -1.67842 
1 5.02332 -0.901315 
1 -0.40185 -1.52871 
1 -2.54669 1.65228 
1 2.0282 -0.327534 
1 5.15769 -1.0055 
1 -0.0952034 -1.38864 
1 7.84554 -3.73805 
1 7.65236 -2.82103 
1 9.09267 -3.90297 
1 6.62798 -2.08008 
1 6.03756 -2.01733 
1 6.98503 -2.39308 
1 7.17144 -3.04877 
1 7.05114 -2.38248 
1 -0.102047 -1.40486 
1 5.79278 -1.60646 
1 7.25109 -3.20814 
1 5.46722 -1.19713 
1 5.51666 -1.42177 
1 7.90168 -2.9822 
1 -0.652691 -1.63648 
1 7.62106 -2.79653 
1 6.73899 -2.19992 
1 2.19397 -0.256048 
1 -0.367966 -1.53109 
1 5.93228 -1.5489 
