1 8.44994 2.8248 
1 -1.67235 -2.1628 
1 3.88899 -0.0492629 
1 0.861623 -0.91483 
1 -1.14707 -1.90622 
1 3.33235 0.786695 
1 7.44117 2.33602 
1 -2.74014 -2.66526 
1 2.89766 0.0856186 
1 -5.30627 -3.94722 
1 0.606723 -1.04368 
1 7.39317 2.29874 
1 -3.03778 -2.82242 
1 -6.08916 -4.37202 
1 -4.90983 -3.76674 
1 4.1923 -0.0846256 
1 -7.7346 -5.18949 
1 -5.42494 -4.03703 
1 -1.54654 -2.08602 
1 5.30991 1.2894 
1 2.40597 -0.155416 
1 -1.91621 -2.29149 
1 3.14078 0.19452 
1 3.0065 1.10597 
1 1.83101 -0.450632 
1 -0.286631 -1.47815 
1 6.96602 2.13199 
1 -7.24574 -4.92348 
1 -4.01624 -3.32396 
1 4.69185 0.970122 
1 -6.99798 -4.78403 
1 -3.98005 -3.30448 
1 3.11991 1.03582 
1 -0.145097 -1.40837 
1 4.45395 -0.534841 
1 -0.2493 -1.4582 
1 -6.62984 -4.64683 
1 -3.28704 -2.98783 
1 -1.3239 -1.99794 
1 4.82744 1.03147 
1 0.312451 -1.178 
1 5.0852 1.16729 
1 -1.49507 -2.0708 
1 7.9708 2.60748 
1 -4.80114 -3.71465 
1 1.09147 -0.799568 
1 -0.368471 -1.53594 
1 0.0108432 -1.33965 
1 -0.198211 -1.45139 
1 4.66799 0.979165 
1 -2.52515 -2.57713 
1 -3.47825 -3.05555 
1 -2.12208 -2.4165 
1 -1.74335 -2.20856 
1 7.83772 2.54625 
1 1.39091 -0.662061 
1 1.23031 -0.751866 
1 6.65582 1.94319 
1 6.9822 2.11046 
1 3.74873 0.343614 
1 -3.85808 -3.24487 
1 4.92086 1.09871 
1 -5.39575 -4.01692 
1 8.67774 2.95118 
1 -7.74853 -5.18054 
1 -7.97458 -5.3043 
1 -2.43411 -2.56294 
1 6.3395 1.78088 
1 -5.96908 -4.29937 
1 7.74366 2.47113 
1 9.2375 3.22237 
1 -6.97791 -4.81181 
1 -3.04363 -2.8319 
1 -2.92012 -2.80309 
1 -0.743659 -1.68174 
1 -0.928576 -1.78495 
1 8.19409 2.70879 
1 -2.47016 -2.5667 
1 9.24444 3.22478 
1 5.68202 1.46791 
1 -6.28616 -4.43604 
1 5.25769 1.25704 
1 8.75476 2.99346 
1 -0.71732 -1.7034 
1 -7.76377 -5.16317 
1 6.18481 1.68708 
1 7.0073 2.11596 
1 -2.72592 -2.71319 
1 -5.81787 -4.19889 
1 0.528688 -1.06835 
1 9.8748 3.53112 
1 -6.53247 -4.60488 
1 -0.765078 -1.7099 
1 -3.58215 -3.12911 
1 -6.46821 -4.52586 
1 -3.2042 -2.93929 
1 7.27895 2.27451 
1 -1.37643 -2.01995 
1 -7.70031 -5.17709 
1 4.53686 -0.373401 
1 -4.38665 -3.49916 
1 -3.02148 -2.8524 
1 5.74027 1.50954 
1 -4.36218 -3.49045 
1 -7.00375 -4.79633 
1 -6.70833 -4.65739 
1 4.00754 0.666181 
1 8.30551 2.79006 
1 6.08835 1.67194 
1 0.560243 -1.06371 
1 0.86993 -0.892465 
1 3.22984 0.878327 
1 1.84555 1.42451 
1 -4.44228 -3.56902 
1 8.85214 3.04179 
1 3.51065 0.368545 
1 -5.16579 -3.90152 
1 5.11011 1.16268 
1 2.57908 0.904891 
1 -6.05651 -4.3466 
1 -7.49892 -5.04028 
1 -0.0831285 -1.40212 
1 9.51817 3.39569 
1 4.45309 -0.312166 
1 4.78352 1.00865 
1 -1.16589 -1.9242 
1 -1.92776 -2.32136 
1 7.2443 2.25868 
1 3.53433 0.403807 
