1 8.43426 -4.29884 
1 -3.5712 5.40168 
1 -3.06073 7.08315 
1 -3.24902 5.16436 
1 2.21327 1.88229 
1 -4.15593 8.26976 
1 -4.86289 9.00835 
1 -0.327736 4.40465 
1 -4.67373 8.73616 
1 4.07188 0.661247 
1 3.11991 1.03582 
1 -0.606919 4.68195 
1 -1.46084 5.57457 
1 4.05014 0.67403 
1 9.14725 -5.02828 
1 0.480068 3.65193 
1 1.85115 2.24232 
1 -1.54747 9.37745 
1 -4.23366 8.33958 
1 -4.82467 8.91933 
1 -4.8717 8.97564 
1 -3.13809 7.2151 
1 -0.810169 3.3882 
1 7.17144 -3.04877 
1 5.30537 -1.24463 
1 -0.130131 3.89016 
1 4.91191 -0.827645 
1 -1.16766 3.67573 
1 -0.653763 4.70565 
1 9.09984 -5.06107 
1 5.61336 -1.5477 
1 -0.694857 4.74504 
1 -1.1828 5.25181 
1 -1.54554 5.62156 
1 -2.26063 6.42659 
1 -1.70811 9.95218 
1 1.17828 1.90933 
1 2.25074 1.86665 
1 2.57908 0.904891 
1 -0.361067 3.06833 
1 -0.112592 4.28199 
