1 -1.47585 0.435809 
1 6.08937 -1.67842 
1 5.02332 -0.901315 
1 -0.40185 -1.52871 
1 -2.54669 1.65228 
1 5.15769 -1.0055 
1 -0.145097 -1.40837 
1 4.45395 -0.534841 
1 7.84554 -3.73805 
1 -1.74335 -2.20856 
1 1.39091 -0.662061 
1 7.65236 -2.82103 
1 9.09267 -3.90297 
1 6.62798 -2.08008 
1 6.03756 -2.01733 
1 6.98503 -2.39308 
1 -0.928576 -1.78495 
1 7.05114 -2.38248 
1 5.79278 -1.60646 
1 7.25109 -3.20814 
1 5.46722 -1.19713 
1 -0.765078 -1.7099 
1 5.51666 -1.42177 
1 7.90168 -2.9822 
1 7.62106 -2.79653 
1 6.73899 -2.19992 
1 2.19397 -0.256048 
1 -0.0831285 -1.40212 
1 8.53192 -4.39043 
1 5.93228 -1.5489 
