1 4.14949 2.67387 
1 -10.2364 -6.8197 
1 -8.22685 -5.49427 
1 3.93347 2.54496 
1 -3.30471 -2.25257 
1 -6.55807 -4.38359 
1 0.780469 0.454757 
1 -5.34315 -3.60923 
1 0.604653 0.325338 
1 -2.64633 -2.11025 
1 -5.679 -3.67053 
1 -0.842043 -0.639809 
1 -5.39986 -3.62489 
1 -1.5856 -1.10133 
1 1.44263 0.882137 
1 0.933892 0.568674 
1 -0.470434 -0.354981 
1 5.9086 3.81213 
1 -5.23543 -3.20117 
1 -3.55078 -2.41168 
1 5.15022 3.3378 
1 5.4276 3.52323 
1 -5.7569 -3.76585 
1 -4.18933 -2.03483 
1 -9.21284 -6.12939 
1 -5.8111 -3.8974 
1 2.69328 1.72403 
1 4.58933 2.98167 
1 5.75787 3.74558 
1 -7.99745 -5.33987 
1 0.352214 0.169644 
1 3.02191 1.94436 
1 -3.43483 -2.32286 
1 1.07366 0.631502 
1 -3.29324 -2.2547 
1 -3.65521 -2.47012 
1 -9.20379 -6.14164 
1 1.77552 1.11857 
1 -9.33551 -6.20313 
1 -4.91806 -3.30302 
1 -6.77381 -4.92747 
1 -5.54039 -3.72742 
1 -0.289781 -0.259988 
1 -1.85548 -1.2739 
1 -5.50072 -3.682 
1 -0.601165 -0.460454 
1 -4.23547 -2.83759 
1 -4.16848 -2.81491 
1 -3.013 -2.03575 
1 -5.92231 -3.9744 
1 -1.14834 -0.837606 
1 -6.50545 -4.34994 
1 -5.12531 -3.4306 
1 -6.92107 -5.09701 
1 -6.1413 -4.1155 
1 -5.94261 -3.96705 
1 -7.63551 -5.09569 
1 -4.23632 -2.86133 
1 -1.69327 -1.1814 
1 -4.67545 -2.58084 
1 -1.7915 -1.24834 
1 -5.7091 -3.71831 
1 2.33246 1.44448 
1 -0.0133934 -0.0682866 
1 -2.39276 -1.65949 
1 -5.54983 -3.55657 
1 -0.185368 -0.204192 
1 0.897397 0.525403 
1 -4.39713 -2.98024 
1 -2.2844 -1.56295 
1 -7.73136 -5.15809 
1 -1.63133 -1.13455 
1 3.72903 2.41791 
1 -9.5124 -6.34051 
1 -8.59372 -5.7329 
1 5.48934 3.57639 
1 -7.03154 -5.21208 
1 -3.32788 -2.24145 
1 5.77271 3.76665 
1 -0.351721 -0.298265 
1 2.0016 1.26175 
1 -7.91439 -6.20372 
1 2.58878 1.64801 
1 5.01926 3.26838 
1 -6.40721 -4.49832 
1 -3.89342 -2.61699 
1 -5.48867 -3.5123 
1 -6.72992 -4.86241 
1 -4.66525 -3.13419 
1 2.57024 1.64587 
1 2.46706 1.56677 
1 -0.186849 -0.168798 
1 -4.09413 -1.93162 
1 -3.23682 -2.20912 
1 -5.0568 -3.39736 
1 -7.36956 -4.93271 
1 4.66996 3.02115 
1 -4.85264 -3.23953 
1 -7.7171 -5.16646 
1 -0.570683 -0.438629 
1 -3.25875 -5.79168 
1 3.82929 2.46215 
1 2.51512 1.59984 
1 0.766657 0.448086 
1 3.30509 2.12745 
1 -2.70528 -1.85679 
1 5.90693 3.83131 
1 1.96175 1.21331 
1 3.16706 2.0336 
1 1.30443 0.805291 
1 1.98434 1.25435 
1 -0.13886 -0.152249 
1 -6.01484 -4.08238 
1 1.96096 1.23577 
1 -0.771163 -0.571365 
1 1.33916 0.835149 
1 2.14261 1.36043 
1 -5.4254 -3.43463 
1 5.64996 3.67008 
1 2.12155 1.33013 
1 4.28373 2.76423 
1 2.82968 1.79674 
1 5.87403 3.82876 
1 0.590365 0.35745 
1 -5.92595 -3.98002 
1 3.58633 2.30218 
1 4.92661 3.18959 
1 -8.72822 -7.11992 
1 -3.33778 -2.26666 
1 4.83376 3.14058 
