1 -1.7778 0.696692 
1 -7.6985 -5.15387 
1 -2.12911 0.306781 
1 -1.77595 0.683092 
1 -9.23572 -6.15053 
1 -3.56175 -1.30908 
1 -4.1783 -2.02478 
1 -0.600068 1.99869 
1 -7.99761 -5.33311 
1 -7.10594 -5.30585 
1 -6.55764 -4.40401 
1 0.968386 3.75987 
1 1.46571 4.29532 
1 2.22758 5.16388 
1 -1.11853 1.43115 
1 -3.35061 -1.09746 
1 -5.03806 -2.98612 
1 2.19301 5.17228 
1 -2.45783 -0.0937793 
1 -6.88801 -5.05218 
1 2.96095 5.99577 
1 -3.36649 -1.11101 
1 -6.38453 -4.25758 
1 -9.81004 -8.332 
1 -4.58101 -2.46763 
1 2.2725 5.15753 
1 -0.746078 1.85512 
1 -1.3289 1.1984 
1 0.525222 3.27647 
1 1.73117 4.59317 
1 1.90621 4.79945 
1 -8.00605 -5.34822 
1 -8.0829 -5.41935 
1 -9.51317 -7.96786 
1 -1.64732 0.8475 
1 -2.17711 0.243745 
1 -9.84262 -8.38033 
1 -5.33733 -3.58125 
1 -7.07537 -4.73239 
1 -9.89016 -8.41895 
1 -0.429161 2.18526 
1 -0.831982 1.75221 
1 -6.20181 -4.27276 
1 -0.180553 2.45818 
1 0.765159 3.52818 
1 -2.66972 -0.309244 
1 3.18666 6.24857 
1 -2.27243 0.0990711 
1 -9.7013 -8.18318 
1 -8.72394 -7.13003 
1 -0.884859 1.67963 
1 2.32749 5.2522 
1 -6.45896 -4.56112 
1 -8.39359 -5.59341 
1 -0.987583 1.58437 
1 -6.00611 -4.03235 
1 -7.5809 -5.0599 
1 -4.36078 -2.22925 
1 3.12515 6.16972 
1 -2.74757 -0.427975 
1 -8.13872 -6.46171 
1 -8.01412 -6.31285 
1 -5.4661 -3.43751 
1 -2.11305 0.318031 
1 -9.01607 -7.43631 
1 -4.92113 -2.84583 
