1 -1.7778 0.696692 
1 -1.77595 0.683092 
1 -9.23572 -6.15053 
1 -3.56175 -1.30908 
1 -0.600068 1.99869 
1 0.968386 3.75987 
1 1.46571 4.29532 
1 2.22758 5.16388 
1 -3.55078 -2.41168 
1 -1.11853 1.43115 
1 -5.7569 -3.76585 
1 -5.03806 -2.98612 
1 2.19301 5.17228 
1 -2.45783 -0.0937793 
1 -9.20379 -6.14164 
1 -4.91806 -3.30302 
1 2.96095 5.99577 
1 -3.36649 -1.11101 
1 -9.81004 -8.332 
1 -5.50072 -3.682 
1 -4.58101 -2.46763 
1 2.2725 5.15753 
1 -4.23547 -2.83759 
1 -0.746078 1.85512 
1 -3.013 -2.03575 
1 -5.92231 -3.9744 
1 -6.1413 -4.1155 
1 -1.3289 1.1984 
1 -5.94261 -3.96705 
1 0.525222 3.27647 
1 1.73117 4.59317 
1 1.90621 4.79945 
1 -4.67545 -2.58084 
1 -9.51317 -7.96786 
1 -2.17711 0.243745 
1 -7.73136 -5.15809 
1 -9.89016 -8.41895 
1 -0.429161 2.18526 
1 -0.831982 1.75221 
1 -9.5124 -6.34051 
1 -0.180553 2.45818 
1 0.765159 3.52818 
1 -7.91439 -6.20372 
1 3.18666 6.24857 
1 -4.09413 -1.93162 
1 -2.27243 0.0990711 
1 -5.0568 -3.39736 
1 -9.7013 -8.18318 
1 -7.36956 -4.93271 
1 -8.72394 -7.13003 
1 -0.884859 1.67963 
1 2.32749 5.2522 
1 -0.987583 1.58437 
1 -6.00611 -4.03235 
1 -7.5809 -5.0599 
1 -4.36078 -2.22925 
1 3.12515 6.16972 
1 -2.74757 -0.427975 
1 -5.92595 -3.98002 
1 -8.72822 -7.11992 
