-2.59776	-0.597642	-1.15388	 0
-2.5562	-0.891774	-0.12567	 0
1.12652	-1.0706	1.64035	 1
0.138951	1.24646	-0.275328	 1
0.812369	-0.239978	1.17101	 1
0.111533	-0.285299	0.92067	 1
1.40486	-0.214677	1.13686	 1
-1.91876	1.90392	1.01177	 1
0.409714	-0.102235	1.87493	 1
0.808376	-1.08138	0.916351	 1
1.11488	-0.632848	1.92251	 1
1.09331	-0.176425	0.924851	 1
0.0994709	-0.862107	1.93377	 1
-1.53032	-1.33176	-0.509539	 1
0.104307	-1.06744	1.73604	 1
0.322982	-0.0899964	0.922026	 1
0.985883	-1.07762	0.907819	 1
1.01678	-0.0938378	1.92542	 1
0.101437	-1.07237	0.981096	 1
1.09999	-0.948865	0.933027	 1
0.112049	-0.229911	1.92004	 1
1.76681	-0.240657	0.173535	 1
0.32522	-0.0863131	0.919788	 1
1.09885	-0.214021	1.14021	 1
1.11023	-0.0994654	1.75932	 1
0.953982	-0.0697498	0.960199	 1
1.91858	1.26503	-1.37565	 1
0.118976	-1.09419	0.932857	 1
1.74304	-0.211397	0.861265	 1
1.10128	-0.566893	1.95068	 1
0.985494	-1.09029	0.916862	 1
0.133224	-1.06903	1.01247	 1
-0.52574	2.60204	-1.52835	 1
0.0999625	-0.455133	1.90817	 1
1.6544	1.99095	-1.37043	 1
0.090965	-0.0981441	0.941704	 1
1.51067	0.774274	0.186398	 1
0.272282	-1.09542	1.93894	 1
1.71663	-0.223547	0.950381	 1
1.09204	-0.409514	1.92261	 1
0.918047	-0.0862784	1.92785	 1
0.58519	-1.08282	1.95277	 1
0.751834	0.771929	0.942797	 1
1.10962	-1.0684	1.38191	 1
0.181396	-0.0918372	0.936298	 1
1.5811	-0.245486	1.17513	 1
1.28149	-0.223072	0.169018	 1
0.931836	0.780802	1.1709	 1
1.11631	-0.645402	1.90913	 1
0.851192	-0.231362	1.16892	 1
-0.249962	1.83064	-0.296405	 1
0.10454	-0.684684	1.91033	 1
1.11714	-1.09996	1.27166	 1
0.0914534	-0.0790806	1.09209	 1
0.0936753	-1.08784	1.02047	 1
0.615348	-1.09233	1.92807	 1
0.0976231	-0.730542	1.91763	 1
0.113226	-0.064798	1.92831	 1
1.23481	0.777724	1.165	 1
0.0937272	-1.0879	1.49851	 1
0.897854	-0.085173	0.939925	 1
0.103918	-0.086313	1.28586	 1
0.72415	0.364165	1.14848	 1
1.33965	0.771176	1.16497	 1
1.11	-1.08137	1.02723	 1
1.11114	-0.799415	1.918	 1
1.08374	-0.73713	0.895367	 1
0.163131	-0.0834177	0.928621	 1
-0.559522	1.80177	-0.632014	 1
0.120388	-0.388307	1.944	 1
0.948325	-0.101696	1.9114	 1
0.103335	-0.446531	1.90438	 1
1.11608	-0.0719639	1.15288	 1
1.09828	-0.0887343	1.86479	 1
0.0916728	-0.422187	0.882368	 1
-0.509141	1.77824	-1.39363	 1
1.72116	0.786978	0.140071	 1
1.10985	-0.116505	1.94102	 1
0.100579	-1.09858	1.58288	 1
1.09402	-1.09157	1.29559	 1
0.757777	0.774737	0.985026	 1
-0.853833	1.82601	-0.757469	 1
-1.55472	-0.373837	-0.972413	 1
0.761708	0.620767	0.166253	 1
0.952657	-1.07918	1.91243	 1
0.263429	-0.070129	1.97816	 1
0.765119	-0.231545	0.61951	 1
1.25742	-0.227546	0.163461	 1
1.09325	-0.0825178	1.8347	 1
1.10323	-0.532008	0.926341	 1
0.103444	-0.0988517	1.23411	 1
1.11251	-0.0827644	1.02288	 1
1.14914	-0.238897	1.14971	 1
0.100487	-1.10553	0.923522	 1
0.751243	0.763671	1.13816	 1
2.00573	2.34197	-1.35301	 1
0.106836	-0.0943397	1.28901	 1
-1.82339	0.898248	2.04237	 1
0.776768	0.650541	1.20113	 1
1.74866	-0.234564	0.164359	 1
1.08671	-0.112433	1.18359	 1
1.08513	-1.09121	1.45136	 1
0.776042	0.291368	1.15791	 1
0.787542	-0.231495	1.17123	 1
1.10408	-1.08586	1.04609	 1
0.325108	-0.0662267	1.93178	 1
1.11731	-0.887453	1.90647	 1
0.100548	-0.092135	1.48072	 1
0.112129	-1.07003	1.78641	 1
1.80827	-0.238507	1.00505	 1
1.08649	-0.0993516	1.53447	 1
0.0960675	-0.0703891	1.42077	 1
1.09225	-0.81143	1.88662	 1
0.0981868	-0.432323	0.919501	 1
1.72974	2.25411	-0.366951	 1
0.156584	-1.0923	1.90579	 1
1.10409	-0.480193	0.915933	 1
0.106575	-1.0858	1.55194	 1
0.120846	-0.351471	0.943645	 1
-0.876074	1.7757	-0.543402	 1
1.12375	-0.944895	0.912183	 1
0.115313	-1.07986	0.978082	 1
0.123199	-0.846456	0.956368	 1
1.09239	-1.0008	0.911797	 1
-0.851493	1.23175	-0.297046	 1
0.107765	-0.100864	0.919018	 1
1.74706	-0.232523	0.831329	 1
0.122453	-0.689488	1.91399	 1
-0.965004	3.98893	2.72289	 2
-0.94881	3.90855	3.20208	 2
-2.01583	4.04638	3.11359	 2
-0.957764	2.97732	3.14234	 2
-1.51731	2.17242	-0.538782	 2
-1.99627	3.72911	3.24764	 2
-1.99819	3.60548	2.26447	 2
-0.996884	3.83085	2.26567	 2
-1.97648	3.00565	2.89945	 2
-2.0104	3.03411	2.45485	 2
-1.0102	3.63508	3.24449	 2
-1.735	2.93959	2.15917	 2
-0.980883	3.18925	3.22993	 2
-2.5189	1.90628	0.985474	 2
-0.951719	2.95724	2.29179	 2
-0.987028	3.51864	2.21704	 2
-1.99689	3.7951	2.25435	 2
-1.09297	3.03753	2.27165	 2
-1.99513	4.01042	2.41513	 2
-1.01191	3.04449	3.13808	 2
-0.971102	3.999	2.94217	 2
-1.98163	2.97174	2.38748	 2
-1.83738	4.03528	2.33571	 2
-2.04801	3.48121	3.33439	 2
-1.23822	3.03649	2.20716	 2
-0.972894	3.50564	3.20693	 2
-1.01458	3.1086	2.29791	 2
-1.01375	3.1075	3.30468	 2
-1.70977	4.03102	2.22242	 2
-1.93926	3.67073	3.15784	 2
-1.99713	3.25965	3.28407	 2
-1.98943	3.03886	3.12286	 2
-2.00181	2.99009	2.48623	 2
-1.42324	2.99354	3.23116	 2
-0.998896	3.02306	2.8342	 2
-1.97385	3.68841	2.19274	 2
-1.03443	3.58198	3.33928	 2
-1.99952	3.29265	3.24843	 2
-1.04	4.06779	2.58859	 2
-1.30136	3.0476	2.28362	 2
-1.99296	3.71202	2.23516	 2
-2.02024	3.02631	2.54808	 2
-2.02152	3.92432	3.28326	 2
-1.00125	3.01295	2.36739	 2
-1.32255	2.98419	3.1881	 2
-1.54043	2.63952	-0.534079	 2
-1.99637	4.00849	2.35324	 2
-1.00818	2.98019	3.19803	 2
-1.72063	2.95698	2.11274	 2
-0.946175	2.9483	2.74281	 2
-1.53532	3.96967	3.19367	 2
-1.01747	3.42416	2.30068	 2
-1.88228	4.03308	2.21469	 2
-1.05641	3.94577	2.15978	 2
-1.96125	3.03264	2.2283	 2
-2.00451	3.23591	2.28824	 2
-1.00618	3.32912	2.29145	 2
-1.61674	3.00357	3.20029	 2
-1.44138	4.0396	3.19408	 2
-0.99549	3.34464	2.28696	 2
-2.01494	3.60679	3.32162	 2
-1.96199	3.63707	3.18814	 2
-1.84785	2.95714	3.10929	 2
-1.3041	3.93316	3.11768	 2
-1.98486	3.99569	2.23103	 2
-1.00186	4.00519	2.28179	 2
-1.4214	4.06884	2.32503	 2
-0.961164	3.96507	2.58164	 2
-0.997674	3.44146	2.26446	 2
-0.966099	3.9877	2.56915	 2
-0.970472	3.97221	2.84091	 2
-1.9854	3.34153	2.24443	 2
