-0.965004 3.98893 2.72289 
-0.94881 3.90855 3.20208 
-2.01583 4.04638 3.11359 
-0.957764 2.97732 3.14234 
-1.51731 2.17242 -0.538782 
-1.99627 3.72911 3.24764 
-1.99819 3.60548 2.26447 
-0.996884 3.83085 2.26567 
-1.97648 3.00565 2.89945 
-2.0104 3.03411 2.45485 
-1.0102 3.63508 3.24449 
-1.735 2.93959 2.15917 
-0.980883 3.18925 3.22993 
-2.5189 1.90628 0.985474 
-0.951719 2.95724 2.29179 
-0.987028 3.51864 2.21704 
-1.99689 3.7951 2.25435 
-1.09297 3.03753 2.27165 
-1.99513 4.01042 2.41513 
-1.01191 3.04449 3.13808 
-0.971102 3.999 2.94217 
-1.98163 2.97174 2.38748 
-1.83738 4.03528 2.33571 
-2.04801 3.48121 3.33439 
-1.23822 3.03649 2.20716 
-0.972894 3.50564 3.20693 
-1.01458 3.1086 2.29791 
-1.01375 3.1075 3.30468 
-1.70977 4.03102 2.22242 
-1.93926 3.67073 3.15784 
-1.99713 3.25965 3.28407 
-1.98943 3.03886 3.12286 
-2.00181 2.99009 2.48623 
-1.42324 2.99354 3.23116 
-0.998896 3.02306 2.8342 
-1.97385 3.68841 2.19274 
-1.03443 3.58198 3.33928 
-1.99952 3.29265 3.24843 
-1.04 4.06779 2.58859 
-1.30136 3.0476 2.28362 
-1.99296 3.71202 2.23516 
-2.02024 3.02631 2.54808 
-2.02152 3.92432 3.28326 
-1.00125 3.01295 2.36739 
-1.32255 2.98419 3.1881 
-1.54043 2.63952 -0.534079 
-1.99637 4.00849 2.35324 
-1.00818 2.98019 3.19803 
-1.72063 2.95698 2.11274 
-0.946175 2.9483 2.74281 
-1.53532 3.96967 3.19367 
-1.01747 3.42416 2.30068 
-1.88228 4.03308 2.21469 
-1.05641 3.94577 2.15978 
-1.96125 3.03264 2.2283 
-2.00451 3.23591 2.28824 
-1.00618 3.32912 2.29145 
-1.61674 3.00357 3.20029 
-1.44138 4.0396 3.19408 
-0.99549 3.34464 2.28696 
-2.01494 3.60679 3.32162 
-1.96199 3.63707 3.18814 
-1.84785 2.95714 3.10929 
-1.3041 3.93316 3.11768 
-1.98486 3.99569 2.23103 
-1.00186 4.00519 2.28179 
-1.4214 4.06884 2.32503 
-0.961164 3.96507 2.58164 
-0.997674 3.44146 2.26446 
-0.966099 3.9877 2.56915 
-0.970472 3.97221 2.84091 
-1.9854 3.34153 2.24443 
