1.12652 -1.0706 1.64035 
0.138951 1.24646 -0.275328 
0.812369 -0.239978 1.17101 
0.111533 -0.285299 0.92067 
1.40486 -0.214677 1.13686 
-1.91876 1.90392 1.01177 
0.409714 -0.102235 1.87493 
0.808376 -1.08138 0.916351 
1.11488 -0.632848 1.92251 
1.09331 -0.176425 0.924851 
0.0994709 -0.862107 1.93377 
-1.53032 -1.33176 -0.509539 
0.104307 -1.06744 1.73604 
0.322982 -0.0899964 0.922026 
0.985883 -1.07762 0.907819 
1.01678 -0.0938378 1.92542 
0.101437 -1.07237 0.981096 
1.09999 -0.948865 0.933027 
0.112049 -0.229911 1.92004 
1.76681 -0.240657 0.173535 
0.32522 -0.0863131 0.919788 
1.09885 -0.214021 1.14021 
1.11023 -0.0994654 1.75932 
0.953982 -0.0697498 0.960199 
1.91858 1.26503 -1.37565 
0.118976 -1.09419 0.932857 
1.74304 -0.211397 0.861265 
1.10128 -0.566893 1.95068 
0.985494 -1.09029 0.916862 
0.133224 -1.06903 1.01247 
-0.52574 2.60204 -1.52835 
0.0999625 -0.455133 1.90817 
1.6544 1.99095 -1.37043 
0.090965 -0.0981441 0.941704 
1.51067 0.774274 0.186398 
0.272282 -1.09542 1.93894 
1.71663 -0.223547 0.950381 
1.09204 -0.409514 1.92261 
0.918047 -0.0862784 1.92785 
0.58519 -1.08282 1.95277 
0.751834 0.771929 0.942797 
1.10962 -1.0684 1.38191 
0.181396 -0.0918372 0.936298 
1.5811 -0.245486 1.17513 
1.28149 -0.223072 0.169018 
0.931836 0.780802 1.1709 
1.11631 -0.645402 1.90913 
0.851192 -0.231362 1.16892 
-0.249962 1.83064 -0.296405 
0.10454 -0.684684 1.91033 
1.11714 -1.09996 1.27166 
0.0914534 -0.0790806 1.09209 
0.0936753 -1.08784 1.02047 
0.615348 -1.09233 1.92807 
0.0976231 -0.730542 1.91763 
0.113226 -0.064798 1.92831 
1.23481 0.777724 1.165 
0.0937272 -1.0879 1.49851 
0.897854 -0.085173 0.939925 
0.103918 -0.086313 1.28586 
0.72415 0.364165 1.14848 
1.33965 0.771176 1.16497 
1.11 -1.08137 1.02723 
1.11114 -0.799415 1.918 
1.08374 -0.73713 0.895367 
0.163131 -0.0834177 0.928621 
-0.559522 1.80177 -0.632014 
0.120388 -0.388307 1.944 
0.948325 -0.101696 1.9114 
0.103335 -0.446531 1.90438 
1.11608 -0.0719639 1.15288 
1.09828 -0.0887343 1.86479 
0.0916728 -0.422187 0.882368 
-0.509141 1.77824 -1.39363 
1.72116 0.786978 0.140071 
1.10985 -0.116505 1.94102 
0.100579 -1.09858 1.58288 
1.09402 -1.09157 1.29559 
0.757777 0.774737 0.985026 
-0.853833 1.82601 -0.757469 
-1.55472 -0.373837 -0.972413 
0.761708 0.620767 0.166253 
0.952657 -1.07918 1.91243 
0.263429 -0.070129 1.97816 
0.765119 -0.231545 0.61951 
1.25742 -0.227546 0.163461 
1.09325 -0.0825178 1.8347 
1.10323 -0.532008 0.926341 
0.103444 -0.0988517 1.23411 
1.11251 -0.0827644 1.02288 
1.14914 -0.238897 1.14971 
0.100487 -1.10553 0.923522 
0.751243 0.763671 1.13816 
2.00573 2.34197 -1.35301 
0.106836 -0.0943397 1.28901 
-1.82339 0.898248 2.04237 
0.776768 0.650541 1.20113 
1.74866 -0.234564 0.164359 
1.08671 -0.112433 1.18359 
1.08513 -1.09121 1.45136 
0.776042 0.291368 1.15791 
0.787542 -0.231495 1.17123 
1.10408 -1.08586 1.04609 
0.325108 -0.0662267 1.93178 
1.11731 -0.887453 1.90647 
0.100548 -0.092135 1.48072 
0.112129 -1.07003 1.78641 
1.80827 -0.238507 1.00505 
1.08649 -0.0993516 1.53447 
0.0960675 -0.0703891 1.42077 
1.09225 -0.81143 1.88662 
0.0981868 -0.432323 0.919501 
1.72974 2.25411 -0.366951 
0.156584 -1.0923 1.90579 
1.10409 -0.480193 0.915933 
0.106575 -1.0858 1.55194 
0.120846 -0.351471 0.943645 
-0.876074 1.7757 -0.543402 
1.12375 -0.944895 0.912183 
0.115313 -1.07986 0.978082 
0.123199 -0.846456 0.956368 
1.09239 -1.0008 0.911797 
-0.851493 1.23175 -0.297046 
0.107765 -0.100864 0.919018 
1.74706 -0.232523 0.831329 
0.122453 -0.689488 1.91399 
