2.74772 0.178948 2.48616 
3.81297 0.225647 3.48273 
3.11824 -0.402757 2.46017 
3.8354 -0.00826708 2.47746 
2.81228 0.010825 2.47353 
2.83855 0.664625 3.50046 
2.9839 -0.399628 2.49785 
3.22791 -0.396223 2.47007 
3.72506 -0.402881 3.49245 
2.77207 0.582513 3.37316 
3.81109 -0.386094 2.83581 
3.5406 -0.42611 3.50539 
3.73565 -0.39754 3.48411 
3.86243 0.693198 3.30023 
3.34341 0.604321 2.45879 
3.81419 0.635351 2.73235 
3.47532 0.641579 2.46725 
3.84573 0.199116 3.51025 
2.81902 -0.0001891 2.46179 
2.92426 0.595052 3.49208 
2.82709 -0.21098 2.47166 
2.84357 0.631686 3.49082 
2.92438 0.620387 3.5036 
2.94137 -0.296746 2.45948 
3.74448 -0.440133 2.50274 
3.7993 -0.38387 2.62067 
2.75056 -0.374086 2.8352 
2.8111 -0.383101 2.66521 
3.80313 0.63187 3.4908 
2.84651 0.472195 2.48549 
2.76017 0.583328 2.47386 
3.29799 0.586142 2.48035 
2.77126 -0.420231 2.83415 
2.8794 -0.326341 3.50586 
3.81484 -0.159008 3.4856 
3.36991 0.609542 3.50028 
3.83474 -0.245008 3.47146 
2.80182 0.317988 3.4729 
3.71063 -0.387456 3.50909 
2.84078 -0.382443 3.263 
2.82247 -0.0989144 2.47592 
2.8372 -0.348004 3.3369 
2.81554 0.168028 2.46847 
3.8299 0.625827 2.95214 
2.78569 0.612767 3.04678 
2.80337 -0.370514 3.38906 
3.8594 0.597416 2.55526 
3.69021 -0.387364 2.45525 
2.828 -0.19826 2.48004 
3.83759 0.66671 3.26908 
2.89177 0.611836 2.58786 
2.8077 -0.389506 2.81409 
