-2.44463 5.92114 1.57629 
-3.12545 5.37318 2.58651 
-2.989 4.91663 2.58998 
-3.15254 5.31845 2.59306 
-3.19692 5.6197 2.58407 
-2.82332 5.95192 2.56718 
-3.13621 4.93087 2.0783 
-2.58407 4.93286 2.58041 
-3.1557 4.93573 2.04148 
-2.13782 5.94814 2.05208 
-3.14531 5.99618 2.05949 
-3.0101 5.91624 1.58609 
-2.13981 5.72243 2.5902 
-2.12782 5.70762 1.6084 
-3.16674 4.99859 2.5778 
-3.13433 4.97463 2.58586 
-2.37653 5.88123 2.58469 
-3.14776 5.95673 1.74596 
-2.53361 4.97023 2.59339 
-2.12283 5.91884 2.04061 
