-1.04117 -0.517274 1.29649 
-0.596454 -0.939168 2.27199 
-0.618759 -1.52959 1.54366 
-0.58303 -1.33863 1.27788 
-0.611026 -1.49895 1.26059 
-0.638784 -0.52723 1.96848 
-1.58039 -1.49272 2.01004 
-1.1373 -0.49387 1.23145 
-0.59355 -0.523181 1.45728 
-0.615139 -1.49855 1.87419 
-1.45508 -1.51791 2.29564 
-0.63699 -1.50939 1.48875 
-1.44094 -1.48289 2.2361 
-1.58154 -1.51562 1.927 
-0.609362 -1.50392 1.42713 
-1.62434 -1.53499 1.90053 
-1.65148 -1.04016 2.23116 
-1.57652 -0.887136 2.25907 
-0.568461 -1.50422 1.50026 
-0.58943 -0.742067 2.24976 
-1.59709 -0.816658 1.22396 
-1.62093 -1.52284 2.04591 
0.888254 0.795888 -0.825751 
-0.584827 -0.510698 1.51656 
-1.33851 -1.50386 1.26196 
-0.615056 -1.28086 2.20946 
