-2.86966 -3.682 0.0860646 
-2.83321 -4.64972 -0.654612 
-1.8491 -4.44748 0.125935 
-2.8564 -4.65931 -0.189469 
-2.85109 -4.64004 -0.589201 
-2.18305 -3.66153 -0.90179 
-2.39827 -4.65569 0.0711269 
-1.83168 -3.64816 -0.252865 
-1.84993 -4.63277 -0.90638 
-1.84893 -4.66257 -0.300763 
-2.85212 -4.38955 -0.8944 
-2.84181 -4.65393 -0.885348 
-1.83614 -4.65367 -0.69634 
-2.86031 -4.44704 -0.916892 
-2.8421 -4.64677 -0.200163 
-2.07302 -3.67296 0.127688 
-2.8423 -3.6576 -0.603301 
-2.83072 -4.1754 0.11415 
-2.85461 -4.29021 -0.873609 
-1.84158 -4.14211 -0.867976 
-1.84308 -4.65015 -0.425801 
-2.86455 -4.66414 -0.643556 
-2.84279 -4.65354 -0.0841269 
-2.73821 -4.65301 0.105941 
-1.8366 -3.84624 0.146962 
-1.85478 -4.62895 -0.549688 
-2.58618 -4.6373 0.0906515 
-1.8484 -3.96341 -0.886134 
-2.84008 -3.80312 -0.910823 
-2.85646 -3.64153 -0.0293519 
-1.84252 -3.7769 0.10061 
-2.28778 -4.63948 0.0844642 
-2.84437 -4.66327 -0.193828 
-2.62341 -4.64947 0.107635 
-2.73762 -4.67086 0.139646 
-2.82738 -3.65741 -0.245629 
-2.84629 -3.65208 -0.423884 
-1.90635 -4.62498 -0.919659 
-1.8532 -4.10191 -0.893598 
-1.823 -4.63908 -0.846729 
-2.25192 -4.64051 0.0929702 
-2.85902 -4.11412 0.0869385 
-1.83516 -3.67393 -0.889678 
-2.84476 -4.08025 -0.90656 
-2.14038 -3.67585 -0.881016 
-2.84639 -3.70709 -0.875421 
-2.73691 -4.66679 0.135965 
-1.8563 -4.66247 -0.887592 
-1.63349 -1.50554 1.25792 
-1.84229 -4.55231 -0.888024 
-2.43985 -3.65074 -0.901893 
-2.85579 -4.16306 -0.915185 
-2.03695 -3.64704 0.0893157 
-2.84092 -3.67378 -0.408107 
-2.84516 -4.48815 0.105152 
-1.83788 -4.65496 -0.723418 
-2.86355 -3.65678 -0.0490024 
-2.42599 -3.66034 -0.875214 
-1.84913 -3.66191 -0.437608 
-1.86048 -4.6278 -0.38316 
-1.84583 -4.67305 -0.0948869 
-2.75495 -3.64866 -0.89687 
-1.8382 -3.64932 -0.661485 
-2.58448 -3.66828 -0.908123 
-1.84851 -3.64924 -0.671983 
-2.85146 -4.62524 -0.894784 
-2.2135 -4.63913 0.102203 
-2.23798 -3.64861 -0.916395 
-1.85627 -4.65188 -0.094083 
-2.85166 -4.67226 -0.0963139 
-2.457 -3.64249 -0.925476 
-2.74107 -4.67365 -0.885079 
-2.17242 -4.67456 -0.912971 
-1.98708 -3.68013 0.116107 
-1.84651 -3.69623 0.115857 
-1.61771 -1.29456 1.21011 
-2.83264 -4.63741 -0.01309 
-2.84304 -4.07441 0.0819462 
-1.833 -4.49042 0.133724 
-1.91428 -4.66435 -0.887215 
-1.85467 -3.65923 -0.552856 
-2.84107 -3.67089 -0.38917 
-2.20117 -4.64996 -0.906869 
-2.21733 -3.63355 -0.899846 
-2.48724 -4.67118 0.102836 
-2.84836 -4.6684 -0.859601 
