-0.568143 1.58154 1.72561 
-0.650429 2.57634 2.71178 
-1.02849 2.98151 0.57499 
-1.90678 3.92792 0.710373 
0.331942 2.06404 2.74567 
0.325504 1.58149 1.9123 
-0.647061 1.57924 1.75391 
-1.18724 3.97677 0.707759 
0.363311 2.53172 1.77011 
0.316507 1.74818 2.74263 
-1.00853 3.38508 0.70361 
0.358164 1.60143 2.77664 
0.385217 2.04894 2.76684 
-0.163927 1.60453 2.75337 
-0.635273 2.26123 1.77351 
-0.685438 2.57455 2.42682 
-1.56801 3.91632 0.687542 
-0.612211 2.21754 2.77067 
-0.0536634 2.58309 2.7345 
0.359116 2.59436 1.91364 
0.385607 1.59696 2.50548 
-2.02046 3.83905 -0.256012 
-0.637497 2.60817 2.13007 
-0.661938 2.0202 2.72699 
-0.382784 -0.0888286 -0.733755 
-2.0032 3.58418 0.728091 
0.358791 2.58642 2.69701 
-0.640788 2.60608 2.77003 
0.353042 2.57403 2.02258 
0.365872 1.59331 2.1366 
-0.0259281 2.60219 2.77275 
-0.628453 1.59453 1.83956 
-1.99193 3.52266 -0.299095 
-0.681032 2.53292 1.75463 
-0.625834 2.12063 1.76074 
0.340541 2.12898 1.75543 
0.36024 1.95847 2.74377 
-2.03789 4.04362 0.668308 
0.358722 2.61158 2.53662 
-1.99652 3.82291 0.705981 
-0.638421 2.60549 1.90648 
-0.670463 2.19776 1.73115 
0.367328 1.59298 1.87064 
-1.80444 4.02245 0.718235 
-0.995494 2.94552 0.611062 
-0.62394 2.5091 2.76837 
0.372707 2.0586 1.75095 
-0.681122 2.56972 2.13791 
-1.16042 3.94049 0.724526 
0.356555 2.61408 1.97613 
0.305266 2.57539 2.72984 
-0.704416 1.85129 1.71894 
-0.644289 2.59692 1.90792 
-1.82423 2.95114 0.711417 
-1.65543 4.02112 -0.292313 
0.375954 2.6005 2.08921 
-0.543522 2.61282 2.7662 
-0.676637 2.39302 2.74361 
-1.8567 3.00386 -0.286513 
-0.612679 2.30235 1.79688 
0.388122 1.6032 1.85823 
-1.07469 2.94093 0.718936 
-1.03663 3.99023 -0.163144 
0.403237 2.62944 1.77956 
0.342149 2.57476 2.19245 
0.129763 2.61655 1.78827 
-0.598462 1.59402 1.74152 
-1.01408 2.9501 0.397902 
0.341152 2.52544 1.74904 
-2.00085 3.80877 0.691685 
0.345641 2.60821 2.31132 
-1.02696 3.02233 0.129451 
0.331122 2.52593 1.74379 
-2.00898 3.68261 0.729768 
0.347275 1.93234 1.73588 
0.337668 1.60273 1.73142 
-0.615274 1.98536 1.77619 
-0.597697 1.69213 1.74811 
-1.01324 3.8089 0.693796 
-0.699533 1.97975 1.74206 
0.364024 1.60809 2.14349 
-0.648435 1.5933 2.10037 
0.161818 2.59061 1.76395 
0.328686 1.9302 2.72119 
-0.674837 2.54815 2.74772 
0.34745 1.80527 1.73423 
-0.665335 1.58897 2.18474 
0.264307 1.59459 2.76301 
-0.688967 1.58384 2.14112 
0.336206 2.23728 2.75031 
-2.0018 3.27388 -0.298824 
-1.99736 3.33855 -0.32355 
0.309275 1.84581 1.7157 
-0.28277 2.59871 1.77087 
0.351077 2.15462 1.74167 
-0.469961 1.59072 2.76792 
0.0537484 1.61447 2.7468 
0.253816 2.58595 2.76134 
0.400442 1.59542 2.40111 
0.169707 2.59448 2.73179 
0.359234 2.58094 2.26339 
0.339208 2.56262 1.75439 
-0.970516 3.16551 0.694837 
-0.702137 1.88273 1.71728 
0.337238 1.58151 2.51023 
0.116741 2.58712 2.7457 
-0.982565 3.62237 -0.27001 
-0.173849 1.60179 1.73852 
-0.657443 2.14851 2.72501 
-0.14986 1.60365 2.76427 
0.151322 2.59697 2.77888 
-0.639847 1.94148 2.7645 
-0.660414 2.49458 2.75356 
-0.530627 1.60931 1.77799 
-0.481032 2.60507 1.73739 
-0.247402 2.58772 2.7469 
-0.68645 2.03406 1.75677 
0.355762 2.58772 1.95454 
-0.655853 1.60015 2.16884 
0.11464 2.59559 1.75966 
-0.607057 2.54665 2.78567 
-0.673806 1.58411 1.75719 
-0.148092 2.60745 1.75115 
0.346009 2.53206 1.8011 
-1.28739 3.02549 0.72081 
-2.32992 0.0107594 1.5621 
-0.689717 1.9893 1.73838 
-0.694649 1.83054 1.72302 
0.352801 1.60314 2.56712 
-2.01181 3.97122 -0.267233 
-0.663425 2.3677 2.73446 
0.392502 1.60712 2.03981 
0.364423 1.84619 2.75867 
0.382894 1.92013 2.76071 
-0.375132 2.59213 1.7389 
-0.662328 1.60568 2.22179 
0.40022 2.5015 1.75405 
0.0386569 2.59694 1.73687 
-0.659443 1.59925 2.43468 
-0.392986 2.5637 1.73598 
-1.00114 3.60643 0.722048 
-0.152053 2.61928 1.77483 
