-0.489794 -0.0999706 -0.769939 
-0.242226 -1.06838 -0.748472 
-0.542845 -0.087716 -0.556015 
0.155699 -0.0774008 -0.744301 
0.0699779 -1.06874 0.259719 
-1.04025 -2.39454 -1.45515 
-0.398238 -0.0767291 0.265055 
0.0227468 -1.09489 0.247278 
-0.545353 -1.09718 -0.522574 
-0.557125 -0.551413 0.241996 
-0.0910411 -0.0847489 0.243767 
-0.56312 -0.0978943 0.119501 
-0.556368 -1.11071 0.143865 
0.429782 -0.260154 -0.713381 
0.416798 -0.094368 -0.765615 
-0.367755 -1.10299 -0.76338 
-0.56126 -0.0903201 0.00900919 
0.450769 -0.106576 -0.63813 
0.44679 -1.09095 -0.440905 
-0.542777 -0.105877 -0.00125409 
-0.571662 -0.487947 0.26892 
0.435275 -0.996953 -0.747825 
-0.0146421 -0.0865741 -0.75263 
0.448009 -0.0773332 -0.528735 
0.460161 -0.0969084 -0.642253 
0.441445 -1.00181 -0.752482 
0.176226 -1.10003 0.23772 
-0.443952 -0.0750354 0.246757 
0.447749 -0.252239 -0.752872 
0.424474 -0.0782821 -0.443425 
-0.55124 -0.116913 -0.561477 
-0.549775 -1.07915 -0.465084 
-0.263817 -1.08714 0.262757 
0.457789 -0.0820214 -0.685072 
0.250918 -0.0950886 -0.761023 
-0.561095 -0.0902578 -0.604457 
0.451808 -0.598153 -0.762476 
-0.192565 -0.0778898 0.26583 
-0.528975 -1.10044 -0.783536 
-0.137911 -0.092098 0.228676 
-0.335607 -1.09414 -0.757835 
