-1.23665 1.70719 0.190382 
-1.04152 1.71752 0.100424 
-1.17909 0.703531 0.146774 
0.782098 2.68433 -1.57329 
-1.14392 0.695246 0.444091 
-0.205634 1.71212 0.969041 
-0.297684 1.68846 0.0859501 
-1.24094 0.789792 0.106722 
0.757119 2.37852 -1.18316 
-1.1683 1.69851 1.08736 
0.793993 1.65148 -1.43294 
-1.16436 3.92189 0.216809 
1.1467 1.59713 -1.18145 
0.789123 2.15853 -1.19108 
-1.57519 3.93043 1.2152 
0.771577 1.66745 -1.53925 
1.65348 2.63345 -2.18352 
-1.20224 2.92253 1.14413 
-0.876049 1.70704 1.09336 
1.52714 1.61571 -2.19451 
-1.19269 1.675 0.644373 
-0.196839 1.67909 1.09597 
-0.187135 1.58087 1.10951 
-0.364507 1.6985 1.06249 
-0.345858 0.701163 0.0606061 
-1.1417 1.7013 0.14987 
-1.44207 2.93827 0.224908 
-0.152421 0.709421 0.285519 
0.858465 1.66393 -1.20686 
1.79506 2.13121 -2.19333 
0.763382 1.64484 -1.77576 
1.64329 1.63328 -2.18878 
-1.21455 1.04608 1.07328 
0.785022 1.62259 -1.25745 
0.778943 1.62113 -2.14406 
0.758685 1.71897 -1.1932 
-0.470028 0.705713 0.1174 
-0.255563 1.7024 0.905354 
1.52943 1.69942 -2.20647 
-0.196629 0.792479 1.09941 
1.28426 2.63351 -2.19835 
1.78104 2.54355 -2.18351 
-1.161 1.699 0.299335 
-0.568243 1.69696 0.102154 
0.767313 1.81786 -2.18059 
1.58503 1.66034 -1.21312 
-0.308325 0.704844 0.0902348 
-0.808678 1.69436 0.0735062 
-1.20197 1.69923 0.387691 
0.788348 1.67461 -1.24184 
-0.148981 1.70073 0.441372 
-1.21574 0.713908 1.09834 
-0.856543 0.694129 0.0703798 
-1.18961 0.707322 1.04159 
-1.13637 1.32513 1.08835 
-0.251996 0.68777 0.986544 
-1.81056 2.92427 0.727569 
0.807224 2.52138 -2.17386 
1.78118 2.61047 -1.17839 
-1.78348 3.09203 0.193102 
-1.32374 3.9042 1.15511 
0.771803 2.33871 -2.17963 
-1.21283 1.68815 0.386241 
-0.724128 0.68065 0.069199 
-1.26277 1.69892 0.691514 
1.49459 1.66837 -1.19607 
1.76899 1.65719 -1.66669 
1.7879 1.76488 -2.20431 
0.783534 1.90832 -2.19297 
-1.18852 1.70681 0.553595 
0.758573 1.66409 -2.09554 
1.21168 1.60856 -2.18436 
1.77285 2.67551 -2.02241 
-1.22214 0.69971 0.413784 
1.03664 1.63184 -1.19837 
-1.12363 1.71284 1.00381 
-0.203178 1.15113 1.0576 
-0.2481 0.691423 0.395687 
-0.699554 1.70838 0.129845 
1.78147 2.4663 -1.18187 
-1.16145 1.71037 0.11099 
-0.2897 1.32278 1.07354 
-0.610445 0.707229 0.093904 
1.75858 2.32988 -2.19132 
0.746625 2.45425 -2.16139 
-0.829962 3.90598 0.192022 
0.754394 2.66657 -1.22119 
0.769454 1.67008 -1.39811 
0.781175 2.62102 -1.40762 
-0.218773 0.693098 0.273696 
-0.24558 0.702387 0.110409 
-0.804616 3.91967 0.846791 
1.76487 2.6427 -1.63516 
0.781837 2.6201 -1.49863 
0.764287 2.32025 -1.20676 
1.79508 1.62434 -1.8257 
1.37475 2.62612 -2.2015 
-1.01406 2.90687 0.174934 
-0.197105 1.70098 0.294137 
1.78362 2.62285 -1.19355 
-0.139566 1.68314 0.881815 
-1.26553 0.697446 0.376508 
-0.10436 1.03387 1.1195 
-0.176976 0.707952 0.370363 
-0.246526 1.68347 0.0593365 
-1.21652 1.72041 0.18306 
0.775426 2.12444 -2.18789 
1.78915 1.9033 -2.18535 
1.1409 1.63006 -1.17469 
-1.15439 0.882835 1.08189 
0.783406 2.49293 -2.14284 
1.74925 2.51457 -2.19079 
-1.81682 3.9519 0.543726 
-0.380652 0.699567 0.0845566 
-0.584675 1.72098 1.11874 
1.78111 1.58464 -1.2959 
-0.217371 0.96724 1.08714 
-1.07537 1.69566 1.06936 
-0.807311 3.93455 0.912994 
0.777158 1.85611 -2.21802 
1.31979 2.64421 -2.21825 
1.44988 2.64159 -2.19848 
0.766715 1.69574 -2.1077 
1.8062 2.64138 -1.38404 
-0.47026 1.70292 1.11481 
1.78889 1.75891 -2.19696 
0.776491 2.70065 -2.00931 
1.06816 1.66897 -2.19067 
1.76466 1.6717 -1.35548 
0.983391 2.64028 -1.20644 
1.80512 1.99467 -2.1944 
1.79128 2.49837 -2.1823 
-1.7877 3.91356 0.846229 
-0.472407 0.686006 1.07883 
-1.21109 1.27738 1.0904 
-1.25578 1.70595 1.03812 
-0.196611 1.59757 1.08362 
1.58658 1.69286 -1.2269 
-0.257142 1.14774 1.06309 
0.779724 1.76855 -2.18894 
