2.15209 -2.80003 0.659126 
3.13954 -2.23876 0.690596 
2.81616 -3.213 1.64935 
3.1536 -3.18164 0.825098 
2.3529 -3.21553 1.67641 
3.15842 -3.20402 1.24842 
3.15974 -2.22711 1.27887 
2.69754 -3.21765 0.682252 
2.16638 -2.99072 1.64164 
2.53233 -2.25992 1.65388 
2.16638 -3.03746 1.68453 
3.16484 -2.22931 0.957727 
3.16186 -3.17912 1.66635 
3.171 -3.22335 1.50547 
2.16575 -2.54454 1.67266 
3.18122 -2.44265 0.654152 
2.1725 -2.83384 0.667963 
2.14678 -2.73428 1.67088 
2.30275 -2.20266 0.665052 
2.16682 -2.954 0.677952 
2.18454 -2.71958 0.662102 
2.1588 -2.95178 1.66099 
2.75643 -2.22771 0.666776 
3.17057 -2.4121 1.683 
3.1002 -2.21062 0.6598 
2.17153 -2.22554 1.19717 
2.17642 -2.21939 1.20131 
2.16051 -2.97099 1.65569 
2.56369 -2.18213 1.6726 
2.16422 -2.63938 0.685581 
2.17902 -2.78189 1.64993 
2.39236 -3.21903 1.66352 
2.1536 -2.37033 1.6657 
2.61262 -2.21009 1.66303 
2.16081 -2.21585 0.665136 
2.96177 -2.21378 0.660944 
2.17084 -2.2241 1.29971 
3.16984 -3.20046 1.66425 
2.28696 -3.23619 0.632279 
2.17977 -2.48742 0.654453 
3.17002 -2.36155 1.66526 
3.16205 -3.14545 1.64144 
2.17222 -3.22761 1.16674 
3.18434 -2.29617 1.68547 
2.78181 -3.22983 1.67221 
3.1685 -3.22252 1.14806 
2.22781 -3.23294 0.681953 
2.14974 -3.18809 1.13983 
2.15749 -3.21423 0.787803 
3.16593 -2.9457 0.645715 
2.3373 -2.22697 0.68369 
2.1705 -3.20475 0.668676 
