1 -2.85714 -0.306895 
1 -0.895016 -2.24718 
1 -7.31219 3.52644 
1 -5.73397 2.2902 
1 0.0866582 -3.05123 
1 -2.01244 -1.16031 
1 2.36756 -6.44595 
1 0.489804 -3.30661 
1 1.3741 -3.50354 
1 -1.02144 -1.9525 
1 3.85684 -6.24206 
1 4.49361 -6.81432 
1 3.05081 -5.57913 
1 -8.54445 4.72691 
1 -1.16554 -1.8866 
1 1.61208 -4.42461 
1 0.869878 -3.67718 
1 5.76624 -7.82399 
1 -3.57655 0.742307 
1 -7.79263 3.97301 
1 2.96415 -5.50451 
1 -5.01991 1.54761 
1 -1.27892 -1.71305 
1 3.56391 -5.98232 
1 -2.17937 0.508952 
1 -6.938 3.36461 
1 -7.28299 3.5282 
1 -1.32458 -1.73826 
1 -6.63524 1.88229 
1 -7.67648 3.99759 
1 3.02555 -5.56771 
1 2.15479 -7.984 
1 -2.40417 -0.725604 
1 5.06993 -7.26403 
1 -8.15792 4.32287 
1 -5.67029 2.07633 
1 -3.84262 0.437737 
1 2.5949 -5.15604 
1 -4.05521 0.748857 
1 2.47227 -4.99713 
1 1.00389 -4.25645 
1 1.12667 -3.28131 
1 -3.64709 0.400999 
1 -5.14181 1.58195 
1 -3.20403 -0.0939324 
1 5.04734 -7.38452 
1 -7.59618 3.94411 
1 3.58361 -5.99601 
1 0.173458 -3.09556 
1 -5.30078 0.511912 
1 1.84812 -2.54125 
1 -1.90899 -1.12271 
1 0.784188 -4.57331 
1 -0.420617 -2.40377 
1 -0.242596 -2.69124 
1 -2.94421 -0.222958 
1 -0.415716 -2.40854 
1 -0.0103014 -2.38758 
1 -5.84463 2.26969 
1 -0.756685 -2.12466 
1 -4.4565 0.985981 
1 2.53589 -5.06858 
1 -1.9019 -1.23009 
1 -3.81767 0.431363 
1 2.99294 -9.24537 
1 -2.48174 -1.16262 
1 -8.06942 4.20189 
1 1.90848 -4.52254 
1 -1.59947 -2.19117 
