2.4364 -0.420095 -3.43431 
3.43334 0.540018 -2.9132 
1.43904 3.58162 -3.58725 
3.35906 -0.465778 -3.53262 
1.42574 3.73559 -2.57666 
3.17154 0.526126 -3.53852 
2.45428 -0.430568 -3.44005 
3.13117 0.55 -2.53658 
2.41862 3.27537 -2.5777 
2.34924 3.29613 -3.68814 
3.40925 -0.379953 -3.50462 
1.40165 3.14999 -3.09866 
2.34579 4.32923 -3.69086 
3.44412 0.0249943 -3.52513 
2.40886 4.20388 -3.49578 
2.7154 0.590957 -2.52384 
3.04926 0.59237 -2.51836 
2.43387 3.65999 -2.62214 
3.41433 0.552406 -2.76887 
2.54459 -0.415057 -3.5352 
3.44507 -0.470893 -2.59454 
3.21626 0.52224 -3.54281 
