-0.883608 -2.43644 3.09481 
-0.613818 -2.43136 2.12327 
-1.33424 -2.42542 2.78256 
-0.782574 -2.4204 3.06739 
-0.398341 -3.44287 3.11143 
-1.34145 -2.48911 2.51307 
-0.618706 -3.42788 2.07268 
-1.34569 -3.45853 3.00493 
-0.797574 -2.418 3.06481 
-1.26903 -2.42099 2.09708 
-0.356738 -2.49472 2.3529 
-0.389064 -3.12494 3.17486 
-0.732642 -2.43851 3.09284 
-1.35141 -3.47687 2.37797 
-1.27511 -3.47187 2.13547 
-0.350371 -3.45386 2.35863 
-1.35022 -3.37876 3.11627 
-0.360513 -3.49064 2.69786 
-1.34372 -3.44646 2.11515 
-0.344652 -3.46042 3.06984 
-0.341834 -3.40812 2.07739 
-1.38984 -3.5166 2.88634 
-1.32456 -2.79393 3.085 
-1.35613 -2.77004 2.16546 
