-1.08623 0.580646 -0.44866 
-0.807918 0.562522 -0.475318 
-0.352959 1.59938 -1.34207 
-0.339975 1.57945 -1.36085 
-0.329609 1.61468 -0.688697 
-1.3278 1.58585 -0.6334 
-0.321451 0.732292 -1.44616 
-0.349648 0.586928 -1.44758 
-0.758484 0.540292 -1.41512 
-0.33338 0.544397 -1.14704 
-1.34411 1.1808 -1.44297 
-0.323726 1.56043 -0.830687 
-1.34799 0.911826 -0.431316 
-1.2883 1.57095 -0.471446 
-1.34116 1.38807 -1.47024 
-0.304996 0.805056 -0.450639 
-0.328437 0.656093 -1.45254 
-1.3257 1.24129 -1.47984 
-0.328939 1.54459 -0.837439 
-1.32757 0.576746 -1.47468 
-0.709903 1.58726 -1.41153 
-1.3365 1.10392 -0.450195 
-0.329624 1.56388 -0.923727 
-1.35425 1.62654 -0.590454 
-1.26228 1.59425 -0.462463 
-1.32258 1.56347 -1.23998 
-0.325657 0.846706 -1.44363 
-1.33261 0.634716 -1.42708 
-1.32998 0.765459 -0.477588 
-1.32993 0.685654 -0.433534 
-0.335313 1.53709 -0.95912 
-0.978338 0.56944 -0.436226 
-1.3263 0.59605 -0.409033 
-1.33375 1.56208 -0.871297 
-0.953925 1.55307 -1.42047 
-1.34821 0.817211 -1.43883 
-0.332518 0.552192 -1.20935 
-1.32334 0.981031 -1.44218 
-0.330807 1.57138 -0.588694 
-0.690939 0.534776 -0.451343 
-0.586277 1.55093 -1.43425 
-0.45636 0.553195 -1.44239 
-1.23749 0.54692 -1.44898 
-1.33109 1.2937 -1.46342 
-1.33663 1.56614 -1.18415 
-1.32401 0.674464 -0.459472 
-1.03684 0.575201 -0.441099 
-0.341072 0.69852 -0.453239 
-1.33319 1.01363 -0.459915 
-1.32342 0.541916 -0.928508 
-0.334825 0.668706 -1.43172 
-0.516971 1.54734 -0.424536 
-1.34839 1.35048 -0.417115 
-0.53757 0.616005 -0.444073 
-0.324464 1.49975 -1.48849 
-1.33757 1.61731 -1.04883 
-1.3376 0.551732 -1.1679 
-1.33781 1.55477 -0.485157 
-1.05197 0.519691 -1.41379 
-1.3192 0.827429 -1.47543 
-0.319931 0.58268 -1.45311 
-1.2245 0.573295 -1.4353 
-0.633018 0.557946 -0.459527 
-1.1421 1.55991 -1.42305 
-1.27318 1.56273 -1.44426 
-0.34936 0.848241 -0.433998 
-0.518986 0.607403 -0.457789 
-0.632139 0.56375 -0.413727 
-1.23416 1.59796 -0.438752 
-0.816997 0.563732 -0.419661 
-0.349164 0.560147 -1.4478 
-0.625524 0.558623 -1.42824 
-1.32649 0.540932 -1.04071 
-1.3327 0.848603 -1.45159 
-0.51994 1.56347 -1.44477 
-1.32413 1.48882 -0.446981 
-1.3491 1.01687 -0.430636 
-0.549955 1.55973 -0.43712 
-1.3272 0.93867 -1.41637 
-1.24306 1.58214 -0.461692 
-0.842352 1.54311 -1.45479 
-0.3278 1.29457 -0.46004 
-1.34599 1.59376 -0.872121 
-0.332064 1.45957 -1.45913 
-0.347481 1.50107 -0.456925 
-0.494898 1.52024 -0.408858 
-1.3258 0.562252 -1.44995 
-1.32093 0.811485 -0.439764 
-0.322883 1.55797 -0.775433 
-0.331701 1.43254 -0.461714 
-1.33666 1.553 -0.858543 
-0.32265 1.50442 -1.42496 
-1.34139 1.02795 -0.443968 
-0.327011 0.556679 -0.860532 
-1.09705 0.544784 -1.43341 
-1.33281 1.55623 -0.948556 
-0.903701 1.59122 -0.432005 
-1.33817 1.6041 -1.18339 
-0.907018 1.57758 -0.462436 
-1.23818 1.56456 -1.43825 
-1.31989 0.547109 -0.470243 
-0.334242 0.969584 -1.44414 
-1.31302 1.36157 -1.44371 
-1.33429 0.942353 -0.463474 
-0.337862 0.531638 -1.06561 
-0.812611 0.557876 -0.460841 
-0.325955 1.5273 -1.20314 
-0.7602 0.574358 -0.481368 
-0.664667 0.525101 -0.42549 
-0.566023 0.570155 -1.44393 
-0.334154 0.541131 -1.11683 
-0.986876 0.573854 -1.46424 
-0.672688 0.560835 -0.435774 
-1.19544 1.58698 -0.439449 
-1.34506 0.780984 -0.420339 
-0.597737 1.57822 -0.440316 
-1.32297 0.542173 -0.970091 
-1.33296 1.49474 -0.466379 
-0.796661 0.519315 -0.443614 
-0.3319 0.805949 -0.440295 
-0.340232 0.8659 -0.407325 
-1.3375 0.62075 -1.27239 
-1.35212 1.18767 -0.428198 
-0.322184 1.56793 -1.15214 
-0.422526 1.60102 -1.44984 
-0.991513 1.61397 -1.46427 
-1.33961 1.58405 -1.06237 
-1.1604 1.55614 -1.44179 
-0.725632 0.549462 -0.444936 
-0.630547 0.524966 -0.440388 
-0.324957 1.42492 -1.41243 
-0.713163 1.5908 -1.42749 
-1.31392 0.714636 -0.485348 
-1.32474 0.576382 -1.08221 
-0.642154 0.509615 -0.448048 
-1.32887 1.52262 -0.963295 
-1.33954 0.814937 -1.41477 
-1.34295 1.12734 -0.434231 
-1.33748 0.544054 -0.674026 
-0.608457 1.54573 -0.476683 
-0.351755 1.57945 -1.36979 
-1.31829 1.20199 -0.44 
-0.338828 0.58675 -0.546028 
-1.34103 0.960141 -0.457662 
-0.337756 1.24527 -1.46348 
-0.88805 0.520816 -0.444561 
0.704356 0.561148 -0.0357077 
-1.14042 0.561722 -1.43415 
-0.778493 0.642736 -1.44815 
-1.34505 1.61289 -0.508209 
-0.349704 1.46952 -0.427214 
-0.984613 1.60609 -0.477362 
-0.917748 1.57628 -1.46177 
-1.33033 1.58153 -1.12334 
