-0.110284 -1.45261 -1.49152 
-0.0986225 -1.42267 -1.09104 
-0.56907 0.406181 -0.0428875 
0.660455 2.07964 -0.917371 
-0.544413 0.00535937 -0.0884844 
-0.689462 -1.39731 -1.08601 
-0.0516041 -1.20837 -1.06333 
-1.09531 -1.4304 -1.98275 
0.188983 1.01235 -1.02721 
-1.067 -0.732188 -1.0898 
0.420375 0.496814 -0.0658779 
-0.623177 0.932907 -0.207215 
0.442655 0.62622 -0.0325425 
0.147932 0.943902 -0.0849214 
-1.06147 -1.40978 -1.1152 
-1.10058 -1.02069 -1.08551 
-1.09056 -1.44105 -1.27048 
0.472645 0.0828649 -1.0264 
0.44535 0.224242 -0.0506427 
-1.01685 -0.454361 -1.09139 
-0.545685 1.00391 -0.177432 
-1.06378 -0.435747 -2.09193 
-0.45196 -1.45792 -1.09574 
-0.553121 1.00817 -0.280549 
-0.433037 0.00982453 -1.02974 
-0.588094 0.440126 -0.0731264 
-1.0721 -1.36858 -2.08598 
-0.277593 -0.579088 -0.906806 
-0.549344 0.0733865 -1.02002 
1.31462 1.08369 1.73549 
-0.548511 0.244512 -0.0272308 
-0.565546 -0.0196165 -0.848439 
-0.527817 0.995549 -0.011808 
-0.200448 -1.38216 -2.09788 
-0.554871 -0.0113985 -0.818169 
-0.579484 0.967738 -0.166336 
-0.104615 -0.615126 -2.08524 
-1.08235 -0.430731 -1.82756 
0.425782 0.969383 -0.782187 
0.33003 0.988234 1.73194 
-1.09467 -1.46029 -1.94205 
1.1416 1.82295 0.749709 
-0.493384 -0.415314 -2.077 
-0.314546 -1.44911 -1.11141 
-0.529848 1.02285 -0.378852 
0.458986 0.547046 -1.0393 
-0.0987442 -0.784218 -2.08185 
0.421884 0.591267 -1.07099 
-1.09826 -0.45395 -1.71546 
-0.555866 0.299748 -0.0317969 
-0.0515256 -1.44938 -1.6347 
-0.899308 -1.4207 -1.08814 
-0.540432 0.428388 -0.0198467 
-1.16474 -0.378177 0.045717 
-1.06236 -1.42285 -1.85796 
-1.18022 -0.562363 -0.481991 
-0.767339 -0.554899 0.0984843 
-0.282426 0.981765 -1.03541 
-0.282686 -0.450816 -2.1075 
0.457013 1.00326 -1.01303 
-0.878141 -0.424272 -2.09978 
-1.04954 -0.57295 -1.09586 
-1.23835 -0.573666 -0.885294 
-0.534414 0.463255 -1.01424 
-0.572028 0.981891 -0.660139 
0.41032 0.826444 -1.06753 
-0.605733 0.540248 -0.107269 
-0.941532 -1.40504 -1.08965 
-0.314589 -1.39033 -2.10172 
0.441021 0.233485 -1.03525 
-0.12486 -0.0176264 -1.02734 
0.397459 0.615721 -1.08712 
-0.572699 0.0361363 -1.03752 
-0.59383 0.953117 -0.121511 
-0.516207 0.914919 -0.0890328 
0.460289 0.00291746 -0.138072 
-0.51136 0.0805733 -0.99679 
-1.07847 -1.42788 -1.17443 
0.437278 -0.0272855 -1.0037 
-0.996635 -0.58651 0.0932131 
-0.0469424 -1.4005 -1.10562 
-0.594075 0.867101 -1.07586 
-0.465129 0.969515 -0.0696109 
-1.08617 -1.44108 -1.38157 
-0.0613718 -1.41363 -1.83804 
-0.60992 0.960249 -0.569822 
-0.139629 -0.95421 -2.09269 
-0.456684 -0.446489 -2.0987 
-0.172317 -0.0123004 -1.03635 
-0.0835705 -1.42751 -2.10032 
-0.374358 0.97953 -0.0021407 
0.40779 -0.042136 -0.699958 
-0.0889905 -1.04956 -2.08424 
-1.19345 0.439747 -0.844652 
-0.227973 0.9448 -1.09435 
-0.420589 -1.46694 -1.10327 
0.699237 1.84806 0.734217 
-1.0794 -0.953991 -2.09839 
-0.403576 1.02113 -0.0408443 
0.312111 1.43033 1.73909 
0.120616 1.00202 -1.01609 
0.432213 -0.00833306 -0.295194 
-1.02189 -1.42285 -1.10183 
0.347256 -0.058575 -1.08631 
-1.0688 -1.43383 -1.13042 
-0.119621 -0.0331268 -1.05254 
-0.204024 -0.0305456 -0.0636688 
-0.184221 -1.42139 -1.09091 
-0.902282 -1.39379 -1.10197 
0.436178 0.240676 -1.03167 
-0.11219 -1.43544 -1.08603 
-0.0808487 -0.407636 -1.13645 
-1.19953 -0.555719 -0.262698 
-0.352515 -0.571684 0.0970007 
-0.506395 -1.3994 -2.08478 
-0.593362 0.139151 -1.0789 
0.340658 0.966098 -0.0856973 
0.418454 0.12541 -1.06861 
-0.836556 -0.403786 -2.084 
-1.02398 0.450519 0.0447146 
-1.06263 -0.966006 -2.09146 
-0.542851 0.884969 -1.04389 
-0.509146 0.857536 -0.027938 
0.44012 0.292073 -0.0580544 
-0.08194 -1.42951 -1.36352 
-1.11224 -1.45182 -1.58755 
-0.541477 -0.0302356 -1.04355 
-1.05794 -0.408466 -1.81517 
-0.717084 -1.42681 -1.08824 
-0.603423 -0.0541285 -0.704105 
0.429612 0.334052 -0.0326282 
-0.102239 -0.43235 -1.08866 
-1.01403 -0.370643 -1.4138 
-0.599708 -0.0598278 -0.199034 
-0.0667973 -0.409798 -2.0703 
0.408492 -0.0486124 -0.327663 
-0.0670024 -0.962167 -2.09683 
0.317857 1.70391 1.73573 
-1.04183 -0.6978 -1.08035 
-0.550929 0.993138 -0.277367 
-2.06283 3.68584 -0.130081 
-0.0784143 -0.444327 -1.63634 
-0.595657 0.0168409 -0.0617418 
-0.222666 -0.405873 -1.08786 
-1.1054 -0.692049 -1.10712 
-1.06502 -1.23366 -2.08349 
-0.0938382 -1.45159 -1.77105 
-1.10194 -0.981781 -1.09077 
1.31054 1.81654 1.1224 
-0.0827665 -0.413353 -1.09247 
-1.05049 -0.442492 -1.63545 
0.645865 0.855339 1.73353 
-0.0790756 -0.86197 -2.081 
-0.836882 -1.42475 -1.08916 
-0.586188 -0.0466114 -0.706896 
-0.0664929 -1.2298 -2.09836 
-0.602669 0.14515 -0.0937568 
0.407443 0.948407 -0.27136 
-0.695874 -1.43957 -1.07384 
-0.07301 -1.42507 -1.92458 
-0.0395858 0.985746 -0.0385834 
-0.756692 -0.421891 -1.0926 
-0.599345 0.113969 -0.0672789 
-1.05074 -1.111 -2.0922 
-0.0620742 -0.404658 -1.31372 
-0.410145 -1.41962 -1.08971 
-0.580122 0.741171 -0.0479339 
-0.0522489 -0.414386 -1.87716 
-0.586213 -1.42574 -1.07325 
-0.0871668 -1.38561 -1.0957 
-0.527257 0.0272924 -0.759295 
-0.0535884 -0.413095 -1.43415 
-1.41503 2.7322 -0.108564 
-1.11135 -1.39225 -2.09499 
0.218213 -0.0212441 -1.04161 
-0.597235 0.679318 -1.06163 
-0.582553 0.253519 -1.06271 
0.421239 -0.0272653 -0.261915 
-0.0941524 -0.425729 -1.07065 
-1.17209 0.433434 -0.404723 
-0.267109 -0.44321 -2.0904 
-1.06826 -1.4105 -1.26448 
-0.574864 0.949485 -0.0680148 
0.431689 0.977092 -0.843663 
-0.151488 0.00899142 -0.0251002 
0.547939 1.84676 1.73545 
-3.60002 0.828794 1.27022 
-0.53608 0.032792 -0.818112 
-0.525124 0.659906 0.000619438 
-0.598535 0.0060536 -0.107814 
-1.07977 -0.533757 -1.09197 
-1.06944 -0.762979 -2.1153 
-0.0619668 -0.418809 -1.98507 
-0.567596 0.124658 -0.0540249 
0.0536575 0.975804 -0.0467484 
