5.54247 -2.12286 -2.28267 
5.81396 -2.11458 -2.35764 
5.53945 -2.12532 -1.86475 
5.59765 -3.01059 -1.35885 
5.50649 -2.97858 -2.33499 
5.52388 -2.10071 -1.9139 
6.56655 -3.13825 -2.15994 
6.43519 -2.10607 -2.33656 
6.46874 -3.00651 -1.3164 
6.51474 -2.31768 -2.35473 
5.47073 -2.05123 -2.20267 
6.19146 -2.10767 -2.37345 
6.3818 -2.15592 -2.35139 
5.58208 -3.17824 -1.88444 
6.51782 -2.08463 -1.44597 
6.54418 -2.5972 -2.36404 
5.51998 -2.06091 -1.73031 
6.55191 -2.61967 -2.35368 
6.33808 -2.1049 -2.34342 
6.57855 -2.76619 -2.37635 
5.43657 -2.51824 -1.34087 
5.55271 -2.13438 -2.21809 
6.56844 -2.18165 -2.17982 
5.92369 -2.08052 -1.34467 
5.50188 -2.75109 -2.34506 
6.50571 -3.09055 -1.87853 
5.77633 -2.11073 -1.34473 
5.56739 -2.14907 -1.52318 
5.53426 -2.29174 -1.33444 
5.76017 -3.05734 -2.34184 
6.5353 -2.95959 -2.35653 
5.98035 -2.08702 -2.32953 
6.47091 -3.1248 -2.35695 
5.63668 -3.12936 -1.35388 
5.75277 -2.12016 -2.3442 
6.49865 -3.12466 -1.71073 
6.29603 -2.13962 -2.36483 
6.51659 -2.0835 -2.02367 
5.66577 -3.1321 -1.36572 
6.47109 -2.07127 -1.42309 
6.08907 -3.08376 -2.36156 
6.53038 -2.08393 -2.15694 
5.49757 -2.62726 -2.33443 
6.4573 -3.05271 -2.35012 
