2.43769 1.96086 1.69198 
2.48129 -0.724539 0.464507 
1.83102 1.08092 -0.860444 
2.48499 -0.544627 0.17304 
1.44832 1.34983 1.68754 
1.4963 -1.38301 2.00888 
2.40855 1.38356 0.655022 
1.85101 0.780294 -1.85183 
3.02576 -0.0539896 3.19017 
1.69087 0.0792304 -0.839949 
1.46275 -0.553279 -0.361849 
1.1171 -1.38526 2.33351 
2.34363 1.38714 0.663419 
0.911149 0.807469 -1.87168 
1.41872 1.70866 0.720584 
0.875777 0.0895109 -1.06896 
1.6317 1.37481 0.660659 
1.75094 -0.55233 0.482159 
2.44941 2.38329 1.24729 
2.13853 2.36461 1.69931 
2.49923 0.154508 0.755352 
1.17485 1.11356 -1.8633 
0.863055 1.10481 -1.72087 
0.874263 1.14772 -1.33874 
1.41274 2.32587 1.62545 
2.42245 2.36103 1.64764 
1.43263 1.47246 0.702658 
1.45796 0.105873 -0.870945 
1.41272 2.34562 1.57755 
1.00772 -1.40056 1.34298 
1.43647 2.34416 1.70352 
1.43942 1.37501 0.912865 
2.45461 1.783 1.69773 
1.67607 1.12653 -1.84841 
3.01258 0.251712 2.22954 
1.45678 2.05207 1.66145 
0.872984 1.12093 -1.55091 
0.898778 0.098853 -1.81053 
1.45114 2.27617 1.68371 
1.45402 1.93633 1.68534 
1.43545 2.34141 0.878545 
2.44684 1.36227 0.895306 
1.46272 -0.493343 -0.481473 
2.4968 2.38642 0.815465 
2.45423 2.30437 1.68349 
2.44051 1.37603 1.46801 
1.43561 2.17753 1.69512 
2.43155 1.91018 1.68296 
2.461 1.37332 1.39698 
1.49972 -0.918104 2.32244 
1.92213 2.38375 1.67877 
1.89114 0.322291 -1.8367 
0.853662 0.100041 -1.69932 
1.15324 1.10949 -1.8726 
0.896268 0.120648 -1.47042 
2.44498 1.96248 1.68091 
2.47215 1.63128 0.651525 
1.86178 1.35638 1.68006 
2.47112 -0.877635 0.46474 
2.36922 2.2066 1.72071 
1.80527 0.126906 -0.874188 
2.59796 0.92933 2.24715 
1.42616 2.09285 0.687625 
2.00374 1.36811 1.68073 
1.48375 -0.364699 1.36518 
1.96624 0.752937 1.80064 
1.74422 1.32954 1.70031 
1.47436 -0.351598 1.36256 
2.45656 1.48454 1.66967 
1.43692 0.10703 -0.866897 
2.4644 1.55838 1.68204 
1.57357 1.09131 -0.842463 
1.0267 1.05118 -1.83021 
1.89326 0.549559 -1.85231 
1.44275 1.34889 1.04317 
2.46358 1.36673 0.6796 
1.44535 2.24841 0.694682 
2.45429 1.37321 1.60368 
1.44084 1.53352 1.67664 
1.69831 0.0627523 -1.8412 
1.44805 1.36754 1.52082 
1.85716 2.36546 0.656669 
1.38942 2.0061 0.716592 
1.40499 -1.35652 1.29489 
2.18755 1.36028 1.69326 
1.82546 1.07477 -1.84984 
2.0421 2.34474 0.709373 
1.45422 2.33454 1.68675 
2.09558 2.39202 0.660685 
2.08833 2.36584 0.690039 
0.911419 0.304874 -1.88036 
2.43977 1.69799 0.681073 
0.884181 0.769206 -1.85757 
2.37756 1.33858 1.20458 
2.10668 2.35405 1.69317 
1.48968 1.38917 1.07074 
1.44819 -0.531265 0.501484 
1.86728 2.3828 1.66557 
1.51318 -0.51969 -0.525502 
2.38757 2.28919 1.73478 
0.903619 1.10332 -1.87104 
1.43015 0.101472 -1.87385 
1.60135 1.37812 0.666997 
0.840016 0.732123 -0.881289 
2.4335 1.36604 1.67182 
2.44845 2.13159 1.68189 
1.48281 -1.1844 2.30064 
1.88728 0.540795 -1.8683 
3.05287 0.920331 2.67098 
2.43268 2.34527 0.921721 
1.48656 1.72663 0.667611 
2.42591 2.34968 1.3165 
0.891845 0.0821409 -1.59384 
0.499353 -1.38952 1.35744 
2.92886 -0.0800015 3.21513 
1.88772 1.10966 -1.21921 
1.435 1.73651 0.673381 
1.88239 0.32145 -1.84451 
2.45846 2.00165 1.66107 
2.35172 2.36244 0.665705 
2.01158 1.3794 1.6802 
2.47517 2.37197 1.65409 
2.4595 2.36444 0.7307 
0.864572 0.299304 -1.86703 
0.889004 1.10002 -1.45699 
2.50426 1.4054 0.660698 
1.82124 -1.49734 -0.53035 
1.44724 2.35441 1.55044 
1.87027 0.113238 -1.3362 
2.45568 2.37661 1.33585 
2.47318 1.38234 1.00496 
1.87904 0.699545 -0.855495 
1.44144 1.35563 1.49355 
2.45686 2.04388 0.690522 
1.48282 2.39408 1.42999 
2.44406 2.37931 1.36112 
1.52096 1.38185 0.679169 
2.06295 0.922806 2.85906 
2.46286 1.37885 1.42534 
1.52999 1.93168 0.632058 
1.19205 0.119833 -1.85567 
0.692768 -0.403687 1.36533 
0.483257 -0.582086 2.30707 
0.859977 1.10532 -1.32014 
2.45943 2.30932 1.68932 
1.68727 2.37202 0.680599 
1.4583 2.34765 1.65184 
1.45333 -0.497359 -0.443198 
0.905097 1.05583 -1.03115 
2.11807 -1.5235 -0.50383 
2.43355 1.69674 0.717899 
2.1847 2.3875 1.65068 
1.41443 1.86007 0.702577 
0.851442 0.104979 -1.05346 
2.44936 2.01352 1.67671 
