1 2.07522 1.08077 
1 5.79684 0.694828 
1 -12.4526 2.40916 
1 3.68471 0.901988 
1 4.80734 0.846866 
1 -7.14457 3.44156 
1 -12.6354 2.40342 
1 -11.7704 2.34364 
1 -3.83263 1.63094 
1 2.55052 0.334324 
1 -11.7303 2.34858 
1 0.397145 1.20429 
1 -4.6919 1.69416 
1 -0.406626 1.31687 
1 -11.6459 2.33549 
1 0.646717 1.22953 
1 -1.95806 1.44589 
1 -9.29829 2.11407 
1 -4.56189 1.71055 
1 -11.9585 2.42576 
1 0.710949 1.20127 
1 2.02437 1.09483 
1 -11.667 2.3482 
1 6.44001 0.662334 
1 7.1045 0.641656 
1 7.05453 0.58179 
1 -1.28258 1.41867 
1 -7.37354 1.95695 
1 6.81649 0.615657 
1 -9.9926 2.165 
1 6.85922 0.634097 
1 3.02359 0.946557 
1 -12.2936 2.42589 
1 5.17961 0.788192 
1 3.21532 0.944504 
1 -7.0872 1.92654 
1 -8.47261 2.03948 
1 1.17751 1.17101 
1 4.50691 0.895849 
1 -10.4057 2.24904 
1 -4.16242 1.65454 
1 4.18329 0.888715 
1 -0.0033404 1.29171 
1 -12.6085 2.40878 
1 -11.0544 2.30432 
1 6.79553 0.608949 
1 0.84704 1.21535 
1 -5.08055 1.7351 
1 -3.45911 1.57129 
1 -10.9176 2.26735 
1 -5.68935 1.81953 
1 2.44072 1.03374 
1 -7.70711 2.01837 
1 -2.44578 1.48071 
1 -2.52873 1.49743 
1 -4.11591 1.37958 
1 -3.31947 0.549658 
1 -2.1638 1.48465 
1 2.29765 1.09439 
1 -2.96393 1.5778 
1 -9.65449 2.10105 
1 -3.15929 1.55785 
1 0.667359 1.23371 
1 -10.2869 2.17421 
1 -6.43508 1.87558 
1 4.04186 0.906906 
1 3.0706 0.955657 
1 -11.4528 2.31778 
1 -6.48389 1.87594 
1 3.70784 0.971859 
1 -9.80274 2.20793 
1 7.11509 0.600633 
1 -11.7561 2.34131 
1 -6.1734 1.82663 
1 6.55915 0.690617 
1 3.95207 0.176978 
1 5.91016 0.715059 
1 -12.7072 2.44226 
1 -7.51143 1.99213 
1 -1.0538 1.41312 
1 -4.30568 1.59442 
1 -3.14886 1.57164 
1 -11.2399 2.27293 
1 3.44739 1.00541 
1 -3.54799 1.59114 
1 -9.60565 2.12339 
1 -3.42131 1.56286 
1 -8.68835 2.05112 
1 2.36539 1.03734 
1 -8.12713 2.04554 
1 -3.93257 1.6573 
1 1.34714 1.14248 
1 -9.04422 2.03737 
1 -9.35562 2.13511 
1 -11.7425 2.34156 
1 -8.24053 1.95552 
1 1.54771 1.17131 
1 5.0468 0.80048 
1 -2.19512 1.40406 
1 6.59647 0.656976 
1 -5.81936 1.82714 
1 -6.05041 1.81739 
1 -8.34656 1.99907 
1 2.85449 1.05809 
1 -9.64359 2.19049 
1 -2.70024 1.51091 
1 -0.502829 1.33667 
1 -7.63295 1.99606 
1 3.88031 0.907024 
1 -11.1588 2.28429 
1 4.15835 0.878485 
1 5.23541 0.791985 
1 -4.37317 1.64514 
1 -0.460765 1.30423 
1 3.04185 1.00652 
1 -6.21003 1.84635 
1 -5.67796 1.77785 
1 -2.45617 1.50961 
1 4.75083 0.840906 
1 1.23229 1.14836 
1 6.17135 0.706059 
1 6.90435 0.680761 
1 -8.4832 2.02472 
1 2.55732 1.04162 
1 -4.17518 1.62955 
1 3.5649 0.934679 
1 -6.8528 1.88436 
1 -11.1648 2.33491 
1 -3.73116 1.61412 
1 4.1826 0.893992 
1 -5.54631 1.8054 
1 -5.30032 1.74765 
1 3.48645 0.897624 
1 0.332728 1.25687 
1 5.7174 0.7354 
1 4.54139 0.85375 
1 -1.5351 1.38244 
1 1.84128 1.10339 
1 6.44475 0.656526 
1 4.73333 0.820021 
1 -9.73547 2.19264 
1 -4.71335 1.72627 
1 -9.12478 2.13803 
1 0.770096 1.21411 
1 -0.602759 1.28559 
1 0.923251 1.18122 
1 -3.67025 1.59705 
1 2.33717 1.0552 
1 0.820587 1.27094 
1 1.20005 1.1694 
1 5.04033 0.81385 
1 -6.57826 1.90123 
1 -11.916 2.36235 
1 4.47846 0.848301 
1 -10.3251 2.23351 
1 -7.27273 1.90646 
1 -8.77451 2.05874 
1 -4.70301 1.70266 
1 -5.71206 1.78936 
1 -11.3056 2.31474 
1 -9.66651 2.14685 
1 -8.11049 2.01534 
1 -11.477 2.31341 
1 -4.80811 1.73649 
1 1.00796 1.211 
1 -5.71692 1.78839 
1 0.345288 1.24705 
1 -9.92118 2.17828 
1 -3.75799 1.63507 
1 -6.09145 1.83689 
1 -11.9911 2.35422 
1 4.00771 0.925148 
1 -2.30012 1.43603 
1 5.48072 0.819729 
1 3.83185 0.959246 
1 -3.5345 1.61076 
1 0.314417 1.26198 
1 -0.577021 1.3215 
