1 -4.229 0.204014 
1 -7.62515 0.120856 
1 0.48563 0.4899 
1 0.124544 -1.05987 
1 5.77985 0.613901 
1 1.88842 -1.28409 
1 -0.430582 0.399525 
1 -0.311648 0.399862 
1 -6.86439 0.138713 
1 -3.30292 0.296246 
1 6.92633 0.781909 
1 -3.38575 0.266159 
1 9.76964 2.48687 
1 -6.57575 0.127551 
1 -6.58935 0.118209 
1 -8.66448 0.0150107 
1 7.40749 0.784483 
1 -4.49688 0.19016 
1 2.06297 -0.838172 
1 1.40834 2.27429 
1 3.08541 -1.44669 
1 4.43139 0.642868 
1 -3.63536 0.22332 
1 -4.58061 0.213645 
1 -0.929362 0.432065 
1 4.7489 0.614607 
1 -8.63915 -0.00408966 
1 7.39536 0.774826 
1 9.36758 1.91088 
1 -0.218042 -0.14104 
1 2.04493 0.537781 
1 6.06295 2.33692 
1 -7.33045 0.096736 
1 5.1491 0.680471 
1 -2.47426 0.327685 
1 1.74757 0.497141 
1 9.96038 2.8042 
1 -7.309 0.0867194 
1 1.1804 -1.25883 
1 -8.78465 0.00802039 
1 6.8051 -1.0061 
1 -1.864 0.343639 
1 1.65105 2.91579 
1 -7.07507 1.35202 
1 3.93096 0.654041 
1 7.51342 -0.0882481 
1 -0.0194424 -0.643834 
1 9.25043 0.844219 
1 4.78672 0.622148 
1 6.61758 -1.2464 
1 6.51037 0.741364 
1 2.40391 0.500783 
1 -1.6886 -0.378758 
1 -0.930083 0.345035 
1 -5.2585 0.170652 
1 1.58942 0.512632 
1 -4.25869 0.196777 
1 5.72066 0.682006 
1 -3.75742 0.23562 
1 3.65537 0.304766 
1 -4.27617 0.235279 
1 7.20897 0.799823 
1 8.39889 1.09985 
1 8.78217 0.860587 
1 -8.89406 -0.0267507 
1 9.09944 1.77827 
1 9.93151 0.804171 
1 0.216851 -0.973692 
1 -9.54936 -0.0421938 
1 -5.36142 0.806143 
1 -7.41299 0.0897939 
1 -8.00708 0.0591576 
1 2.12262 0.543385 
1 -1.94782 0.362635 
1 1.14061 0.50069 
1 7.27015 0.777946 
1 -0.098492 0.407246 
1 -5.12956 0.180494 
1 9.43505 -0.782872 
1 3.24447 0.579473 
1 6.54476 -1.36501 
1 4.24575 0.646585 
1 4.04049 0.602378 
1 -7.88205 0.110096 
1 -5.10599 0.197677 
1 -0.371065 0.365754 
1 5.78418 0.732599 
1 -1.71153 0.352852 
1 -3.4131 0.208242 
1 8.38684 0.863994 
1 6.87443 2.95614 
1 3.36536 0.593387 
1 8.9987 1.51871 
1 9.34942 1.91745 
1 7.20108 0.755588 
1 -0.351681 0.406147 
1 7.02826 0.804182 
1 4.19186 0.608989 
1 6.95323 -0.757247 
1 -3.63742 0.249907 
1 3.52464 0.631265 
1 6.52571 0.757648 
1 3.15858 0.612347 
1 0.572333 0.438699 
1 4.7382 0.703266 
1 -8.03706 1.64037 
1 -7.33594 0.0724831 
1 -4.43089 0.215017 
1 7.22212 0.787957 
1 -2.37273 0.315167 
1 -6.39028 0.119926 
1 8.8037 1.33002 
1 4.25845 0.613867 
1 3.54159 0.584988 
1 2.15486 0.519688 
1 1.25231 0.486408 
1 -1.59533 0.311963 
1 -2.34311 0.278643 
1 1.74731 0.503755 
1 8.37624 0.969133 
1 -2.30343 0.348194 
1 6.04192 0.694918 
1 -8.3703 -0.00611084 
1 -5.75628 0.137845 
1 -0.842116 0.382139 
1 -1.83258 0.301009 
1 8.52478 0.844243 
1 3.82624 0.613838 
