1 6.01779 -2.81804 
1 4.18811 -3.99215 
1 0.75447 3.79505 
1 1.93555 0.542321 
1 5.36908 -2.65115 
1 3.9003 -4.29417 
1 3.64201 -2.04645 
1 -1.65988 3.4119 
1 -1.92869 3.51783 
1 5.54328 -2.5279 
1 5.02111 -3.149 
1 -1.28389 5.38571 
1 4.16744 -2.19237 
1 -0.236366 2.16886 
1 5.5168 -2.62309 
1 -2.79356 6.80807 
1 -1.06024 2.07487 
1 5.7896 -2.71515 
1 -2.07205 4.78117 
1 -5.66375 4.95581 
1 2.54901 -1.71488 
1 -2.64314 6.42706 
1 2.1468 0.550224 
1 2.35081 -1.64192 
1 -5.44305 10.4421 
1 -2.69698 6.53441 
1 1.93994 0.555086 
