1.06638	-0.423207	-1.28572	 0
-1.41361	-0.734172	-0.610701	 0
1.07969	0.504919	-0.667001	 0
2.06361	-0.368618	-1.02188	 0
2.07363	-0.427761	-1.3916	 0
1.52075	-0.419236	-0.67418	 0
-0.427643	0.10026	0.243602	 0
1.12431	-0.779529	0.68085	 0
-0.607573	-0.884273	-0.580874	 0
1.42898	-0.743159	1.64458	 0
-1.00421	-0.871371	0.408109	 0
1.33739	-0.77484	0.735946	 0
2.21818	-0.787355	0.941439	 0
1.86482	-0.740016	0.674885	 0
1.51587	0.591112	-1.67717	 0
2.12693	-1.74707	0.972134	 0
1.19262	-1.77382	1.52268	 0
1.90454	-1.77144	0.714154	 0
1.58793	-0.782928	1.75201	 0
-1.45139	-0.255422	-0.531262	 0
0.299195	-2.81427	0.00819107	 0
-0.457546	0.11463	0.293709	 0
2.14737	-1.76613	1.55565	 0
2.13553	-1.74546	1.54179	 0
2.25201	-1.28186	0.781372	 0
0.0400636	1.82371	-0.379026	 0
2.0654	0.566393	-0.889919	 0
0.296087	-2.63061	-0.0176058	 0
-0.131977	0.821786	-0.943738	 0
-0.0981796	1.36481	-1.36756	 0
-1.47369	-0.902478	-0.473457	 0
2.09985	-0.191591	-0.672226	 0
2.18751	-1.45559	1.71901	 0
1.17679	-0.849069	1.68489	 0
2.07803	-0.387967	-1.33779	 0
1.53599	-0.766953	0.693607	 0
1.16313	-0.972654	1.73364	 0
1.8977	0.590096	-1.6539	 0
2.06327	0.577284	-0.668786	 0
1.87088	-1.77243	0.734669	 0
-1.42558	-0.318938	-0.683845	 0
1.26011	-1.72517	0.828072	 0
2.08536	0.568915	-1.68824	 0
1.7717	-1.75464	1.71959	 0
2.2107	-0.791765	1.03004	 0
1.15337	-1.7513	0.669612	 0
-0.118488	0.836789	-0.544016	 0
1.18742	-1.78438	1.54026	 0
2.25275	-1.67764	0.814842	 0
1.77236	-0.375795	-0.664329	 0
1.10219	-1.76198	0.890151	 0
2.14594	-1.57832	0.673662	 0
2.12672	-0.759798	0.834685	 0
2.10226	-1.74456	0.82034	 0
-0.132571	1.23667	-1.36361	 0
1.37112	0.624894	-0.685781	 0
-0.417371	-0.85063	-0.613517	 0
0.820219	0.981556	-0.386259	 0
1.28307	0.51103	-0.676361	 0
2.07493	-0.726978	0.661104	 0
-0.625009	-0.86256	-0.653991	 0
1.06606	-0.409486	-1.21893	 0
1.33893	-0.78982	1.71782	 0
0.113452	-3.08809	-0.988856	 0
-0.4359	0.113959	-0.258821	 0
1.1051	-0.760647	1.6394	 0
2.17215	-1.7726	1.10613	 0
2.102	-1.0188	0.640512	 0
-1.92041	-5.5918	-1.94656	 1
-1.23755	-4.81291	-0.961686	 1
-1.54794	-5.59907	-1.96784	 1
-1.25865	-4.76389	-1.94159	 1
-2.23779	-5.61523	-1.69987	 1
-1.30997	-4.5535	-0.940054	 1
-2.2372	-5.25416	-0.944602	 1
-1.24397	-5.50589	-0.963147	 1
-2.25092	-4.59586	-1.73827	 1
-2.16675	-5.60138	-1.9401	 1
-2.24455	-4.8373	-0.96365	 1
-1.9362	-4.51663	-0.962645	 1
-2.2439	-5.58968	-1.88088	 1
-2.2513	-4.61088	-1.25909	 1
-1.86449	-4.60364	-1.94824	 1
-1.23538	-4.6917	-0.954618	 1
-1.25393	-4.58285	-1.80619	 1
-1.27007	-4.57652	-1.95201	 1
-1.23956	-5.16943	-1.94259	 1
-1.24265	-5.47131	-1.93613	 1
-1.24344	-5.5223	-1.27825	 1
-1.5585	-5.55594	-0.977414	 1
-2.24736	-4.628	-1.39475	 1
-1.50045	-4.59091	-0.975651	 1
-1.82198	-5.55005	-0.951714	 1
-2.23371	-4.90239	-1.96012	 1
-1.23611	-4.55137	-1.29451	 1
-1.23764	-5.54656	-1.72509	 1
-1.47067	-4.54468	-1.96738	 1
-1.23078	-4.55443	-1.81195	 1
-2.01627	-5.55361	-0.956389	 1
-1.25462	-4.59223	-1.46401	 1
-2.24705	-4.92744	-1.95623	 1
-2.11736	-5.60524	-0.961607	 1
-2.24159	-4.69999	-1.96355	 1
-1.23666	-5.23165	-0.955355	 1
-1.37813	-4.56701	-0.946233	 1
-2.2304	-5.02682	-0.941542	 1
-2.22859	-5.59771	-1.32046	 1
-1.58068	-4.55932	-0.935724	 1
-1.25103	-5.51884	-1.93885	 1
-2.25183	-4.6483	-1.1342	 1
-1.25361	-5.29299	-1.94589	 1
-2.23601	-5.54296	-1.00255	 1
-2.23939	-5.53119	-1.66059	 1
-2.24576	-5.56862	-1.13102	 1
-1.85627	-5.54111	-0.949819	 1
-1.95081	-5.6106	-1.94716	 1
-2.25345	-4.57337	-1.92978	 1
-2.25541	-5.61086	-0.986312	 1
-1.24591	-5.41097	-1.93881	 1
-1.61865	-4.62873	-0.951186	 1
-2.26172	-5.15271	-1.95614	 1
-1.24425	-5.1126	-1.94306	 1
-2.219	-4.5511	-0.960715	 1
-1.24355	-5.52069	-1.75694	 1
-2.25249	-5.6414	-1.1842	 1
-1.84323	-4.59857	-0.945216	 1
-2.09553	-5.54469	-0.959341	 1
-2.24293	-5.61846	-1.76927	 1
-1.25025	-4.58922	-1.06797	 1
-1.26036	-5.54646	-1.28892	 1
-0.708326	-3.05657	-0.984873	 1
-1.25966	-5.40415	-0.925979	 1
-1.24567	-5.59204	-1.38735	 1
-2.26326	-4.63951	-1.279	 1
-1.23654	-5.36453	-1.9494	 1
-2.24049	-5.2703	-1.96466	 1
-1.25268	-4.57362	-1.34547	 1
-2.26111	-4.63053	-1.34286	 1
-2.01936	-5.62411	-1.9528	 1
-1.40669	-4.57993	-1.96261	 1
-1.27969	-5.55069	-0.934053	 1
-1.2455	-5.08689	-1.957	 1
-1.24016	-4.57304	-1.2545	 1
-1.24438	-4.58883	-1.27163	 1
-1.90313	-5.56252	-0.936628	 1
-2.26891	-5.35189	-0.94321	 1
-1.22747	-5.21122	-0.938991	 1
-1.27786	-5.55339	-0.924671	 1
-1.25618	-4.67287	-0.945067	 1
-1.78155	-4.54697	-1.95231	 1
-1.77762	-5.58818	-1.93015	 1
-2.25057	-4.90092	-0.93816	 1
-1.25691	-5.47726	-0.960876	 1
-1.27513	-5.57227	-1.95023	 1
-2.01585	-5.63009	-1.95542	 1
-1.62832	-5.56968	-0.94926	 1
-1.85712	-4.56113	-1.98146	 1
-2.25014	-4.58506	-1.70509	 1
-2.09184	-5.59393	-1.96066	 1
-1.59278	-4.599	-0.948599	 1
-1.25716	-4.9008	-0.938072	 1
-2.24981	-4.70056	-0.948238	 1
-1.68048	-5.57213	-1.94826	 1
-1.22707	-5.15214	-1.96709	 1
-2.23155	-4.56362	-1.27327	 1
-1.32456	-4.52539	-0.956854	 1
-1.78535	-4.5985	-0.950952	 1
-1.26392	-4.62194	-1.33405	 1
-1.26693	-4.78242	-1.93954	 1
-1.25951	-5.04111	-0.953568	 1
-1.24975	-5.58053	-1.35744	 1
-2.26062	-5.60529	-1.69021	 1
-2.26395	-5.5451	-1.94429	 1
-1.26444	-4.57758	-0.948532	 1
-2.25691	-4.97967	-1.94091	 1
-1.51859	-5.56499	-1.95545	 1
-2.03706	-5.57376	-1.94175	 1
-1.23443	-5.24445	-0.946729	 1
-1.57698	-5.59637	-1.939	 1
-2.25513	-5.59842	-1.04871	 1
-1.23991	-4.54743	-1.90844	 1
-2.26244	-5.42449	-0.949449	 1
-1.9204	-5.61386	-0.92913	 1
-1.25175	-5.44733	-1.95806	 1
-2.24307	-5.58264	-1.91403	 1
-1.2654	-5.60689	-1.43974	 1
-1.26192	-5.16334	-0.949448	 1
-1.23726	-4.85641	-1.96333	 1
-1.73658	-4.65753	-1.94324	 1
-1.25197	-5.5562	-1.14046	 1
-1.58517	-4.58291	-0.958869	 1
-1.55496	-4.62293	-1.9241	 1
-2.25305	-5.24568	-1.94451	 1
-1.25309	-5.54314	-1.1329	 1
-1.25651	-5.38505	-0.956025	 1
-1.53705	-5.53443	-1.93878	 1
-1.25613	-5.5757	-0.969501	 1
-1.26324	-4.66163	-1.50983	 1
-1.83044	0.375055	-2.93777	 2
2.20207	-1.00361	1.75054	 3
