1.06638 -0.423207 -1.28572 
-1.41361 -0.734172 -0.610701 
1.07969 0.504919 -0.667001 
2.06361 -0.368618 -1.02188 
2.07363 -0.427761 -1.3916 
1.52075 -0.419236 -0.67418 
-0.427643 0.10026 0.243602 
1.12431 -0.779529 0.68085 
-0.607573 -0.884273 -0.580874 
1.42898 -0.743159 1.64458 
-1.00421 -0.871371 0.408109 
1.33739 -0.77484 0.735946 
2.21818 -0.787355 0.941439 
1.86482 -0.740016 0.674885 
2.20207 -1.00361 1.75054 
1.51587 0.591112 -1.67717 
2.12693 -1.74707 0.972134 
1.19262 -1.77382 1.52268 
1.90454 -1.77144 0.714154 
1.58793 -0.782928 1.75201 
-1.45139 -0.255422 -0.531262 
0.299195 -2.81427 0.00819107 
-0.457546 0.11463 0.293709 
2.14737 -1.76613 1.55565 
2.13553 -1.74546 1.54179 
2.25201 -1.28186 0.781372 
0.0400636 1.82371 -0.379026 
2.0654 0.566393 -0.889919 
0.296087 -2.63061 -0.0176058 
-0.131977 0.821786 -0.943738 
-0.0981796 1.36481 -1.36756 
-1.47369 -0.902478 -0.473457 
2.09985 -0.191591 -0.672226 
2.18751 -1.45559 1.71901 
1.17679 -0.849069 1.68489 
2.07803 -0.387967 -1.33779 
1.53599 -0.766953 0.693607 
1.16313 -0.972654 1.73364 
1.8977 0.590096 -1.6539 
2.06327 0.577284 -0.668786 
1.87088 -1.77243 0.734669 
-1.42558 -0.318938 -0.683845 
-1.83044 0.375055 -2.93777 
1.26011 -1.72517 0.828072 
2.08536 0.568915 -1.68824 
1.7717 -1.75464 1.71959 
2.2107 -0.791765 1.03004 
1.15337 -1.7513 0.669612 
-0.118488 0.836789 -0.544016 
1.18742 -1.78438 1.54026 
2.25275 -1.67764 0.814842 
1.77236 -0.375795 -0.664329 
1.10219 -1.76198 0.890151 
2.14594 -1.57832 0.673662 
2.12672 -0.759798 0.834685 
2.10226 -1.74456 0.82034 
-0.132571 1.23667 -1.36361 
1.37112 0.624894 -0.685781 
-0.417371 -0.85063 -0.613517 
0.820219 0.981556 -0.386259 
1.28307 0.51103 -0.676361 
2.07493 -0.726978 0.661104 
-0.625009 -0.86256 -0.653991 
1.06606 -0.409486 -1.21893 
1.33893 -0.78982 1.71782 
0.113452 -3.08809 -0.988856 
-0.4359 0.113959 -0.258821 
1.1051 -0.760647 1.6394 
2.17215 -1.7726 1.10613 
2.102 -1.0188 0.640512 
