2.84234 0.596176 -2.76834 
1.82152 0.559989 -3.21257 
1.86418 -0.411241 -3.33727 
2.81645 -0.401839 -3.37856 
2.31827 -0.399849 -3.79009 
1.84377 0.597302 -3.51563 
1.82799 -0.294805 -2.78085 
2.88113 0.219736 -3.76475 
1.85531 0.114532 -3.72368 
1.86183 0.403247 -3.7524 
2.22816 -0.42209 -3.75902 
2.44238 0.583326 -3.80632 
2.87957 0.0238108 -3.73868 
2.865 0.153315 -3.77166 
2.77229 -0.421216 -2.78743 
2.54271 0.552242 -2.82846 
2.21997 -0.430286 -3.79982 
1.8881 -0.416486 -3.02182 
1.84545 0.32195 -2.78806 
2.47319 -0.453034 -2.7522 
1.85546 -0.134567 -3.75433 
1.84514 -0.00472297 -3.78273 
1.87961 0.447203 -2.73353 
2.89707 0.586748 -3.22391 
2.67252 -0.401075 -2.75211 
1.8842 0.244209 -3.75778 
1.87167 0.0203645 -3.77859 
1.8875 0.605374 -3.36829 
1.91835 0.581014 -2.76111 
2.91577 0.574286 -3.53624 
2.94568 -0.103329 -3.70988 
2.51987 -0.427358 -3.76042 
1.83656 0.512817 -3.7681 
2.83586 -0.425255 -3.00954 
1.87296 0.0263221 -3.74616 
1.88402 -0.383116 -3.48364 
2.28682 0.589073 -2.76572 
2.82251 -0.248001 -2.80696 
2.84305 0.423433 -3.77542 
1.90177 0.597248 -2.72715 
1.89089 0.491854 -3.7355 
1.86704 0.284862 -2.76081 
1.91053 0.313344 -2.7072 
2.7938 0.579452 -3.77204 
1.79969 0.0919786 -2.82392 
1.89037 0.130782 -2.75119 
1.90317 -0.410334 -3.63465 
2.15841 0.569873 -2.75484 
2.84213 0.591395 -3.08759 
2.72362 0.594723 -3.75165 
2.84707 0.387796 -3.8115 
2.66636 0.543593 -3.72222 
2.37393 -0.37043 -2.72955 
1.81872 0.392251 -2.786 
1.86082 -0.249503 -3.77361 
2.83479 0.447353 -3.79749 
2.85726 -0.0382672 -3.75401 
2.87383 -0.312201 -3.75796 
1.85699 -0.28466 -3.74685 
1.86021 -0.42254 -3.10789 
2.81581 0.0302638 -3.79045 
2.85398 0.322534 -3.76717 
1.91422 0.589789 -3.40392 
2.79323 0.266488 -2.82662 
2.88211 0.605702 -3.29178 
2.9089 0.622774 -3.50649 
2.82115 -0.391488 -3.67244 
2.89118 0.0476577 -2.75535 
1.9197 0.607184 -2.76293 
2.83766 0.547852 -2.84873 
2.47512 0.57395 -2.77235 
1.82996 -0.230478 -2.81746 
1.82898 -0.430728 -3.72881 
2.86255 0.49367 -2.73682 
2.88107 0.6079 -3.62724 
2.21983 0.603326 -3.76781 
1.84836 0.560648 -3.07179 
2.85196 -0.149967 -3.76701 
2.84778 -0.161748 -2.76459 
1.86823 -0.416964 -3.13157 
2.83102 -0.106595 -3.79942 
1.86022 -0.286469 -2.74834 
2.86261 0.587978 -3.68863 
2.59644 0.570967 -2.73283 
0.990223 2.15515 -1.54946 
2.47329 -0.433887 -2.74526 
2.04941 0.597353 -2.73449 
2.61387 0.590415 -2.78664 
1.86227 0.571378 -3.27334 
1.78774 0.334635 -2.82568 
1.91431 0.586833 -3.75537 
1.78892 -0.350888 -2.81755 
2.12268 0.580782 -2.78148 
1.85883 0.289356 -2.75476 
1.91808 -0.43044 -3.79938 
2.84482 0.544574 -3.00361 
2.79331 0.612519 -2.73901 
2.50484 0.554114 -3.75945 
1.87161 -0.39632 -3.5687 
2.83986 0.154504 -3.78587 
1.84416 0.0730928 -3.77759 
1.83867 0.572896 -2.82495 
2.38773 0.606559 -3.80294 
2.88765 0.436638 -2.71744 
2.82031 0.604765 -3.29863 
2.76451 0.6117 -3.74491 
1.98372 0.559696 -3.82441 
2.30458 0.58174 -2.79944 
1.86779 0.214114 -2.73073 
