8.50862 -4.98014 3.8499 
7.61428 -5.56047 3.93526 
8.49933 -4.75146 3.94799 
7.98015 -5.82187 3.85697 
7.60068 -4.87211 4.52707 
7.53755 -5.80696 4.80713 
7.5182 -4.77763 4.55406 
7.61358 -5.0259 4.90547 
8.61007 -5.88687 4.28257 
8.52909 -4.8689 4.90636 
8.20438 -5.88613 3.88456 
8.51245 -4.86892 4.5877 
8.65438 -5.91828 4.94849 
8.2023 -5.83103 3.83424 
8.21885 -4.72356 4.81037 
8.57067 -5.88777 4.64507 
8.65139 -4.95524 4.68121 
8.42541 -4.89521 3.90778 
8.4508 -5.36044 3.79778 
8.65217 -4.93197 4.01142 
8.33803 -5.90058 3.92278 
8.13933 -5.97641 4.94187 
8.58047 -5.88677 3.98545 
8.61246 -5.6231 3.88444 
7.65911 -5.9882 4.96151 
7.96248 -5.89358 4.89589 
8.28227 -4.812 4.89631 
8.17663 -5.94958 4.94175 
8.56615 -4.88151 4.58036 
8.55173 -5.84327 4.2351 
8.28633 -4.93897 3.90234 
7.54489 -5.39689 4.87483 
8.50508 -4.81358 4.72284 
7.39004 -5.67217 3.82645 
8.52337 -5.70717 4.87652 
7.42327 -4.64374 4.33897 
8.14806 -4.79966 4.88956 
8.06919 -5.81899 4.87413 
8.58256 -5.78671 4.88088 
7.64773 -4.8981 4.90089 
8.55337 -5.09892 4.89944 
7.63407 -5.9337 4.59069 
8.47551 -5.77305 4.27728 
7.59841 -4.93765 4.35383 
8.47816 -5.22523 4.83577 
8.303 -5.82983 4.85319 
8.54192 -5.73891 4.87773 
