-0.995157 -1.29033 1.30179 
-1.41163 -2.22165 0.293956 
-1.61635 0.255742 0.257797 
-1.00703 -1.4997 1.29683 
-1.97658 -2.23153 1.18672 
-1.00871 -1.2056 1.29687 
-1.01278 -1.22434 0.549073 
-1.71248 -1.20759 0.298432 
-1.60101 -0.335687 -0.115265 
-2.61334 0.660928 -0.504291 
-0.997295 -1.20407 0.72922 
-0.985757 -1.34822 1.29869 
-1.99058 -1.231 0.801778 
-2.00178 -2.1923 0.302627 
0.600204 -1.60873 0.89137 
-1.93333 -2.22249 0.287143 
-2.01789 -2.24008 0.729032 
-1.00774 -1.24011 1.01706 
-1.00191 -1.23887 0.303352 
-1.22863 -2.23129 0.290844 
-0.979533 -2.00034 1.29781 
-2.61911 0.538794 0.262001 
-1.99068 -1.22885 0.99364 
-0.993164 -1.5991 0.312067 
-1.00227 -2.22552 0.843168 
-1.02738 -2.24596 0.385188 
-2.61774 -0.347371 0.226061 
-1.00433 -1.21532 1.26132 
-2.57405 -0.340422 -0.503535 
-2.37526 0.832116 -1.33853 
-1.22167 -1.21822 1.28416 
-1.1081 -1.20735 0.306727 
-2.32136 -0.384303 0.240532 
-1.41001 -2.23514 0.296872 
-2.2664 -0.35578 0.266767 
