-2.11521 -2.06361 1.80323 
-1.73511 -2.05069 2.80242 
-2.59511 -2.08354 1.83423 
-1.77307 -1.21266 2.82219 
-2.72774 -1.07916 2.27417 
-1.71576 -2.09581 1.94043 
-2.02901 -2.09103 1.80495 
-2.58258 -1.08112 2.83515 
-1.74692 -1.0837 2.80857 
-2.75109 -1.08531 2.60399 
-2.73616 -2.07826 1.82446 
-2.20996 -2.06512 2.80939 
-2.73453 -1.25253 1.82982 
-2.20567 -1.08794 2.83256 
-2.72643 -2.07657 2.45428 
-2.74764 -2.06521 2.79098 
-2.20905 -1.09748 1.83202 
-2.71782 -2.10416 2.74388 
-1.77323 -1.32343 1.8248 
-1.7444 -2.09134 2.62463 
-2.72749 -2.08468 2.2572 
-2.73164 -2.1011 2.23812 
-1.72974 -1.22109 1.84306 
-1.75305 -2.06211 1.99474 
