1 -0.898456 0.728519 
1 -6.94488 0.253571 
1 -11.8387 -1.47711 
1 -6.17686 -1.05937 
1 -0.933158 -1.44353 
1 -10.9221 -1.12168 
1 -1.40729 -0.458198 
1 -11.3104 -1.28747 
1 -10.6085 -1.07353 
1 -13.0333 -1.89711 
1 -5.87424 -1.02707 
1 -8.31981 -0.280297 
1 -10.3482 -1.5448 
1 -1.37684 -0.416604 
1 -1.23149 -0.379469 
1 -8.41884 -0.343752 
1 -9.05106 -0.49949 
1 -6.75268 -1.09473 
1 -6.92921 0.23256 
1 -5.35696 0.7409 
1 -3.81057 -0.718981 
1 13.6907 2.33104 
1 -1.0838 -0.40687 
1 2.40629 2.19133 
1 -6.42629 -1.08403 
1 1.28059 3.08912 
1 12.3831 3.766 
1 -0.522215 -0.952144 
1 -8.91782 -0.458912 
1 -4.27782 1.10293 
1 12.5475 3.35421 
1 -8.69923 -0.40145 
1 12.7468 3.00948 
1 -2.95358 -0.626728 
1 -10.4081 -0.950337 
1 -3.16906 1.44261 
1 6.9715 0.599107 
1 -4.34896 -0.841782 
1 -11.4619 -1.32887 
1 -4.37691 1.11034 
1 12.7249 3.32443 
1 -5.19356 0.766848 
1 -5.4102 -0.977645 
1 -6.6831 0.275973 
1 -7.18824 -1.17485 
1 -10.4368 -0.95092 
1 -8.78481 -0.405572 
1 1.79648 2.51511 
1 0.516167 2.74142 
1 13.774 1.76083 
1 -10.8829 -1.11159 
1 4.37462 0.278014 
1 -12.5319 -1.69867 
1 -5.12067 -0.943167 
1 12.0102 4.01219 
1 -0.368168 0.420474 
1 -0.453531 0.407177 
1 -0.00737611 -0.468292 
1 -8.6428 -0.380953 
1 -9.20933 -0.526755 
1 1.94923 1.71222 
