1 0.391329 5.20595 
1 5.33237 9.32974 
1 1.25712 4.77612 
1 5.22937 8.43015 
1 -0.629576 7.55343 
1 5.29486 9.21212 
1 5.27105 8.65235 
1 -0.860014 6.04008 
1 -0.655406 5.68076 
1 5.3184 9.33865 
1 -3.43494 7.17064 
1 5.16357 7.72015 
1 -7.65638 6.36541 
1 -7.45149 5.08165 
1 -0.709645 5.77328 
1 5.45597 10.9023 
1 5.28662 8.868 
1 -0.839284 5.83294 
1 5.10203 6.70023 
1 5.11195 6.72865 
1 5.43999 10.9169 
1 -1.3726 6.99141 
1 -1.8362 6.3574 
1 5.38472 9.6264 
1 5.15611 6.90615 
1 -1.45575 6.19272 
1 5.17635 7.61595 
1 -7.47315 5.06458 
1 -4.47796 7.18223 
1 5.20502 7.40772 
