1 0.294886 1.52472 
1 -9.71329 -3.85338 
1 -11.0008 -4.31153 
1 -11.3539 -4.56224 
1 1.25349 0.742055 
1 -6.96699 -0.642246 
1 -5.78091 -2.1836 
1 4.74356 2.35246 
1 -5.48785 -2.02884 
1 4.67403 1.66734 
1 -2.31854 -0.701994 
1 0.415051 1.56596 
1 -8.26807 -3.25996 
1 -7.29959 -2.72741 
1 -10.7945 -4.36953 
1 -5.25234 -1.92776 
1 4.68451 1.41467 
1 5.2862 2.43521 
1 2.92763 1.54243 
1 4.05435 3.63809 
1 -7.08314 -2.72434 
1 -6.27598 -2.34662 
1 -3.70585 -0.73849 
1 4.04603 3.63567 
1 2.51641 1.40327 
1 4.94437 2.91895 
1 -5.50378 -2.07622 
1 -8.32246 -3.30624 
1 4.12252 1.995 
1 -0.637191 1.02249 
1 -3.02577 -0.972641 
1 -0.633079 1.00874 
1 2.73103 1.41676 
1 -5.19322 -1.51085 
1 -1.25982 0.633807 
1 -10.7979 -4.7052 
1 4.08402 1.9223 
1 5.02318 5.47017 
1 -11.2188 -4.4905 
1 -8.09535 -3.28499 
1 -2.26792 0.11663 
1 2.73925 2.85517 
1 -0.281232 1.1763 
1 4.79308 2.70376 
1 -11.843 -5.21978 
1 -8.11933 -3.20452 
1 1.37228 2.19431 
1 6.0247 2.76522 
1 4.73361 2.24168 
1 1.67457 1.02189 
1 -9.76109 -3.81415 
1 0.572387 0.401412 
1 4.69111 2.07366 
1 4.86995 3.97212 
1 -10.5445 -4.19411 
1 1.9159 0.908142 
1 3.04635 3.82953 
1 5.28444 2.84214 
1 4.2215 1.96291 
1 4.63477 3.99052 
1 -7.37405 -2.74105 
1 3.18059 1.6199 
1 6.24607 2.86565 
1 -11.9126 -5.31066 
1 3.69458 3.57556 
1 -0.353266 1.73636 
1 -10.7174 -4.17859 
1 2.74636 4.00447 
1 5.08696 5.60692 
1 4.5578 3.894 
1 -4.46482 -1.50753 
1 -5.79829 -1.86797 
1 -8.96302 -1.30924 
1 -6.00485 -1.43783 
1 4.72087 4.01744 
1 -6.86869 -2.61736 
1 4.93218 4.18703 
1 6.75244 2.00819 
1 -2.63055 -0.767822 
1 -5.27735 -1.978 
1 2.90509 1.33857 
1 -0.940108 0.836272 
1 2.57691 2.83286 
1 0.527174 0.329406 
1 3.49855 1.86722 
1 2.12704 1.17254 
1 4.07242 2.04329 
1 0.407972 1.63763 
1 -1.90442 0.324692 
1 4.6801 1.34853 
1 -3.37221 -1.58918 
1 -12.2024 -5.49409 
1 -6.0265 -1.99743 
1 3.72509 1.85921 
1 5.09974 2.68626 
1 2.65251 2.9046 
1 1.79989 0.905785 
1 -3.01101 -0.955968 
1 -11.5276 -5.09693 
1 0.0569646 1.43107 
1 3.29003 3.20863 
1 1.30749 2.07411 
1 -4.61452 -1.27488 
1 0.238537 1.52575 
