1 -3.9948 -1.40051 
1 -4.82891 -0.429978 
1 2.59148 -8.79805 
1 -3.36421 -3.2832 
1 3.03042 -9.33297 
1 -5.55437 0.337004 
1 1.0644 -7.04094 
1 3.62109 -9.98983 
1 -6.16694 1.04685 
1 -5.18341 0.0290767 
1 0.120733 -6.02633 
1 -2.73266 -2.78829 
1 1.96079 -8.07314 
1 -5.32034 0.0562259 
1 -7.25184 2.22766 
1 -5.06969 -0.214198 
1 5.49607 -12.0886 
1 -1.03122 -4.64636 
1 -3.31346 -1.31546 
1 -1.69338 -3.98261 
1 -6.55135 1.55469 
1 -6.07321 0.99506 
1 0.120304 -5.99749 
1 -6.63856 1.5269 
1 1.51135 -7.58487 
1 -4.49094 -0.810123 
1 -7.04032 1.93875 
1 -2.52733 -2.98976 
1 0.0680134 -5.89551 
1 2.42968 -8.60376 
1 2.59034 -8.7873 
1 -1.0533 -4.67405 
1 5.74562 -12.3857 
1 -0.101408 -5.80588 
1 -3.64939 -3.6891 
1 -1.77997 -3.86336 
1 1.58432 -7.6885 
1 5.81992 -12.4131 
1 0.526848 -6.4138 
1 -3.65095 -1.47729 
1 3.33497 -9.58489 
1 -0.545804 -5.26937 
1 3.2451 -9.54281 
1 4.477 -10.9174 
1 2.73267 -8.87684 
1 4.79994 -11.2496 
1 -6.03531 0.958679 
1 -0.716933 -5.06691 
1 -2.38127 -3.19532 
1 -3.59101 -1.4662 
1 0.0612905 -5.9327 
1 -6.91807 1.8746 
1 5.85172 -12.5085 
1 -3.1292 -2.97414 
1 -3.6977 -1.50651 
1 -3.71232 -1.60979 
1 -2.01204 -3.50846 
1 0.701248 -6.59626 
1 -7.22768 2.23928 
1 4.73639 -11.1652 
1 -2.87391 -2.62404 
1 -1.54392 -4.14585 
1 4.67176 -11.05 
1 2.87482 -9.14578 
1 4.189 -10.5825 
1 3.5415 -9.72679 
1 2.34058 -8.54318 
1 -2.81997 -2.50149 
1 -1.77401 -3.88211 
1 1.33232 -7.39037 
1 -3.39558 -3.27646 
1 0.645473 -6.59181 
1 4.3236 -10.6498 
1 -6.47476 1.42236 
1 3.45624 -9.83131 
1 3.09282 -9.27837 
1 4.62205 -11.0575 
1 1.22377 -7.20002 
1 -0.52804 -5.28641 
1 -6.35601 1.26515 
1 -1.48209 -4.12558 
1 -4.67929 -0.594207 
1 -0.596605 -5.25252 
1 -1.94183 -3.72673 
