1 2.02334 2.00376 
1 -0.734963 0.00406497 
1 -2.21961 -0.544762 
1 -7.71908 -3.85273 
1 -0.857851 0.281608 
1 -3.35856 -1.23663 
1 -0.962132 0.0134278 
1 -4.27834 -1.79481 
1 -3.1438 -1.11924 
1 -9.05136 -4.67313 
1 7.45526 5.2851 
1 1.0185 1.41103 
1 -2.25964 -0.567961 
1 5.15789 3.9042 
1 3.09596 2.64435 
1 -8.376 -4.26085 
1 2.93151 2.96646 
1 -8.49805 -4.35756 
1 3.13889 2.6872 
1 2.98151 2.60085 
1 -7.3916 -3.66097 
1 3.73643 3.04555 
1 5.54185 4.11884 
1 3.24755 2.73884 
1 -0.213191 0.022164 
1 -3.73571 -1.4661 
1 1.99781 1.97906 
1 4.10471 3.26337 
1 2.65362 2.38208 
1 -3.73968 -1.48878 
1 -5.27918 -2.40419 
1 -3.16822 -1.1311 
1 1.38651 1.60993 
1 6.72025 4.84311 
1 1.93458 1.96309 
1 -5.35665 -2.44205 
1 7.3346 5.21684 
1 -5.02222 -2.254 
1 0.406325 1.02284 
1 0.44511 1.46609 
1 6.08902 4.4561 
1 -8.1771 -4.15815 
1 2.22182 2.13539 
1 7.23656 5.15609 
1 -8.75794 -4.49727 
1 -2.42953 -0.684907 
1 -4.69366 -2.04866 
1 -7.70729 -3.84114 
1 2.48994 2.29268 
1 -5.63228 -2.60373 
1 -3.37425 -1.26055 
1 -8.62813 -4.42847 
1 5.64781 4.18839 
1 6.82762 4.91418 
1 7.3923 5.25202 
1 -1.02788 -0.0138981 
1 -4.43763 -1.8991 
1 -7.08209 -3.47456 
1 -0.214622 0.651914 
1 -7.6697 -3.85061 
1 -0.500012 0.48408 
1 -5.72823 -2.65599 
1 -6.13577 -2.93339 
1 2.00298 1.98575 
1 6.42698 4.66532 
1 -0.376313 0.0157188 
1 -7.23213 -3.58218 
