1 1.03983 -0.473829 
1 -7.86801 -0.361033 
1 7.88332 0.411113 
1 -0.734963 0.00406497 
1 7.04262 0.397971 
1 8.40229 0.425598 
1 6.57371 0.374976 
1 5.35677 1.18654 
1 -4.39325 -0.19031 
1 -3.59884 -0.100973 
1 2.07972 0.149931 
1 6.07846 0.323624 
1 -4.37345 -0.143545 
1 -7.31396 -0.312291 
1 7.75272 -0.680844 
1 -7.33516 -0.326329 
1 1.32544 0.118135 
1 9.24408 0.538727 
1 11.1158 0.573355 
1 8.74223 0.441099 
1 3.77148 0.233575 
1 4.00512 0.206637 
1 7.0823 -0.117308 
1 -0.371141 0.552537 
1 11.4145 0.616151 
1 5.6568 0.294958 
1 1.0185 1.41103 
1 1.49125 0.118145 
1 -1.94152 -0.392473 
1 1.6902 0.143467 
1 9.09026 0.490909 
1 -6.02997 -0.246053 
1 -4.41722 -0.174644 
1 -3.38504 -0.113914 
1 7.85888 0.449993 
1 -3.52994 -0.124484 
1 10.231 0.550733 
1 -2.14175 -0.49 
1 -6.43488 -0.247064 
1 -5.40685 -0.204953 
1 2.77381 0.188684 
1 1.37682 -1.58277 
1 -0.0392922 0.769045 
1 4.07257 0.255935 
1 11.4171 0.586564 
1 -3.56011 -0.109582 
1 4.56943 0.261647 
1 -0.213191 0.022164 
1 3.10525 0.200493 
1 6.20046 0.527068 
1 -6.83805 -0.248894 
1 1.07926 -0.620647 
1 10.2787 0.542443 
1 9.67545 0.518719 
1 -6.81419 -0.301509 
1 1.0706 -0.544587 
1 -3.3089 -0.124177 
1 2.20123 0.134047 
1 10.6454 0.55898 
1 9.62872 0.518187 
1 5.28664 0.33648 
1 3.25184 0.204283 
1 -5.2194 -0.221251 
1 0.44511 1.46609 
1 -3.70232 -0.132925 
1 -4.33419 -0.16068 
1 11.8121 0.633055 
1 -5.44955 -0.233258 
1 4.1462 0.242011 
1 -6.80228 -0.287196 
1 -4.68025 -0.180034 
1 0.603353 1.15641 
1 1.93568 0.138547 
1 11.9175 0.647311 
1 8.91863 0.4574 
1 -7.46654 -0.290851 
1 3.45199 0.212629 
1 0.464309 1.07059 
1 2.34789 0.148952 
1 1.22024 0.0487703 
1 9.1675 0.471478 
1 7.1176 0.36043 
1 -1.02788 -0.0138981 
1 -2.13359 -0.031642 
1 -0.214622 0.651914 
1 3.09786 0.204795 
1 -0.500012 0.48408 
1 -0.451808 0.514261 
1 -0.0360645 0.0347634 
1 3.42909 0.214283 
1 2.93782 0.187733 
1 -2.2097 -0.0659807 
1 8.19789 0.41439 
1 0.333389 0.0902601 
1 5.39941 0.314342 
