1 0.993856 7.1309 
1 -3.56961 -1.07934 
1 0.23557 5.88555 
1 -2.08538 1.72494 
1 -0.614927 4.25625 
1 -0.786564 3.95902 
1 0.953174 7.05487 
1 -0.580317 4.3326 
1 -4.84965 -3.29813 
1 1.74824 8.54608 
1 2.18259 9.45782 
1 0.607984 6.54755 
1 -0.857417 3.80391 
1 1.81429 8.67449 
1 1.04469 7.28675 
1 0.925483 7.03635 
1 -2.83709 0.265944 
1 -3.34347 -0.644569 
1 -6.33404 -6.05871 
1 0.159984 5.60595 
1 0.387862 6.09246 
1 -0.828342 3.953 
1 1.37149 7.82457 
1 1.87666 8.81282 
1 -1.98625 1.86066 
1 -2.01996 0.416325 
1 -1.93441 1.91241 
1 1.2859 7.70099 
1 0.39742 6.1339 
1 -0.49568 4.43892 
1 -1.90031 1.93066 
1 1.8114 8.64771 
1 -1.92579 1.92836 
1 -1.17877 3.25159 
1 -3.59288 -1.16211 
1 -2.8271 0.312214 
1 0.500949 6.2579 
1 -2.15755 1.50159 
1 -1.27667 3.13272 
1 -0.437271 4.60152 
1 -0.825469 3.98182 
1 -0.794718 3.9182 
1 1.02047 7.11425 
1 -1.32423 1.49395 
1 -2.58633 0.299864 
1 -0.00855036 5.45651 
1 -0.781959 3.95067 
