1 6.63594 1.79661 
1 7.51102 1.91605 
1 -5.85971 -5.1774 
1 -4.02915 -1.9378 
1 -5.46352 -4.48965 
1 0.732145 0.287061 
1 8.32455 0.562153 
1 6.94177 1.83445 
1 5.15316 1.55168 
1 -6.02445 -5.53598 
1 8.20371 2.00014 
1 -5.92201 -5.27058 
1 -4.63609 -3.03849 
1 4.55293 1.45727 
1 9.64058 2.2552 
1 -3.93235 0.11567 
1 4.56041 1.45742 
1 -7.44577 -7.94114 
1 4.98769 1.49673 
1 5.35273 1.56892 
1 -3.79475 -1.36912 
1 -5.01273 -3.65278 
1 -1.48195 0.209292 
1 4.68574 0.439965 
1 -1.50971 -1.29638 
1 3.60875 0.408562 
1 -5.24584 -4.15501 
1 3.37022 0.372982 
1 5.85274 1.65118 
1 -1.44891 -0.929253 
1 4.91037 0.466022 
1 -6.95859 -7.14207 
1 -5.53012 -4.57304 
1 0.0662214 0.277421 
1 6.39293 1.72458 
1 -5.99753 -5.43229 
1 -5.24631 -4.1008 
1 7.64773 1.96849 
1 -5.07061 -3.82158 
1 -6.21303 -5.80651 
1 9.06856 2.16783 
1 7.14066 1.88664 
1 9.50291 0.61207 
1 -5.38173 -4.38318 
1 -4.14452 -5.97143 
1 -4.71187 -3.13911 
1 -4.74978 -3.20405 
1 4.14564 0.418599 
1 7.76416 0.55402 
1 -5.52095 -4.60483 
1 -5.75936 -4.9011 
1 -6.50643 -6.52104 
1 -4.20358 -2.14204 
1 5.48262 1.55391 
1 -3.95118 -1.79497 
1 -8.32165 -3.71064 
1 -7.4218 -7.97431 
1 -6.57176 -6.56071 
1 8.80935 2.1072 
1 5.57325 1.60206 
1 -3.48564 -0.927788 
