-1.80585 0.685102 -1.14982 
-1.68026 0.146889 -1.13266 
-0.805097 0.703954 -1.13841 
-0.748393 1.13433 -0.588939 
-0.853128 0.153005 -0.905868 
1.93435 2.0715 -1.91026 
-1.06836 -0.042561 -0.0359965 
-1.79248 0.135064 -0.225692 
1.95748 2.12934 -0.880904 
1.54117 2.5813 -1.86415 
-0.000739083 2.29169 -0.650753 
-1.5748 0.732902 -1.68645 
-1.76514 1.15166 -0.822482 
-0.586668 -0.0251568 -0.660338 
0.936389 2.55926 -1.6129 
1.58093 1.58304 -1.87505 
0.939172 1.7961 -0.868246 
1.11487 2.56962 -1.89195 
0.951444 2.15509 -0.896588 
-1.72605 0.132197 -0.151378 
1.74725 2.5831 -0.893116 
0.951049 1.59934 -1.29768 
-0.769137 0.33275 -1.14854 
0.949894 2.59111 -1.08517 
-0.95586 0.131868 -0.155661 
-1.76048 0.383976 -0.147362 
-1.54445 0.149107 -1.1387 
-0.800063 -0.0161051 -0.649436 
-1.56482 1.1471 -0.14671 
0.936314 2.08792 -1.89082 
1.94949 2.35289 -0.891485 
1.9405 2.14214 -1.88453 
-1.06355 -0.213161 -0.607388 
-1.32824 1.14354 -1.14486 
1.9471 1.61907 -0.854318 
1.93391 2.58625 -0.990398 
-0.803139 1.15453 -0.450706 
