-10.8123 -0.382389 -9.58987 
-10.2976 -0.417269 -9.45043 
-10.69 -0.43077 -10.2517 
-10.6413 -0.350765 -10.4487 
-10.6938 -0.449567 -9.61636 
-10.6151 0.515448 -9.37663 
-9.70536 0.360907 -10.4825 
-9.63817 -0.438758 -9.55191 
-10.7362 0.543491 -9.48836 
-9.61212 0.0801517 -10.4043 
-9.94247 -0.446779 -9.4294 
-9.80145 0.589657 -10.3739 
-10.2859 0.601131 -9.55501 
-10.6699 0.579932 -10.383 
-9.68338 0.525642 -10.4026 
-10.6699 -0.441579 -9.45043 
-10.6939 -0.434662 -9.86424 
-10.0429 0.575845 -10.3722 
-9.59553 0.337205 -10.395 
-9.69843 -0.455189 -9.70909 
-9.79803 0.591836 -9.96241 
-10.6701 0.445988 -10.401 
-10.6756 0.0413831 -10.3839 
-10.1168 0.513259 -9.51 
-10.7535 0.526145 -10.4671 
-10.1917 -0.461667 -10.5083 
-9.59269 0.220562 -9.32939 
-10.7351 0.591081 -10.4695 
-10.6709 -0.0574718 -10.4361 
-9.61949 -0.377806 -10.3462 
-10.2066 -0.454584 -10.3799 
-10.721 -0.376422 -10.4555 
-9.71971 0.559895 -10.379 
-9.65822 -0.426553 -10.258 
-10.2831 0.61116 -10.4559 
-9.71661 0.59869 -9.51544 
-10.7152 0.590308 -9.92244 
-10.5989 -0.465362 -9.39862 
-10.0627 -0.471454 -9.41271 
-9.75499 0.582805 -9.68985 
-9.70825 -0.381294 -10.2851 
-10.3633 0.550009 -9.4628 
-9.67387 0.573346 -10.1317 
-9.90895 0.507315 -9.46253 
-10.723 -0.00746114 -10.445 
-10.7591 0.30024 -10.5104 
-9.82976 0.591342 -10.4302 
-10.7087 0.278726 -9.46548 
-9.71488 -0.17003 -9.42913 
-9.76686 -0.415939 -9.81144 
-10.2681 0.482997 -9.31888 
-10.2465 0.576174 -10.4439 
-9.87681 0.52344 -9.39504 
-9.69746 -0.426263 -9.59567 
-9.76178 -0.391277 -10.2635 
-10.6622 -0.349467 -9.37396 
-10.484 -0.424529 -10.5195 
-9.63386 0.392569 -9.40341 
-10.6539 -0.297388 -9.40961 
-10.4279 -0.435746 -10.4985 
-10.6311 0.586293 -9.80489 
-10.3913 -0.413328 -9.47008 
-10.4798 -0.372633 -9.46669 
-10.6577 -0.441067 -9.88934 
-9.9345 -0.448775 -9.46059 
-10.7041 -0.453186 -9.95462 
-9.62796 0.515595 -9.72389 
-9.61426 0.00646309 -9.35898 
-10.6755 0.0191172 -9.39865 
-10.4261 -0.396232 -9.36587 
-10.5209 0.56969 -9.41954 
-10.6488 -0.46683 -10.2126 
-9.68202 0.120572 -9.4456 
-10.7402 -0.426064 -10.4127 
-10.6753 -0.364731 -10.4184 
-10.717 -0.193405 -9.47274 
-10.6032 -0.222994 -10.3566 
-10.1181 0.536706 -10.4368 
-10.5612 0.587066 -10.4319 
-10.2988 0.504282 -9.37188 
-10.428 -0.439648 -10.4982 
-9.97451 0.512652 -9.39343 
-10.7024 0.1896 -10.468 
-10.4277 0.555419 -9.41843 
-10.404 0.49339 -10.2881 
-10.6064 0.534339 -10.1564 
-9.71282 -0.333546 -10.4213 
-10.8275 -0.370766 -10.4268 
-10.593 0.504094 -9.41609 
-10.652 -0.480146 -9.88635 
-9.72007 0.575783 -9.97641 
-9.68126 -0.423353 -10.1816 
-10.1199 0.486984 -10.3604 
-9.71387 -0.0727892 -10.4585 
-9.66643 0.17785 -10.3528 
-10.7054 -0.454099 -10.3384 
-9.73473 0.00170433 -9.49187 
-10.3252 -0.474816 -9.44476 
-10.6452 -0.484392 -9.92454 
-9.74503 0.4262 -10.4912 
-10.6866 0.276389 -10.4381 
-9.72483 0.559273 -9.88314 
-9.68844 0.243093 -9.41408 
-9.82516 0.523627 -9.36329 
-10.3087 0.585449 -10.4991 
-10.3762 -0.423418 -10.4672 
-9.73662 -0.305735 -10.4324 
-10.342 0.606106 -10.5136 
-10.6739 -0.126716 -10.4216 
-10.7432 -0.373419 -9.49817 
-10.673 0.627598 -9.52344 
-9.76192 -0.420582 -10.2386 
-10.1228 -0.413515 -10.5153 
-10.187 0.564303 -9.40682 
-9.65707 -0.38221 -10.0744 
-9.8438 0.503882 -10.3947 
-9.62655 -0.236563 -10.3733 
-9.70314 -0.460654 -9.49994 
-9.69896 0.590254 -10.2549 
-9.75724 -0.395734 -10.1759 
-10.2763 -0.488171 -10.3771 
-10.5769 0.530528 -9.59623 
-10.657 -0.450082 -9.72558 
-9.76054 0.406214 -9.51015 
-10.6866 -0.118477 -10.3548 
-10.7116 -0.217656 -9.40913 
-9.6708 0.0909714 -10.4008 
-10.7956 -0.390335 -9.62832 
-9.71705 -0.424379 -10.1299 
-10.1517 -0.408659 -10.4162 
-10.6776 -0.446813 -9.48357 
-10.6952 -0.449782 -10.2823 
-10.7257 0.0899736 -9.46512 
-10.0399 0.601546 -10.3946 
-10.7203 -0.397248 -10.0406 
-10.6448 0.457188 -9.34396 
-10.1814 -0.408592 -9.54735 
-10.6972 -0.443818 -9.81293 
-9.68495 -0.441103 -10.2228 
-10.6164 0.583947 -9.42813 
-10.7987 0.620706 -10.3428 
-9.71558 -0.251995 -10.4334 
-10.671 0.061979 -9.3898 
-9.6497 0.419551 -10.4122 
-10.6219 0.244321 -10.3175 
-10.6556 -0.430135 -10.0542 
-10.2664 -0.468659 -9.43107 
-9.72345 -0.431516 -9.54452 
-10.7314 0.624142 -9.80371 
-9.75663 0.319716 -9.46848 
-10.6764 0.0265185 -9.40288 
-9.90443 -0.453565 -10.4204 
-10.2958 -0.378865 -9.44253 
-10.6864 0.568829 -9.67566 
-9.61372 0.500223 -10.3018 
-10.0998 -0.492097 -9.41433 
