-1.23755 0.857876 -1.102 
-1.24921 1.15081 -0.37768 
-1.09066 -0.206973 1.75477 
-0.817822 0.69082 0.777637 
-0.581707 0.116713 -1.0816 
-0.313261 -0.321409 1.82278 
-0.405922 0.175429 -0.105527 
-1.07795 -0.252985 0.790947 
-0.943829 -0.34665 1.77421 
-0.0765502 0.690597 1.03342 
-0.973246 0.654446 0.82944 
-0.455712 0.655536 1.83355 
-0.0701359 0.700851 0.895022 
-0.065454 0.00940577 1.79813 
-1.07565 -0.303156 1.76956 
-1.23784 0.145355 -0.631584 
-0.0626065 -0.320153 1.64148 
-1.08062 -0.292374 1.7572 
-0.0362012 -0.341314 1.63747 
-1.06138 -0.300156 0.817528 
-1.26952 0.492602 -0.0955047 
-0.304828 0.690358 0.809395 
-0.0758252 0.694833 0.959921 
1.12471 2.40537 2.6339 
-0.858517 0.69276 1.80906 
-0.0617966 -0.360786 0.970638 
-0.0595054 -0.0258639 1.8161 
-1.06237 0.662235 0.842175 
-1.24742 0.140324 -0.582899 
-1.02458 -0.300918 1.76284 
-1.14542 1.12138 -0.154417 
-1.26029 1.14552 -1.0003 
-1.07687 0.675299 1.10656 
-0.729883 0.136081 -1.13207 
-1.25102 0.394302 -1.06688 
-0.0496792 -0.0128875 1.82444 
-1.04697 -0.108283 0.834487 
-0.0835686 0.141981 0.79575 
-0.0544482 0.59069 0.818049 
-1.08092 -0.0548695 0.758578 
-0.247292 0.173848 -0.45755 
-0.640263 0.111106 -1.08471 
-1.08566 0.319102 0.769699 
-0.0634827 0.609594 1.77804 
-0.304762 0.68534 1.78743 
-1.09218 0.598704 0.79614 
-0.0551517 0.664348 1.70318 
-0.0853164 -0.304066 1.25548 
-1.04754 -0.18783 1.82547 
-0.808137 -0.296439 0.786569 
-1.05675 0.554659 1.81233 
-0.290248 -0.315069 0.788462 
-0.080162 0.712562 1.229 
-0.871977 0.679216 0.8259 
-0.240109 0.126889 -0.971901 
-0.255955 0.881272 -0.0901118 
-0.0565491 0.686725 1.7454 
-0.246669 0.198069 -0.0786842 
-0.254361 0.60281 -1.05967 
-0.234546 0.503647 -0.0938402 
-0.0919677 0.112819 0.755551 
-0.0621757 -0.308755 1.15507 
-0.100418 -0.149427 1.77067 
-0.292354 0.673075 0.857287 
-0.608371 0.722067 0.771882 
-0.0593943 -0.284174 1.06301 
-0.069135 0.71742 1.07971 
2.06747 2.67545 2.51569 
-0.479223 -0.333937 0.796782 
-0.230541 0.136184 -0.753987 
-0.197746 -0.310429 1.79091 
-0.0630693 -0.306338 1.58612 
-0.200976 0.689927 0.791195 
-0.0581802 0.0951652 1.82304 
-0.498662 0.648189 1.85537 
-0.0733257 0.638236 0.757226 
-1.0842 -0.310172 1.65814 
-1.04512 0.12402 1.80122 
-1.04922 -0.340079 0.786005 
-0.717241 0.664277 1.79893 
-0.460665 -0.333041 0.795286 
-0.0947998 -0.00939153 1.74627 
-0.0626387 -0.0240206 0.785408 
-0.174525 -0.286551 0.814642 
-1.05991 0.193665 -1.15454 
-0.244447 0.304352 -1.10666 
-0.368346 1.14438 -0.120107 
-0.527947 0.68385 1.79751 
-1.06639 -0.300865 1.70719 
-0.529654 -0.330856 1.78086 
-0.15815 0.670768 0.804762 
-0.269564 1.12705 -0.215069 
-0.241585 0.130485 -0.342914 
-0.49227 0.707571 0.793795 
-1.04902 -0.335811 0.846983 
-0.335868 1.15296 -0.0733238 
-1.25027 1.15338 -0.345703 
-1.0608 0.532046 0.759106 
-0.842432 1.14235 -0.137734 
-0.812042 -0.306659 0.815149 
-0.0871265 0.693181 1.51387 
-0.057419 -0.313833 1.04473 
-0.240102 0.698463 0.768427 
-0.516864 0.673379 0.821678 
-0.0518094 0.674874 0.918989 
-0.642049 -0.307018 0.776016 
-0.243977 1.17968 -0.874529 
-1.0594 -0.304113 1.80182 
-0.256957 0.144174 -1.07279 
-0.299545 1.19994 -0.106541 
-0.0538957 0.622334 0.810148 
-1.07617 0.680986 1.48199 
-1.08795 1.16805 -0.129428 
-1.0552 -0.313747 1.03385 
-1.06535 0.377934 1.78543 
-1.08969 0.673419 1.69032 
-1.08116 0.468816 1.76891 
-0.0677186 0.501777 1.79943 
-0.210351 -0.33403 0.780405 
-0.724556 -0.280166 1.7356 
-0.821006 0.698973 0.810909 
-1.03883 -0.330243 1.78117 
-0.91006 -0.283194 0.759793 
-0.050721 0.706289 1.08231 
-1.19153 0.14413 -0.0904714 
-1.08055 0.69755 0.828953 
-1.25081 0.64711 -0.107795 
-1.07444 -0.280024 1.7265 
-0.609456 -0.323982 0.822777 
-0.476083 0.102151 -0.111478 
-1.05564 0.625858 0.821829 
-1.0747 0.198802 1.74631 
-1.25668 0.859511 -1.07957 
-0.344885 -0.29622 1.77082 
-0.0680711 -0.0402948 1.80792 
-1.09442 0.150015 0.758791 
-1.06172 0.668494 0.866263 
-0.0868808 -0.147829 0.794439 
-0.943989 0.703637 1.7934 
-1.25784 1.12957 -0.509717 
-1.04603 0.673859 1.47671 
-0.172424 0.721299 0.819397 
-0.0376676 0.178627 1.85015 
-0.0778201 -0.129508 0.763477 
-1.25316 0.150293 -0.375829 
-1.07506 -0.313914 0.774743 
-1.23889 0.920595 -1.12999 
-0.662185 0.148594 -0.0492395 
-1.25626 0.827692 -0.0764806 
-1.06115 0.457353 1.78825 
-0.893105 -0.313764 1.79885 
-1.05361 0.657598 1.11633 
-0.28981 0.685566 0.757636 
-1.09597 -0.2125 0.750155 
-0.0560657 0.697494 1.12958 
-0.0830301 -0.144124 0.789101 
-0.265166 1.15977 -0.176427 
-1.04368 -0.308616 1.60472 
-1.04216 0.00327739 1.81985 
-1.05467 0.45014 0.820707 
-0.244199 1.14524 -1.01341 
-1.04544 -0.331945 1.41199 
-1.06758 0.0997948 0.826304 
-0.0625742 0.0595954 0.771087 
-0.260796 0.301685 -1.13652 
-1.07003 0.561805 1.79942 
-0.0518555 -0.337171 1.13226 
-1.06817 0.67267 1.18794 
-1.01715 0.694708 1.7628 
-0.835806 1.13744 -1.08933 
-0.719868 -0.301258 0.786822 
-0.0776031 0.561463 1.76811 
-0.846103 0.714077 1.75697 
-0.0638765 0.698186 1.06345 
-1.26909 0.823268 -1.06934 
-1.07078 -0.304508 1.71122 
-0.243459 0.224371 -0.0808949 
-0.0887765 0.659393 1.74371 
-1.06964 0.169692 0.811454 
-0.754888 -0.30084 1.79632 
-0.744179 0.677322 0.813063 
-1.06096 -0.311038 1.14656 
-1.25875 1.1519 -0.935737 
-0.0562107 0.313238 0.810953 
-1.06893 0.68974 1.05084 
-0.504741 0.174353 -0.0927224 
-0.636573 -0.31861 0.775808 
-0.0663543 -0.339264 1.67173 
-0.744713 0.715873 0.768377 
-1.08976 -0.290175 1.37865 
-0.0656083 0.651666 1.16733 
-0.075804 0.684857 1.33083 
-0.556197 0.724699 1.77509 
-0.0552337 -0.310096 0.912374 
-1.07974 0.670214 0.796146 
-0.0512548 -0.308283 1.68946 
-1.24608 1.13055 -1.02642 
-0.998278 -0.310568 0.800806 
-0.635501 0.659024 1.78144 
-1.068 -0.0406502 1.79294 
