1 4.72888 3.37083 
1 -8.48237 -4.2646 
1 -10.1502 -5.2575 
1 -6.18871 -3.00317 
1 -10.3932 -5.46068 
1 -2.0927 -0.613606 
1 -2.34672 -0.76837 
1 -1.31842 -1.79254 
1 2.66605 2.20719 
1 -7.04565 -3.52148 
1 6.19691 4.17991 
1 2.33086 1.98402 
1 3.45078 2.65881 
1 -5.55774 -2.6085 
1 3.47983 2.67365 
1 -6.52997 -3.19911 
1 -7.41701 -3.6683 
1 -10.448 -5.40762 
1 -8.36726 -4.23957 
1 -10.0252 -5.26924 
1 6.35232 4.3468 
1 -8.00831 -4.04268 
1 -6.77514 -3.28725 
1 -10.3464 -5.3479 
1 2.92042 2.32049 
1 -10.5389 -5.51329 
