1 -7.27594 -3.18265 
1 -5.79793 -1.70162 
1 -4.45711 -0.279341 
1 -3.74272 0.485774 
1 -6.85971 -2.78306 
1 -5.10322 -0.91728 
1 -7.58231 -3.559 
1 0.658232 5.0353 
1 0.510701 4.91386 
1 -4.83372 -0.662905 
1 3.01742 7.52268 
1 -8.27871 -4.26672 
1 3.73077 8.25649 
1 -4.85407 -0.705536 
1 -0.502702 3.87977 
1 2.41924 6.90995 
1 -1.87454 2.44014 
1 2.55046 7.0769 
1 -0.499574 3.8157 
1 -6.12494 -1.99584 
1 -2.31964 1.99495 
1 -6.52977 -2.43229 
1 -1.94878 2.33376 
1 -6.66998 -2.60596 
1 -3.75314 0.449722 
1 -2.01195 1.33667 
1 2.71397 7.15701 
1 -0.554513 3.89476 
1 4.53067 9.07438 
1 3.19571 7.72063 
1 -5.74695 -1.58939 
1 1.30153 5.72366 
1 0.300974 4.67552 
1 2.44152 6.91811 
1 3.26879 7.77271 
1 -5.95832 -1.83496 
1 -2.46918 1.7886 
1 -8.87184 -4.93437 
1 -2.22558 2.02102 
1 -7.09889 -3.01343 
1 3.32633 7.83037 
1 1.08579 5.47619 
1 -3.34321 0.901807 
1 -1.91005 2.34578 
1 2.51296 6.99857 
1 -9.0329 -5.05872 
1 0.238575 4.63622 
1 0.0659355 4.45156 
1 0.76336 5.15076 
1 -5.20037 -1.06799 
1 -2.82538 1.42706 
1 -4.31257 -0.145425 
1 1.14938 5.60115 
1 -7.69604 -3.63293 
1 -4.64493 -0.522784 
1 3.02097 7.55122 
1 -4.11124 0.0514808 
1 -4.83264 -0.649398 
1 -8.06486 -4.06169 
1 4.49844 9.04906 
1 -7.19028 -3.12519 
1 -7.56065 -3.46924 
1 -0.893238 3.42568 
1 1.46919 5.90708 
1 -5.27298 -1.16828 
1 -5.60158 -1.50203 
1 3.47748 7.99303 
1 -3.38083 0.832627 
1 -8.17969 -4.17685 
1 1.90429 6.37366 
1 3.82857 8.3184 
1 -1.79227 2.49867 
1 -4.54921 -0.366182 
1 -8.56546 -4.56771 
1 -7.11433 -3.05028 
1 -8.12097 -4.1001 
1 -1.40431 2.90348 
1 -7.59811 -3.52479 
1 3.95142 8.45205 
1 -6.57828 -2.48031 
1 -0.535071 3.82872 
1 -7.77815 -3.76138 
1 1.40145 5.83646 
1 -4.83538 -0.631927 
1 3.89604 8.45678 
1 -1.06577 3.29234 
1 -8.92699 -4.91614 
1 1.28993 5.73548 
1 -3.72423 0.496995 
1 4.06825 8.64573 
1 -3.27765 0.942695 
1 -5.80712 -1.61344 
1 -6.66272 -2.52435 
1 -3.72453 0.490104 
1 0.965611 5.34255 
1 -7.1312 -3.09566 
1 -8.88356 -4.8721 
1 -4.06536 0.163529 
1 2.16627 6.57497 
1 1.12032 5.50782 
1 -2.6376 1.63495 
1 -7.16045 -3.08679 
1 -3.45008 0.780913 
1 -5.34509 -1.18144 
1 0.927674 5.40081 
1 1.00607 5.42828 
1 -3.55341 0.643237 
1 -6.34774 -2.24175 
1 -2.74896 1.49813 
1 3.76889 8.30173 
1 4.18475 8.73319 
1 -8.089 -4.10008 
1 -5.78924 -1.67983 
1 2.25983 6.67763 
1 3.15943 7.6782 
1 1.13068 5.56248 
1 -0.00226431 4.34985 
1 4.02318 8.56121 
1 -7.90047 -3.84805 
1 3.06863 7.55994 
1 0.0266869 4.42168 
1 -3.84949 0.317428 
1 -4.52063 -0.316033 
1 -1.9534 2.35546 
1 0.89586 4.24665 
1 -3.39222 0.815845 
1 -2.79854 1.45756 
1 3.2913 7.80225 
1 -5.39552 -1.2643 
1 -5.71764 -1.59111 
1 -8.39657 -4.41351 
1 -3.30872 0.940999 
1 2.71605 7.18191 
1 4.49009 9.10246 
1 -1.43959 2.90093 
1 2.0613 6.52594 
1 -8.0473 -4.02524 
1 3.78742 8.27341 
1 -6.73174 -2.61952 
1 3.4689 7.99194 
1 4.1458 8.729 
1 2.55221 6.99834 
1 1.14068 5.53547 
1 -8.10816 -4.04914 
1 -5.3771 -1.22514 
1 -3.50337 0.70907 
1 -4.21666 -0.0163262 
1 -5.02382 -0.84237 
1 0.28779 3.87707 
1 3.56528 7.99665 
1 -3.67689 0.548715 
1 -1.94327 2.36965 
1 -0.692242 3.6814 
1 -7.15815 -3.09439 
1 -7.76281 -3.70581 
1 4.05448 8.60759 
1 -3.2185 1.02994 
1 -8.54288 -4.52368 
1 -4.01178 0.12305 
1 -3.10005 1.18933 
1 -2.14214 2.14006 
1 4.42083 8.992 
1 -6.49251 -2.39204 
1 -0.99415 3.36906 
1 -7.62955 -3.61806 
1 -7.97437 -3.93136 
1 0.462513 4.873 
1 3.94978 8.50483 
1 -4.85127 -0.714611 
1 -5.16 -1.01428 
1 -7.18683 -3.13528 
1 -6.4496 -2.34698 
1 -0.237689 4.0977 
1 -5.89847 -1.74306 
