1 0.126691 2.74714 
1 -2.91497 5.70491 
1 -6.13682 8.91425 
1 -5.0971 7.85543 
1 3.2936 -0.332182 
1 -3.1678 4.58199 
1 -4.35119 7.60273 
1 -2.75253 5.55498 
1 -2.85558 5.70308 
1 1.22256 1.21992 
1 2.65447 0.262046 
1 -10.1668 12.7978 
1 -10.3578 13.0373 
1 -7.87484 10.5851 
1 -4.08253 6.85078 
1 -4.28627 7.38282 
1 -3.18933 5.98024 
1 -8.21195 10.9232 
1 -2.64113 5.75352 
1 3.09222 -0.172394 
1 -8.73896 11.4376 
1 2.56354 0.347468 
1 -2.6708 5.72713 
1 -7.59635 10.3342 
1 1.37472 1.38233 
1 -3.40276 4.34789 
1 -3.54031 6.35459 
1 -1.37628 4.20904 
1 -3.92345 6.1977 
1 -8.08425 10.7823 
