1 -9.63287 -1.58299 
1 -2.87604 5.43246 
1 -1.29324 7.1138 
1 1.0021 9.54561 
1 -12.1719 -4.20905 
1 -4.29561 3.56974 
1 -9.97337 -1.00455 
1 -10.8639 -2.93066 
1 -9.69081 -0.875069 
1 -3.46651 4.87012 
1 -2.33346 6.02645 
1 1.29851 9.82549 
1 3.98252 10.6435 
1 0.0698198 8.52846 
1 4.05333 11.0174 
1 -10.9527 -3.04314 
1 -5.73265 2.43323 
1 -1.24846 7.22996 
1 -10.7136 -1.3233 
1 -10.9375 -3.00033 
1 -3.77137 3.17393 
1 -7.31014 0.0860302 
1 -2.51914 5.85186 
1 -0.6736 7.71546 
1 -4.59385 3.76072 
1 0.0111204 8.51619 
1 1.23272 9.72705 
1 -11.3949 -3.55143 
