1 0.294886 1.52472 
1 1.25349 0.742055 
1 4.22959 -2.00269 
1 2.09686 -1.54797 
1 0.415051 1.56596 
1 4.18429 -4.87965 
1 6.00477 -6.67344 
1 7.97459 -9.18782 
1 4.37345 -2.19606 
1 4.11248 -5.38592 
1 7.84101 -8.89704 
1 4.20198 -3.85639 
1 2.32955 -1.93317 
1 1.02692 -0.110984 
1 -0.871567 2.39276 
1 5.94264 -6.63791 
1 -5.151 8.02666 
1 7.96765 -9.1565 
1 4.17207 -4.82882 
1 4.7993 -5.06276 
1 5.3226 -5.78104 
1 4.31191 -2.89067 
1 2.76255 -1.88049 
1 2.62741 0.0876196 
1 4.30855 -2.66027 
1 6.6367 -6.85572 
1 7.4535 -8.28798 
1 1.79989 0.905785 
1 0.0569646 1.43107 
1 5.80696 -5.42984 
1 5.49867 -4.85884 
1 -4.47796 7.18223 
1 0.238537 1.52575 
