1 4.67403 1.66734 
1 4.68451 1.41467 
1 5.2862 2.43521 
1 2.92763 1.54243 
1 0.542553 -1.80544 
1 -6.17657 -8.51061 
1 2.51641 1.40327 
1 4.50776 -0.723169 
1 -6.15335 -9.9847 
1 4.94437 2.91895 
1 4.12252 1.995 
1 -6.30331 -8.28117 
1 4.08402 1.9223 
1 -6.57332 -5.81599 
1 4.79308 2.70376 
1 6.0247 2.76522 
1 4.73361 2.24168 
1 4.69111 2.07366 
1 5.28444 2.84214 
1 4.2215 1.96291 
1 3.18059 1.6199 
1 6.24607 2.86565 
1 2.28882 -1.92574 
1 6.75244 2.00819 
1 2.90509 1.33857 
1 4.4183 -1.56631 
1 3.49855 1.86722 
1 2.12704 1.17254 
1 -6.46218 -7.22682 
1 4.6801 1.34853 
1 3.72509 1.85921 
1 5.09974 2.68626 
1 -6.41982 -7.53472 
