1 -4.54618 2.21609 
1 10.3136 -2.90836 
1 9.43052 -2.61554 
1 1.08985 0.570238 
1 7.70585 -1.99844 
1 -6.24583 2.81898 
1 3.66992 -0.689819 
1 8.16085 -3.06117 
1 2.84723 -0.376708 
1 1.19761 0.291795 
1 3.6529 -0.600943 
1 7.08247 -1.75861 
1 5.87069 -1.37951 
1 -6.21908 2.73412 
1 -2.98079 3.40051 
1 1.63291 0.117852 
1 7.56042 -1.97551 
1 -1.37778 1.86679 
1 6.03798 -1.45774 
1 3.46336 -0.563102 
1 0.988283 0.259844 
1 -6.19076 2.84499 
1 -1.40592 1.15728 
1 8.76543 -2.94725 
1 11.4597 -3.31254 
1 -0.926989 1.0001 
1 -0.826295 0.866732 
1 4.09086 -0.745317 
1 0.677304 -0.265595 
1 7.12254 -1.82457 
1 4.51734 -0.891889 
1 4.27214 -0.760293 
1 -1.4397 1.12709 
1 10.8137 -2.81838 
1 1.18661 0.275523 
1 1.51483 -1.03672 
1 -3.97537 2.06584 
1 -4.40842 2.13494 
1 7.5045 -1.88972 
1 3.48766 -0.576887 
1 6.35308 -1.52003 
1 9.99281 -2.83707 
1 10.5863 -2.79141 
1 9.79039 -2.84629 
1 3.24598 -0.425269 
1 -1.47857 1.16699 
1 3.14983 -0.420986 
1 9.38391 -2.601 
1 11.4417 -3.30946 
1 12.1993 -3.53036 
1 6.49051 -1.56932 
1 2.01201 -0.026515 
1 -3.80336 1.99541 
1 5.82766 -1.35031 
1 2.5982 -0.270154 
1 -2.1369 2.73805 
1 7.67734 -1.97314 
1 -0.402318 0.76283 
1 1.11477 -0.684653 
1 -6.16123 2.78614 
1 2.0321 -0.0495804 
1 -2.04233 1.33826 
1 9.59454 -2.92949 
1 -5.11306 2.41011 
1 2.36292 0.700491 
