1 0.403977 0.531467 
1 -1.27749 1.89481 
1 4.85217 -3.3201 
1 3.66797 -3.27766 
1 0.380753 0.529379 
1 0.275337 0.263737 
1 3.99858 -3.55934 
1 7.15831 -6.74619 
1 7.04828 -6.72219 
1 -6.30461 6.83146 
1 -1.08061 1.03964 
1 -0.417416 0.745589 
1 4.11779 -3.74272 
1 -0.643068 1.20201 
1 0.850882 0.359766 
1 -2.37633 2.78878 
1 -0.876121 1.21182 
1 6.54681 -6.19039 
1 -3.93623 4.59986 
1 3.59924 -3.34467 
1 -4.76269 5.28162 
1 -2.92939 3.47635 
1 -4.48239 4.9686 
1 2.1225 -1.80161 
1 1.54271 -1.0761 
1 1.25018 0.227328 
1 2.9578 -2.62675 
1 -5.71667 6.17168 
1 2.60685 -2.22294 
1 -0.163325 0.700117 
1 -1.07547 1.50938 
1 -4.71959 5.2077 
1 4.60644 -4.20414 
1 -1.53401 2.00301 
1 -3.15593 3.62378 
1 6.61513 -6.26409 
1 2.20135 -1.78633 
1 -3.86561 4.3251 
1 4.21875 -3.7895 
1 -1.13709 1.04201 
1 -5.4453 5.99886 
1 4.99115 -4.64574 
1 -6.30743 6.76149 
1 0.223836 0.528142 
1 0.539226 -0.148142 
1 -6.12 6.67702 
1 -2.56967 3.04072 
1 0.145278 0.407259 
1 6.7619 -6.34711 
1 1.97414 -1.49076 
1 -5.18371 5.66716 
1 -5.69754 6.27035 
1 4.3345 -3.29979 
1 -4.22786 4.72291 
1 6.58967 -6.27936 
1 -3.46058 3.96658 
1 -0.338851 0.713093 
1 4.96267 -3.21537 
1 -5.47073 6.0804 
1 0.308662 0.110307 
1 1.01898 -0.578192 
1 -3.9999 4.47591 
1 -2.19571 2.73802 
1 1.58426 -1.10327 
1 -5.57381 6.27013 
1 -6.0841 6.63792 
1 -1.80351 2.19351 
1 -4.80633 5.39027 
1 2.17934 -1.77943 
1 -0.221744 0.666699 
1 -1.08425 1.54382 
1 5.26645 -4.87521 
1 0.966115 0.280682 
1 -1.36537 1.72953 
1 1.15119 0.305626 
1 -1.22674 1.08694 
1 -4.31238 4.84611 
1 -4.37881 5.0468 
1 0.67394 0.465194 
1 2.54518 -2.16366 
1 7.0183 -6.74926 
