1 8.42199 -3.07241 
1 0.120437 -3.66755 
1 -3.27281 -3.93348 
1 -1.91273 -3.82492 
1 4.96623 -3.33975 
1 2.73857 -2.30182 
1 8.15636 -3.02584 
1 3.75467 -3.3749 
1 -3.44509 -3.96817 
1 7.16417 -3.10161 
1 10.6971 -2.74477 
1 6.31785 -1.54866 
1 10.4137 -2.9295 
1 -3.36897 -3.91941 
1 -2.21982 -3.90952 
1 -0.345928 -3.75571 
1 -6.72951 -4.25637 
1 6.36897 -3.25572 
1 -5.58381 -4.13441 
1 -9.06456 -4.43182 
1 5.36682 -3.25183 
1 -4.97283 -4.11148 
1 8.02913 -2.98627 
1 -3.81554 -4.0563 
1 2.45003 -3.43185 
1 8.61674 -2.37587 
1 -2.92913 -3.90565 
1 -0.659629 -3.72621 
1 7.03479 -3.16396 
1 0.439374 -3.55371 
1 0.834316 -3.64653 
1 3.2283 -2.86908 
1 -8.46019 -4.47391 
1 0.19113 -3.69885 
1 -1.61298 -3.8023 
1 10.4123 -2.93405 
1 11.6543 -3.33789 
1 6.68096 -3.14055 
1 -4.12853 -4.06485 
1 2.69474 -3.46788 
1 8.30669 -2.92387 
1 2.68517 -2.30612 
1 -0.0189391 -3.74499 
1 -5.53256 -4.10472 
1 7.23508 -3.14538 
1 10.3102 -2.81523 
1 -6.58301 -4.2401 
1 0.0492873 -3.67606 
1 1.99632 -3.51751 
1 6.53288 -1.57171 
1 -7.9657 -4.26255 
1 0.930136 -3.64173 
