1 8.42199 -3.07241 
1 -4.54618 2.21609 
1 9.43052 -2.61554 
1 7.70585 -1.99844 
1 -6.24583 2.81898 
1 0.380753 0.529379 
1 0.275337 0.263737 
1 3.66992 -0.689819 
1 8.16085 -3.06117 
1 -1.08061 1.03964 
1 2.84723 -0.376708 
1 1.19761 0.291795 
1 8.15636 -3.02584 
1 -0.417416 0.745589 
1 -0.643068 1.20201 
1 10.6971 -2.74477 
1 6.31785 -1.54866 
1 10.4137 -2.9295 
1 6.39306 3.5309 
1 -6.21908 2.73412 
1 1.63291 0.117852 
1 7.56042 -1.97551 
1 6.03798 -1.45774 
1 3.46336 -0.563102 
1 1.54271 -1.0761 
1 -6.19076 2.84499 
1 4.09086 -0.745317 
1 0.677304 -0.265595 
1 4.51734 -0.891889 
1 4.27214 -0.760293 
1 8.61674 -2.37587 
1 -3.97537 2.06584 
1 0.223836 0.528142 
1 0.539226 -0.148142 
1 -4.40842 2.13494 
1 3.48766 -0.576887 
1 1.97414 -1.49076 
1 6.35308 -1.52003 
1 9.99281 -2.83707 
1 3.24598 -0.425269 
1 3.14983 -0.420986 
1 11.4417 -3.30946 
1 -3.46058 3.96658 
1 -0.338851 0.713093 
1 2.01201 -0.026515 
1 -3.80336 1.99541 
1 5.82766 -1.35031 
1 2.5982 -0.270154 
1 8.30669 -2.92387 
1 -1.36537 1.72953 
1 -0.402318 0.76283 
1 1.15119 0.305626 
1 1.11477 -0.684653 
1 -6.16123 2.78614 
1 -1.22674 1.08694 
1 -4.31238 4.84611 
1 2.0321 -0.0495804 
1 -2.04233 1.33826 
1 6.53288 -1.57171 
1 -5.11306 2.41011 
1 2.36292 0.700491 
