1 -7.52624 -10.4451 
1 7.8247 -1.86814 
1 -3.3679 -6.87603 
1 -6.94991 -9.99506 
1 8.83731 -2.02722 
1 1.37635 -2.82584 
1 -0.0464953 -4.01143 
1 8.3217 -1.96198 
1 4.92429 -1.4347 
1 -7.13648 -10.0875 
1 -6.47045 -9.54593 
1 3.83746 -0.674751 
1 7.59852 -1.85828 
1 -6.18591 -9.34337 
1 -1.13726 -4.93888 
1 -0.0461414 -4.03399 
1 7.8548 -1.86075 
1 5.6275 0.792224 
1 -1.24319 -5.06676 
1 6.97264 -1.73443 
1 -6.97636 -9.9486 
1 -7.60777 -10.5762 
1 -6.6938 -9.74962 
1 3.65945 -0.888429 
1 6.69253 -1.7122 
1 -7.12727 -10.1322 
