0.618013 1.95259 -1.12219 
1.58745 0.959068 -1.56905 
1.59206 1.06583 -1.54424 
1.16784 1.93815 -1.53667 
1.4654 1.95101 -1.54318 
1.61205 1.52326 -1.51095 
1.04907 1.94962 -0.543178 
1.61898 1.74 -0.536846 
0.620725 1.94348 -1.30904 
1.39397 1.9476 -0.484714 
0.695901 0.40697 1.34504 
1.6123 1.05018 -1.53564 
1.6222 1.96041 -0.651828 
1.59672 1.94182 -0.888973 
1.11264 1.94096 -0.512758 
0.679866 1.40535 1.43559 
0.619138 1.69549 -0.537415 
0.618907 1.85121 -0.5169 
0.592658 1.93112 -1.01766 
0.670288 1.9433 -0.509769 
1.61782 1.3945 -0.531727 
0.677609 0.399094 1.11023 
0.613232 1.63454 -1.55997 
0.700433 1.38861 0.588346 
0.622201 1.37899 -0.542868 
-0.318571 0.423239 0.958705 
0.679614 0.939879 -1.51359 
0.702327 0.410691 1.01983 
1.35287 1.95787 -0.553472 
1.63545 1.40857 -1.56631 
0.77369 1.94682 -1.50253 
0.648569 1.47386 -1.48959 
1.55835 1.94986 -0.533171 
0.700854 0.412984 0.817381 
-0.325808 1.5802 1.94883 
0.602244 0.947339 -0.936577 
1.62335 1.7256 -0.514174 
1.61564 1.96044 -1.47847 
1.60491 1.95238 -0.750041 
0.833624 0.960259 -1.52424 
0.610694 1.95743 -1.22726 
0.621916 1.84996 -0.524696 
0.623802 1.20203 -0.561683 
0.591829 0.936212 -1.47417 
-0.326385 0.410792 0.908083 
0.617378 1.93714 -0.613476 
0.608976 1.95241 -0.808571 
0.579842 1.24931 -0.478111 
1.53068 0.948385 -0.539466 
0.615015 1.50832 -1.53976 
0.605294 1.34596 -0.516753 
0.996694 1.93074 -1.53173 
-0.318826 0.402932 1.05087 
0.708091 1.94834 -0.510146 
1.62717 1.95658 -1.05125 
-0.285605 0.667432 0.578971 
1.63441 1.24595 -1.5284 
0.619926 1.47432 -1.49867 
1.48611 0.940018 -0.50634 
0.82482 0.927888 -1.57235 
1.6143 1.68074 -0.560517 
0.639327 1.71567 -0.505445 
1.60371 1.93347 -1.47392 
1.60161 1.95783 -0.494283 
1.47002 0.953998 -0.534399 
0.0785145 0.391569 1.57305 
0.641451 0.972944 -1.20124 
-0.321103 0.414953 1.06387 
1.60399 1.94736 -1.31072 
0.587904 1.24326 -0.51659 
-0.305361 0.471181 1.56879 
0.609548 0.927393 -1.32629 
1.58319 1.07056 -0.519007 
1.64041 1.95342 -0.932156 
1.61537 0.953618 -0.859106 
1.33295 0.947715 -0.490025 
-0.311389 0.543387 0.591506 
