1 6.04919 -0.692591 
1 -1.23424 -0.234733 
1 -1.60226 -0.253701 
1 6.48695 -0.716726 
1 4.25628 -0.571254 
1 9.60319 -0.867539 
1 10.55 -0.939119 
1 6.67665 -0.705976 
1 -5.12524 0.0324284 
1 -1.47389 -0.264003 
1 -3.39745 -0.0790874 
1 9.46111 -0.869808 
1 9.9134 -0.831927 
1 1.7035 -0.42972 
1 -5.61999 -0.0562292 
1 10.5777 -0.951948 
1 9.00024 -0.875089 
1 10.4513 -0.967066 
1 -6.74298 0.0486724 
1 8.30083 -0.81866 
1 6.03421 -0.705687 
1 7.91848 -0.789969 
1 4.32738 -0.5839 
1 1.44198 1.10371 
1 1.79824 -0.370742 
1 5.66736 -0.655686 
1 -0.533545 -0.305356 
1 2.98315 -0.476733 
1 10.207 -0.935122 
1 7.45128 -0.816391 
1 8.7896 -0.840694 
1 -1.62188 -0.213951 
1 -0.180665 -0.282451 
1 4.86359 -0.578927 
1 10.5453 -0.907356 
1 8.5677 -0.768406 
1 4.85565 -0.55623 
1 8.50385 -0.752371 
1 1.563 -0.426542 
1 5.46035 -0.645471 
1 3.80643 -0.589996 
1 9.1263 -0.856876 
1 10.6967 -0.942752 
1 9.45544 -0.860711 
1 4.80565 -0.555072 
1 2.61335 -0.496013 
1 6.54151 -0.758687 
1 1.53814 -0.365824 
1 6.52062 -0.733457 
1 9.15207 -0.889078 
1 4.69904 -0.610584 
1 5.78439 -0.651743 
1 1.09304 -0.418326 
1 6.27052 -0.693973 
1 3.2006 -0.473341 
1 1.17058 -0.430171 
1 4.00071 -0.546154 
1 1.26805 -0.465677 
1 9.84256 -0.871011 
1 6.82765 -0.753234 
1 8.84508 -0.836411 
