1 0.0284859 -0.332488 
1 -1.9013 -0.20333 
1 -5.5721 -0.0112602 
1 -5.85533 0.0171609 
1 -4.1188 -0.0501476 
1 1.90529 -0.427528 
1 -3.32722 -0.608973 
1 3.03475 -0.472018 
1 1.16628 -0.385254 
1 0.0233186 -0.353129 
1 -4.51453 -0.0279445 
1 -3.09247 -0.142354 
1 -8.5676 0.20655 
1 -8.72061 0.227975 
1 1.57321 -0.375248 
1 6.47847 -0.726531 
1 1.69309 -0.425044 
1 -5.99086 0.0541376 
1 -6.54334 0.0915987 
1 -8.0555 0.177971 
1 -8.61599 0.157645 
1 1.61297 -0.383743 
1 -2.08636 -0.159439 
1 4.43506 -0.627068 
1 -3.62445 -0.710899 
1 2.02734 -0.438255 
1 3.79838 -0.538896 
1 4.50736 -0.634218 
1 2.49821 -0.451098 
1 -3.90366 -0.110739 
1 -4.70075 -0.0378944 
1 8.81051 -0.843527 
1 -2.69709 -2.97434 
1 -0.940603 -0.308814 
1 -9.31177 0.194318 
1 -7.13582 0.0977403 
1 1.90202 -0.428833 
1 -7.84487 0.162676 
1 9.71206 -0.896773 
1 -6.33169 0.107239 
1 -7.53844 0.156813 
1 -5.67252 -0.00808498 
1 -2.72278 -0.123606 
1 5.16686 -0.68505 
1 10.2929 -0.981737 
1 -1.84419 -0.218281 
1 1.73753 -1.58644 
1 -9.20666 0.228233 
1 4.41153 -0.626994 
1 -4.63493 -0.0528408 
1 4.14999 -0.559616 
1 -5.22954 -0.0379655 
1 -7.45723 0.155245 
1 -2.34823 -0.164594 
1 -0.81285 -0.312908 
1 -0.190249 0.553435 
1 -7.82847 0.177359 
1 3.66893 -0.530091 
1 4.96968 -0.616172 
1 -5.55791 -0.00969845 
1 3.43737 -0.523784 
1 -7.42777 0.142637 
1 9.11082 -0.839265 
1 0.176696 -0.35692 
1 -9.21994 0.223463 
1 4.31355 -0.593749 
1 3.78032 -0.526913 
1 2.10508 -0.444653 
1 -3.81815 -0.0850978 
1 1.22616 -0.339327 
1 -1.66914 -0.160752 
1 -2.94183 -0.158964 
1 -6.58568 0.0384477 
1 5.59816 -0.639074 
1 -7.49973 0.167737 
1 -8.45309 0.126149 
1 6.09128 -0.69963 
1 8.04494 -0.804391 
1 -3.90478 -0.0720623 
1 -7.85596 0.196839 
1 -8.10976 0.211706 
1 -1.42123 -0.261111 
1 3.35709 -0.538864 
1 -5.21552 -0.00298934 
1 -2.90655 -0.102248 
1 -2.16151 -0.23407 
1 4.80173 -0.589937 
1 -5.18213 -0.0145465 
1 7.55534 -0.750287 
1 2.95366 -0.553769 
1 3.45085 -0.545615 
1 2.91373 -0.467035 
1 -9.04555 0.226277 
1 -6.02273 0.0441932 
1 2.34041 -0.492358 
1 8.15593 -0.78745 
1 7.11465 -0.754088 
1 7.58286 -0.783985 
1 -0.269592 -0.301766 
1 -1.14605 -0.240229 
1 1.85935 -0.474232 
1 -7.05577 0.0928075 
1 4.34369 -0.605601 
1 -4.55272 -0.0761962 
1 -0.192725 -0.301661 
1 10.2615 -0.94389 
1 -1.01885 -0.231209 
1 1.4753 -0.385068 
1 -6.81072 0.0557087 
1 0.23938 -0.277551 
1 -7.22714 0.127514 
1 -6.28834 -1.67007 
1 -8.36969 0.168938 
1 -6.69243 0.0427555 
1 -3.28146 -0.139787 
1 -7.74004 0.175545 
1 7.41469 -0.792934 
1 -1.33663 -0.247443 
1 -3.62871 -0.107971 
1 0.930412 -0.262383 
1 -6.14771 0.0310972 
1 -3.79959 -0.0674033 
1 -9.26066 0.204034 
1 -9.16147 0.1977 
1 -6.44119 -1.7291 
1 -5.0296 0.00769999 
1 -5.4552 -0.00772722 
