1 1.59491 -2.72918 
1 6.67794 -9.38571 
1 -2.48528 3.80774 
1 -2.54708 1.64483 
1 -2.61951 3.3106 
1 -2.49672 2.85993 
1 -2.50702 3.26313 
1 0.329034 -1.08582 
1 -0.114236 -0.285317 
1 -2.5657 1.01023 
1 2.32082 -3.73084 
1 -4.40188 5.7766 
1 6.18485 -9.08604 
1 -2.55573 2.56717 
1 0.796726 -1.5665 
1 -2.43253 4.24622 
1 -2.47707 3.01735 
1 -0.386436 0.0998263 
1 -2.47056 1.84441 
1 -4.27729 5.6218 
1 -2.45943 1.7036 
1 0.0289933 -0.490395 
1 -2.53782 2.68201 
1 -2.46666 1.80509 
1 -4.62349 6.11243 
1 -2.53968 2.91467 
1 -2.49269 4.42298 
1 -4.70239 6.21815 
1 2.02269 -3.30737 
1 -0.781216 0.659684 
1 4.87973 -7.37324 
1 -4.89625 6.48174 
1 -2.52969 0.92443 
1 5.02643 -8.63498 
1 4.91187 -7.43605 
1 -0.250081 -0.0975132 
1 4.43765 -6.76899 
1 -4.06014 5.28118 
