1 1.59491 -2.72918 
1 1.1997 -2.15325 
1 -2.48528 3.80774 
1 -2.54708 1.64483 
1 -2.61951 3.3106 
1 -2.49672 2.85993 
1 6.60809 -9.3246 
1 -2.50702 3.26313 
1 0.329034 -1.08582 
1 -0.114236 -0.285317 
1 3.83648 -5.86905 
1 -2.5657 1.01023 
1 2.32082 -3.73084 
1 -4.40188 5.7766 
1 -2.55573 2.56717 
1 0.796726 -1.5665 
1 4.67516 -7.08182 
1 3.95066 -6.0955 
1 5.38022 -8.73303 
1 -2.47707 3.01735 
1 2.90749 -4.59868 
1 -2.47056 1.84441 
1 -4.27729 5.6218 
1 -2.45943 1.7036 
1 0.0289933 -0.490395 
1 -2.53782 2.68201 
1 -2.46666 1.80509 
1 -4.62349 6.11243 
1 -2.53968 2.91467 
1 4.50923 -8.2711 
1 -2.49269 4.42298 
1 -4.70239 6.21815 
1 2.02269 -3.30737 
1 -0.781216 0.659684 
1 5.45518 -8.73989 
1 -4.89625 6.48174 
1 5.02643 -8.63498 
1 4.33595 -8.20685 
1 4.53293 -8.34151 
1 4.43765 -6.76899 
1 -4.06014 5.28118 
