1 -2.40572 0.708001 
1 -2.97336 0.713088 
1 -0.377264 0.407609 
1 -5.90984 4.7396 
1 -6.05545 4.86736 
1 -4.2026 3.44687 
1 1.21357 -0.816983 
1 -4.21714 3.44816 
1 -2.9877 2.47323 
1 5.222 -3.90701 
1 4.63391 -3.4785 
1 -1.67322 0.655209 
1 -4.31108 3.4862 
1 6.66081 -5.0381 
1 3.77259 -5.08293 
1 -2.05628 0.714487 
1 0.661676 -0.378366 
1 0.308141 -0.0154493 
1 -2.32647 0.677866 
1 0.197601 1.23764 
1 -5.66044 4.56049 
1 0.987415 -0.63543 
1 -3.51429 2.89977 
1 -5.02229 4.06638 
1 2.70445 -1.95958 
1 -0.108832 0.215177 
1 4.74815 -6.89643 
1 5.24376 -3.9577 
1 -5.88543 4.71395 
1 -5.90673 4.73764 
1 -2.34544 1.94961 
1 -2.11975 0.69512 
1 -5.86916 4.77778 
1 -6.27935 5.05388 
1 -0.408988 0.441897 
1 -3.29329 2.68986 
1 -0.000436027 0.726645 
1 -6.00004 4.78204 
1 3.67451 -2.73832 
1 3.48135 -2.56056 
1 0.879544 -0.513945 
1 -1.1687 1.09123 
1 3.24921 -4.16817 
1 -1.12025 1.01593 
1 -3.35439 2.74527 
1 3.27937 -4.23514 
1 -1.55935 0.744283 
1 1.16673 -0.358438 
1 -4.1455 3.39731 
