1 4.31785 -1.26012 
1 -3.53811 -5.00218 
1 -0.750852 -4.00064 
1 8.29351 0.662236 
1 4.27833 0.644901 
1 4.2309 -3.12613 
1 7.99377 0.710518 
1 3.53165 -0.400712 
1 5.12736 -2.14243 
1 2.85224 -2.06407 
1 9.13809 0.681049 
1 10.821 0.682073 
1 5.41136 -2.43767 
1 5.30194 0.692919 
1 4.45181 -1.45478 
1 3.74263 -0.602011 
1 -0.966144 -4.26332 
1 8.013 0.68579 
1 9.54017 0.697819 
1 4.14262 -1.05754 
1 8.36287 0.697162 
1 4.41716 0.648502 
1 4.00681 0.720924 
1 5.16216 -2.18611 
1 -5.42866 -7.57205 
1 4.66659 -1.60049 
1 2.08529 -1.47378 
1 7.30493 2.42391 
1 8.03154 0.682137 
1 4.19117 -1.06565 
