1 -1.27815 3.65064 
1 -6.62234 -1.78482 
1 -3.53716 2.77076 
1 -0.0141361 5.55564 
1 -0.319916 6.71489 
1 -0.116473 7.03204 
1 -7.26694 -1.85045 
1 -8.85107 -2.01067 
1 1.18033 5.26053 
1 -0.684286 6.33811 
1 0.694317 6.94703 
1 -3.17245 2.73789 
1 -0.0641765 5.54269 
1 -0.907712 4.3359 
1 -7.49996 0.0461718 
1 -1.10444 5.17724 
1 -3.16162 0.580682 
1 3.18154 6.65514 
1 -2.07343 4.51981 
1 -2.05927 4.64365 
1 2.93823 6.55989 
1 0.28027 5.68795 
1 -6.16248 -0.530628 
1 -3.5113 2.70183 
1 -4.08435 2.00197 
