1 2.50337 -1.61641 
1 10.5733 0.520621 
1 -5.71248 -1.70531 
1 -6.67727 -4.05934 
1 -8.21969 -1.94778 
1 4.01539 -1.24963 
1 6.86655 -0.425539 
1 11.2771 0.760151 
1 -9.18352 -2.03183 
1 9.30932 0.203973 
1 -2.28826 -2.85071 
1 2.77118 -1.54326 
1 -5.8526 -1.71235 
1 4.73466 -0.96893 
1 -5.94901 -3.89571 
1 -10.2076 -2.14195 
1 2.47274 -0.854305 
1 -3.52881 -1.48175 
1 -6.62234 -1.78482 
1 8.11143 -0.117389 
1 -6.11573 -2.99195 
1 0.357935 -1.07241 
1 7.95911 -0.132619 
1 -0.997569 -2.52605 
1 -6.03191 -3.89073 
1 -5.51949 -3.7668 
1 -0.498893 -2.41611 
1 10.8715 0.632075 
1 3.1458 -0.782168 
1 4.13535 -1.14741 
1 13.4983 2.30001 
1 7.55233 -0.272304 
1 2.29095 -1.64107 
1 -2.41501 -2.95134 
1 -3.28011 -3.12913 
1 -3.5962 -2.54518 
1 -5.3233 -1.67061 
1 -2.32475 -2.88544 
1 1.53259 1.32289 
1 -5.07642 -1.0067 
1 -7.26694 -1.85045 
1 4.06945 -1.16151 
1 -1.45478 -1.26179 
1 1.5993 -1.86062 
1 -8.85107 -2.01067 
1 0.979655 -2.00215 
1 -0.332132 -1.14818 
1 9.80767 0.294491 
1 5.00237 -0.955915 
1 -1.99167 -1.31244 
1 -5.75638 -1.70464 
1 -11.8517 -2.30729 
1 -1.87139 -1.30396 
1 4.02333 -1.20545 
1 -4.51281 -3.06505 
1 5.99811 -0.672808 
1 -8.78504 -2.01701 
1 -6.46177 -4.02273 
1 -3.71992 -1.48237 
1 8.37569 0.00714273 
1 -3.27186 -3.14778 
1 1.1651 -0.971496 
1 0.445948 -1.05061 
1 1.39175 -0.968467 
1 -0.209867 -1.12246 
1 1.23456 -0.989682 
1 -2.70549 -3.0157 
1 -3.77876 -3.29503 
1 10.5374 0.567329 
1 -3.37625 -1.43245 
1 -2.26124 -1.35782 
1 9.88387 0.38336 
1 10.7647 0.626122 
1 -4.72554 -3.50572 
1 6.80023 -0.456026 
1 -0.364323 0.519754 
1 4.97391 -0.600726 
1 3.97953 -0.710327 
1 -7.71425 -4.33537 
1 -5.1461 -3.65205 
1 -1.62929 -1.2639 
1 -0.373806 -2.39374 
1 1.51034 1.48042 
1 -2.26707 -1.3428 
1 0.560646 -2.12721 
1 10.3003 0.497115 
1 4.86851 -0.596311 
1 1.67177 -0.953661 
1 -4.77718 -3.56245 
1 -9.326 -2.05824 
1 -6.31759 -3.96304 
1 11.0573 0.647727 
1 -7.86464 -1.9266 
1 2.84408 -1.51834 
1 -7.16944 -4.14593 
1 10.1248 0.450982 
1 -6.62457 -1.77841 
1 -6.48814 -1.78094 
1 1.50309 -0.944799 
1 -6.23743 -3.94005 
1 -4.04537 -3.30113 
1 -6.69835 -4.0991 
1 -8.74773 -2.00017 
1 -7.06778 -1.8189 
1 -0.173912 -2.35717 
1 4.17339 -0.673074 
1 8.32007 -0.0934332 
1 4.6925 -0.624478 
1 7.06054 -0.401776 
1 -0.993614 -2.54902 
1 -7.39002 -4.2341 
1 -1.9777 -1.28402 
1 3.2834 -1.39435 
1 -3.16162 0.580682 
1 3.502 -0.732799 
1 -11.3342 -2.25353 
1 -3.18801 -1.42981 
1 -1.19919 -2.56886 
1 6.53348 -0.446584 
1 -5.5883 -3.81327 
1 0.220452 -2.17927 
1 -6.51717 -4.02268 
1 9.78693 0.335328 
1 -0.275063 -2.39138 
1 -1.59708 -2.67054 
1 1.00266 -2.00433 
1 1.50138 -1.85628 
1 -12.0322 -2.33531 
1 4.42559 -1.04941 
1 -1.29939 -1.25554 
1 -12.3488 -2.36923 
1 6.96846 -0.349955 
1 10.3568 0.471336 
1 -1.23303 -2.57552 
1 -2.63985 -2.98584 
1 5.81344 -0.537116 
1 -1.44604 -1.269 
1 10.2288 0.468984 
1 -2.48 -2.94879 
1 10.811 0.634944 
1 -6.81249 -1.7766 
1 -5.66063 -3.78341 
1 3.09858 -1.43049 
1 -6.82746 -4.08062 
1 7.96739 -0.137648 
1 5.9213 -0.722819 
1 4.01899 -1.15457 
1 3.37702 -0.745599 
1 -2.0945 -2.83662 
1 -6.86671 -4.1136 
1 -6.73208 -1.81317 
1 10.7795 0.603937 
1 -2.83308 -1.38412 
