1 3.32706 -1.38336 
1 1.87295 -0.996288 
1 -9.84453 2.14661 
1 -8.18412 1.69956 
1 4.3145 -1.64708 
1 -5.7311 1.05521 
1 -9.44708 2.03699 
1 -4.91474 0.82406 
1 7.16941 -2.41546 
1 -9.33988 2.00964 
1 -5.16239 0.903084 
1 -3.14176 0.996539 
1 -5.99264 1.10445 
1 -9.88887 2.1674 
1 -0.381791 -0.718461 
1 -3.05484 0.324331 
1 5.40469 -1.93158 
1 -10.5079 2.31624 
1 8.3383 -2.51711 
1 4.84635 -1.76748 
1 -5.35955 0.927828 
1 -8.03435 1.66307 
1 -8.14602 1.69521 
1 -9.31054 2.00412 
1 -4.65731 0.757042 
1 3.76194 -1.49767 
1 6.86602 -2.34655 
1 -2.63475 0.752158 
1 7.12667 -2.41374 
1 3.04626 -1.32086 
1 3.31438 -1.38835 
1 3.22545 -1.36812 
1 -10.0858 2.21034 
1 6.63927 -2.27121 
1 -4.89993 0.817578 
1 -1.74841 0.166235 
1 7.50844 -3.00158 
1 -5.88086 1.08081 
