1 -4.61697 0.588135 
1 -3.60073 -1.99548 
1 0.200188 -0.519814 
1 -0.535469 -0.810355 
1 1.96664 0.394726 
1 6.28391 1.82995 
1 -2.89511 -1.67696 
1 4.09415 -2.157 
1 -5.55096 1.4382 
1 0.209301 -0.488817 
1 -8.35659 1.66576 
1 -5.69553 -0.104587 
1 0.355524 -0.443634 
1 1.65667 0.0159746 
1 -3.76378 1.23341 
1 3.16196 0.648849 
1 -3.9437 1.04349 
1 -9.84237 0.306394 
1 5.67779 -3.9903 
1 -5.6961 -0.0957948 
1 -11.9954 1.98001 
1 3.52566 0.715198 
1 1.47782 0.00393304 
1 -4.88133 0.437616 
1 3.11114 0.590569 
1 -1.33183 -1.10037 
1 -6.7604 1.56041 
1 -5.01078 0.285583 
1 0.647655 -0.325239 
1 6.06862 1.72202 
1 -4.65142 0.601214 
1 3.88889 -1.83333 
1 4.17918 -2.15747 
1 -3.56766 1.43356 
1 -3.32747 -1.85707 
1 0.931128 0.954403 
1 -4.57346 0.634714 
1 4.17398 0.702395 
1 -4.23777 -2.20891 
1 -1.51878 1.16351 
1 -7.43507 1.59185 
1 -5.63341 1.46122 
1 1.43012 -0.0895608 
1 -4.5303 0.726477 
1 5.0748 -3.28583 
1 4.13879 -2.12427 
1 3.3925 0.70366 
1 -5.24806 0.148443 
1 2.98541 -0.762845 
1 6.2447 -4.56068 
1 -5.97329 1.48348 
1 -3.68956 -2.00365 
1 -2.54884 -1.56184 
1 3.65286 -1.576 
1 7.0687 -1.1635 
1 -4.94109 0.430007 
1 3.57157 -1.46849 
