1 1.96664 0.394726 
1 -1.08772 -0.988041 
1 6.28391 1.82995 
1 3.94399 3.01671 
1 -2.89511 -1.67696 
1 0.209301 -0.488817 
1 4.93899 1.30107 
1 4.75049 1.16676 
1 4.74718 1.20674 
1 4.45208 1.11026 
1 4.96535 1.338 
1 2.11519 0.253595 
1 3.16196 0.648849 
1 6.6496 1.90648 
1 -9.82337 -4.2882 
1 2.28398 0.284445 
1 -8.08476 -3.59134 
1 -1.33183 -1.10037 
1 -9.75342 -4.31155 
1 1.73252 0.0468748 
1 -10.8289 -4.71913 
1 3.80192 0.694754 
1 6.06862 1.72202 
1 -8.87161 -3.96407 
1 5.97249 1.66333 
1 1.4395 -0.0131266 
1 6.43651 1.87243 
1 -8.51685 -3.79428 
1 7.22272 2.15652 
1 -3.51311 -1.88661 
1 -9.65849 -4.24705 
1 6.17987 1.75051 
1 -6.5594 -3.0396 
1 -10.6414 -4.62554 
1 6.4818 1.87978 
1 7.42981 2.25435 
1 -2.54884 -1.56184 
