1 -2.10566 3.2076 
1 -1.7734 3.34604 
1 -11.0637 0.857075 
1 -8.47589 1.55206 
1 -6.16601 2.1249 
1 3.37978 4.62969 
1 -9.5691 1.27002 
1 -2.20609 3.178 
1 -11.1547 0.871673 
1 0.546057 3.91162 
1 -6.69807 2.06043 
1 -5.95878 2.22249 
1 -10.1361 1.10677 
1 -1.26263 3.42827 
1 -3.7217 2.82431 
1 -1.18591 3.4261 
1 -8.24335 1.6261 
1 0.753856 3.93129 
1 6.65635 5.5098 
1 -1.89193 3.2504 
1 1.39551 5.00933 
1 -4.89662 2.46965 
1 2.35562 4.36288 
1 -5.74486 2.34528 
1 -7.70536 1.75165 
1 -6.8339 1.95007 
1 4.59825 4.9695 
1 -7.80409 1.75308 
1 -1.78824 3.27016 
1 -9.81768 2.00446 
1 -11.3534 0.813837 
1 -3.3336 2.8829 
1 -3.65345 2.81471 
1 0.271188 3.80411 
1 3.72393 6.68706 
1 -7.58653 1.79708 
1 4.62516 4.98682 
1 -1.84782 3.32159 
1 -12.2602 0.603591 
1 -4.72447 2.55474 
1 11.1851 6.74016 
1 -12.1664 0.605313 
1 -2.98447 2.97399 
1 5.26614 5.13065 
1 3.35285 4.62557 
1 -8.03372 1.67305 
1 -1.0332 3.49078 
1 1.5373 4.16319 
1 6.04579 5.32045 
1 -7.23695 1.83857 
1 -12.6127 0.50615 
1 1.1025 4.04176 
1 6.37433 6.86439 
1 -8.52136 1.55103 
1 -3.50597 2.86205 
1 4.49305 6.67847 
1 -6.9161 1.96144 
1 -1.68767 3.32649 
1 2.41922 4.37744 
1 3.41398 4.66479 
1 -12.3207 0.588322 
1 -3.11738 2.97388 
1 3.6514 4.70657 
1 -10.3414 1.05066 
1 6.56204 5.45333 
1 2.88408 4.50818 
1 3.65613 6.59071 
1 -5.65262 2.27092 
1 -9.41829 1.31084 
1 -7.00593 1.92497 
1 -9.63645 1.25564 
1 0.970581 4.35724 
1 -11.985 0.626423 
1 0.508087 3.61898 
1 -2.66262 3.07564 
1 -8.83691 1.47331 
1 -9.48278 1.28255 
1 -1.96837 3.21216 
1 4.0142 4.79712 
1 4.12078 4.80769 
1 -1.07234 3.47788 
1 0.0951046 3.78454 
1 6.61967 6.78685 
1 -5.76919 2.22849 
1 -10.492 1.05279 
1 5.62027 6.70765 
1 0.199684 3.85021 
1 -10.8988 0.906438 
1 -2.17701 3.19862 
1 -8.45887 1.62575 
1 2.01562 4.28685 
1 -1.51614 3.39107 
1 6.16709 5.4015 
1 -2.46177 3.09757 
1 -0.391011 3.66518 
1 -12.5178 0.502791 
1 1.17927 4.08554 
1 2.77414 4.43569 
1 -3.14567 2.93617 
1 3.3205 4.62463 
1 -5.34206 2.36423 
1 5.91722 5.29706 
1 -2.72006 3.07983 
1 2.43462 4.42338 
1 -2.22337 3.17357 
1 -0.844274 3.54009 
1 -0.567759 3.65329 
1 3.39601 4.6596 
1 -2.14038 3.20008 
1 -2.97129 2.96385 
1 1.97676 4.7435 
1 5.46561 5.20229 
1 -11.19 0.855269 
1 -1.74942 3.32807 
1 5.06783 5.09253 
1 -4.77167 2.56982 
1 -12.2554 0.591001 
1 -8.99937 1.42784 
1 11.815 6.89361 
1 6.58069 5.49942 
1 -7.06141 1.9042 
1 -10.2421 1.07624 
1 -8.17288 1.66754 
1 -12.5197 0.552296 
1 3.7902 4.76246 
1 4.61627 4.91334 
1 -11.6703 0.715245 
1 3.53241 4.70261 
1 -4.85334 2.48359 
1 -9.64118 1.25534 
1 -8.38741 1.56298 
1 -7.32262 1.8848 
1 -4.55406 2.55294 
1 6.4787 5.49115 
1 0.923395 4.019 
1 -7.97472 1.67886 
1 6.12838 5.31515 
1 1.55763 5.2351 
1 -10.6462 0.980129 
1 3.0277 4.54862 
1 -7.90032 1.75022 
1 0.544438 3.92384 
1 3.82196 4.79837 
1 -3.25231 2.87541 
1 -0.497834 3.62165 
1 -6.45907 2.02815 
1 -12.3117 0.572436 
1 -12.0288 0.66047 
1 -7.03359 1.89599 
1 -0.0706778 2.64645 
1 -1.93572 3.30839 
1 0.57448 3.90655 
1 -5.07412 2.51411 
1 -0.0393022 3.78401 
1 -4.63506 2.57932 
1 -8.96142 1.40429 
1 -1.95722 3.23646 
1 1.50682 4.14152 
1 -5.80139 2.24113 
1 2.9008 4.50166 
1 -9.96113 1.16985 
1 -3.05921 2.96759 
1 -4.94785 2.48764 
1 5.48475 5.15797 
1 -7.28305 0.240923 
1 3.45152 4.68991 
