1 2.66572 -0.333858 
1 10.5469 -1.79501 
1 8.96038 -1.54769 
1 -4.1651 0.158333 
1 -0.657927 -1.24829 
1 -1.46555 -0.65342 
1 4.85888 -1.03438 
1 -6.12558 0.428985 
1 1.50915 -0.61961 
1 5.10008 0.293657 
1 -0.505537 -1.15898 
1 -3.07763 -1.78104 
1 6.05656 0.499723 
1 12.3657 -2.00848 
1 -6.1704 -0.210628 
1 -1.12553 -1.29194 
1 -0.941531 0.532892 
1 -5.97889 -0.357693 
1 0.445318 0.939765 
1 -0.470343 -0.817977 
1 -0.0479954 0.513381 
1 -1.0468 -1.25945 
1 12.0057 -1.82752 
1 -5.61648 0.348577 
1 -5.49196 -0.929847 
1 -0.189428 -1.07563 
1 2.66051 -0.349552 
1 -0.728839 -0.29727 
1 4.44647 0.0990059 
1 -1.30878 -0.238962 
1 3.11249 -0.229288 
1 10.8041 -1.79526 
1 6.11944 0.488372 
1 10.5764 -1.73406 
1 8.44032 -1.47775 
1 -6.46742 -0.0939919 
1 -1.52194 -1.41215 
1 8.47795 1.12392 
1 10.8012 -1.80066 
1 -7.9196 -0.267685 
1 9.43598 -1.60961 
1 4.12194 -0.919035 
1 0.0638187 -0.994282 
1 5.73407 0.431976 
1 12.8265 -2.0722 
1 -4.7515 0.2398 
1 4.53414 -0.979174 
1 6.17266 -1.18767 
1 10.0113 -1.6966 
1 12.2526 -1.96737 
1 -5.46744 -0.955669 
1 -2.44048 -1.63784 
1 -0.796186 0.0974803 
1 10.8439 -1.80869 
1 -1.42209 -1.37116 
1 -6.12869 -0.466436 
1 3.30949 -0.221512 
1 6.66373 -1.22861 
1 2.79686 -0.331555 
1 8.64459 1.17651 
1 5.37301 -1.07048 
1 -2.94873 -0.0262311 
1 -0.538268 -0.549279 
1 6.55152 -2.49004 
1 -6.56831 0.136071 
1 -4.64754 0.149828 
1 4.88109 0.224665 
1 -4.56589 -0.681065 
1 0.67428 -0.47997 
1 8.92728 -2.13204 
