1 2.66572 -0.333858 
1 10.5469 -1.79501 
1 8.96038 -1.54769 
1 4.3205 0.104682 
1 -4.1651 0.158333 
1 -1.46555 -0.65342 
1 4.85888 -1.03438 
1 5.03856 0.273868 
1 -6.12558 0.428985 
1 -0.718048 -1.22571 
1 1.50915 -0.61961 
1 6.05656 0.499723 
1 12.3657 -2.00848 
1 3.26504 -0.802578 
1 4.55848 0.0942832 
1 -6.1704 -0.210628 
1 -5.199 -2.36312 
1 -1.12553 -1.29194 
1 -0.941531 0.532892 
1 0.445318 0.939765 
1 -0.470343 -0.817977 
1 -0.0479954 0.513381 
1 12.0057 -1.82752 
1 -5.61648 0.348577 
1 0.939965 -0.801064 
1 0.76019 -0.843835 
1 2.66051 -0.349552 
1 -5.69531 4.42486 
1 -0.728839 -0.29727 
1 -5.43621 -0.977499 
1 4.44647 0.0990059 
1 -1.30878 -0.238962 
1 3.11249 -0.229288 
1 -2.26685 -1.60312 
1 10.8041 -1.79526 
1 10.5764 -1.73406 
1 0.526184 -0.452539 
1 5.65621 0.431695 
1 1.70423 -0.613674 
1 8.44032 -1.47775 
1 -6.46742 -0.0939919 
1 -1.52194 -1.41215 
1 10.8012 -1.80066 
1 -7.9196 -0.267685 
1 9.43598 -1.60961 
1 4.12194 -0.919035 
1 0.0638187 -0.994282 
1 -1.86122 -1.46267 
1 5.73407 0.431976 
1 12.8265 -2.0722 
1 -1.14212 0.975783 
1 -4.7515 0.2398 
1 1.71721 -0.572266 
1 4.53414 -0.979174 
1 6.17266 -1.18767 
1 10.0113 -1.6966 
1 12.2526 -1.96737 
1 -5.46744 -0.955669 
1 3.77608 -0.0717573 
1 10.8439 -1.80869 
1 -1.42209 -1.37116 
1 -6.12869 -0.466436 
1 3.30949 -0.221512 
1 -8.73556 -3.21912 
1 5.37301 -1.07048 
1 -2.94873 -0.0262311 
1 -0.824177 -1.23205 
1 -2.05727 -1.5533 
1 -6.56831 0.136071 
1 -4.64754 0.149828 
1 -4.56589 -0.681065 
1 8.92728 -2.13204 
1 7.24823 0.825304 
