1 -9.88233 -3.50089 
1 -5.95066 -3.93818 
1 2.20658 -0.464386 
1 -1.53724 -1.39385 
1 -4.51109 -2.18275 
1 1.88701 -0.636241 
1 -10.0369 -3.56676 
1 -8.26972 -3.12221 
1 6.39018 0.610128 
1 -0.657927 -1.24829 
1 -7.30421 -2.86953 
1 -4.37798 -3.70935 
1 -6.22881 -2.56865 
1 4.50435 0.0950406 
1 -1.73911 -4.77886 
1 5.10008 0.293657 
1 -0.505537 -1.15898 
1 -3.07763 -1.78104 
1 -10.0853 -3.55145 
1 -4.16414 -2.08698 
1 6.54658 0.613476 
1 -6.85819 -2.76315 
1 -4.44569 -2.1572 
1 -2.59132 -1.70633 
1 -7.00919 -2.81006 
1 6.92645 0.735196 
1 0.862595 -0.762116 
1 -4.16005 -2.07224 
1 -5.97889 -0.357693 
1 7.75191 0.940544 
1 7.07619 0.785566 
1 -5.9906 -2.54498 
1 -10.3081 -3.64376 
1 -0.454153 -1.15546 
1 -1.0468 -1.25945 
1 -9.95591 -3.55433 
1 -5.66908 -2.45104 
1 -0.949624 -1.26801 
1 2.26142 -0.462685 
1 5.02644 0.230094 
1 7.53189 0.877052 
1 -10.3931 -3.69431 
1 -7.18653 -2.82718 
1 -0.189428 -1.07563 
1 -10.1543 -2.95134 
1 6.11944 0.488372 
1 -7.90449 -3.02399 
1 -0.407484 -1.13222 
1 -5.78188 -4.25595 
1 8.47795 1.12392 
1 6.49843 0.644033 
1 -10.0089 -3.622 
1 3.9925 -0.0366782 
1 8.39058 1.06224 
1 -8.26205 -3.11398 
1 6.43953 0.635523 
1 5.63711 0.409744 
1 -5.72072 -4.22174 
1 -4.41685 -1.95461 
1 -8.23079 -3.12837 
1 7.22702 0.811845 
1 8.32445 1.02591 
1 -10.3644 -3.6598 
1 -2.44048 -1.63784 
1 -8.82638 -3.30754 
1 -0.796186 0.0974803 
1 0.60337 -0.884407 
1 -8.69537 -3.25527 
1 6.66373 -1.22861 
1 2.79686 -0.331555 
1 8.14419 1.05112 
1 8.64459 1.17651 
1 -2.31347 -1.60734 
1 -10.0725 -3.6092 
1 -6.64138 -2.71128 
1 6.60743 0.68768 
1 -10.0521 -3.59057 
1 6.55152 -2.49004 
1 -7.36567 -2.90601 
1 -6.43752 -2.70545 
1 8.77416 1.21292 
1 2.44497 -0.414198 
1 -4.87508 -2.29286 
1 4.88109 0.224665 
1 0.67428 -0.47997 
1 -4.58508 -2.22895 
