1 -2.83856 8.68179 
1 -1.26151 -0.640749 
1 -1.57949 1.03023 
1 -0.676312 -4.22713 
1 -1.40299 0.216787 
1 -1.26415 -0.578094 
1 -0.16236 -7.16063 
1 0.0150091 -8.27338 
1 -0.68829 -4.18388 
1 -2.20019 4.78057 
1 -2.46428 6.47981 
1 -1.76241 2.13766 
1 -0.430994 -5.80133 
1 -2.60441 7.23608 
1 -1.86457 2.88899 
1 -1.48387 0.407425 
1 -1.78172 2.29614 
1 -2.67992 8.40658 
1 -0.0633455 -7.70952 
1 -2.77687 8.22015 
1 0.298353 -10.0059 
1 0.0258015 -8.29847 
1 -1.21585 -0.958396 
1 -2.33317 5.60584 
1 -0.292524 -6.6924 
1 -1.70345 1.96299 
1 -1.02505 -2.02926 
1 -1.96357 3.31967 
1 -1.63448 1.4932 
1 -0.812948 -3.47029 
1 -2.58365 7.06042 
1 -0.445482 -5.73017 
1 0.145051 -9.06609 
1 -0.665887 -4.12064 
1 -2.14047 4.47453 
1 -0.427669 -5.66484 
1 -2.8447 8.46411 
1 -1.36356 0.228724 
1 -1.71941 1.72484 
1 -1.46211 -0.598723 
1 -1.40704 0.264147 
1 -2.18668 4.66567 
1 -1.547 0.867993 
1 -2.64821 7.43023 
1 -1.18007 -1.24169 
1 -2.90152 8.9204 
1 -2.48414 6.50812 
1 -0.927761 -2.72419 
1 -2.46746 6.36855 
1 -0.275146 -6.38151 
1 -2.29531 5.42176 
1 -0.168965 -7.32471 
1 -0.6609 -4.17443 
1 -0.10188 -7.53142 
1 -1.84568 2.83393 
1 -1.41559 0.313737 
1 -0.1852 -6.9369 
1 0.0711802 -8.58281 
1 -2.33037 5.41595 
1 -0.316249 -6.34537 
1 -2.6937 8.64003 
1 -2.43283 6.13543 
1 0.271686 -9.90523 
1 -1.48766 0.540136 
1 -1.96609 3.58096 
