-2.96387 2.56698 -0.115956 
-3.0514 0.522798 0.995686 
-2.72984 0.505987 0.232293 
-3.71209 -0.455222 -0.0165614 
-2.00298 1.96037 0.413827 
-2.02985 1.53594 0.411254 
-3.78812 -0.494866 -0.032679 
-2.71906 0.521182 0.113742 
-1.96067 2.53193 -0.594957 
-3.1416 0.50318 0.873708 
-2.67515 -0.372017 -0.0154366 
-2.75724 0.251024 -0.0696911 
-3.7592 0.469943 0.928034 
-2.96812 2.41324 -0.599808 
-2.94313 1.73785 0.383255 
-2.75944 0.509833 0.548149 
-2.78748 -0.490047 0.377263 
-2.85195 0.539112 -0.0362417 
-2.80263 0.32099 -0.0560111 
-2.97921 2.54913 0.00434816 
-2.95535 1.73875 0.395781 
-3.2455 -0.491325 -0.0411202 
-2.73495 0.518546 0.83366 
-2.71765 -0.286266 0.950444 
-1.99614 2.44045 -0.575605 
-2.00879 2.56107 0.417119 
-2.79601 0.397264 -0.0673167 
-2.00403 1.7557 0.434731 
-2.81643 1.54342 -0.586614 
