0.892143 1.89146 1.88069 
1.16829 1.86784 -0.240123 
1.38012 1.30759 -0.185211 
0.802365 1.84428 -0.179808 
1.39709 1.49999 -1.18264 
0.532405 1.85549 -0.17772 
0.947378 0.871273 -0.221854 
0.197752 0.94515 1.41097 
1.38752 1.63138 -0.193601 
1.39188 0.857435 -0.60477 
0.90732 0.842802 -0.211852 
1.39544 0.843887 -0.939663 
0.736042 1.84903 -0.190698 
0.738332 1.84689 -1.18014 
1.40829 1.05525 -1.19096 
0.58196 1.8491 -0.183531 
1.4017 0.849299 -0.199348 
0.381136 0.836362 -0.776872 
0.389971 1.63958 -1.17716 
0.384167 0.843366 -1.17491 
0.405136 1.1573 -0.186604 
1.40561 1.76912 -0.148664 
1.40367 1.00008 -1.22296 
1.37971 0.849629 -0.235435 
0.367188 1.84101 -1.20456 
0.385991 0.835947 -0.426865 
1.13011 1.84985 -1.22026 
0.567604 1.84501 -1.18219 
0.384501 0.878493 -0.187172 
1.12149 1.84029 -1.17516 
1.37965 1.32365 -1.20017 
0.489407 1.84256 -1.19061 
0.921884 1.84136 -0.211784 
0.392192 1.86815 -0.913871 
0.406583 1.15295 -1.15761 
0.385353 1.49851 -0.208774 
0.909036 1.86022 -0.226743 
0.676091 1.84601 -1.23661 
0.381364 1.00059 -0.213275 
0.40441 1.84747 -0.824829 
0.409964 1.84258 -1.14224 
1.41735 1.38624 -1.19186 
1.41206 1.52397 -0.220998 
0.404772 1.59729 -0.190554 
1.01874 1.84971 -1.21252 
0.987815 0.848184 -0.214985 
0.369195 1.84346 -1.01733 
1.19983 0.821802 -1.17417 
1.38948 0.83787 -0.400301 
1.3773 0.843905 -0.607593 
1.38742 1.22443 -1.19021 
0.484597 0.842125 -1.19426 
0.205716 1.90501 1.04261 
0.40134 1.67473 -0.154219 
1.38978 1.03579 -1.19514 
0.397516 0.84871 -0.860463 
0.941235 1.84617 -1.2243 
0.380259 1.84593 -0.566065 
0.406805 1.6667 -1.15256 
0.385255 0.851285 -1.0559 
0.560012 0.838008 -1.16227 
0.62751 0.956889 1.94042 
1.33484 0.844271 -1.16967 
0.496252 1.83149 -0.147144 
0.397248 0.884709 -0.213196 
0.377649 1.08254 -1.23225 
1.38416 1.83352 -0.5927 
0.384574 0.82267 -0.781908 
0.404784 0.848252 -0.654951 
0.384547 1.06434 -0.258989 
1.41466 1.46535 -0.194553 
1.16042 0.816745 -0.193702 
1.26859 1.85527 -1.19113 
1.4127 0.849042 -1.15664 
0.693571 0.843741 -1.18593 
1.29832 1.83539 -0.162437 
1.20914 0.857137 1.19126 
1.39059 1.55745 -0.172095 
1.21243 1.87596 -0.219122 
1.38874 0.871242 -0.216552 
0.37701 1.85457 -0.824197 
0.361823 0.912748 -1.20213 
0.379975 1.83246 -0.315045 
0.479085 1.8409 -0.187852 
0.408 1.64774 -1.18412 
0.456621 0.831234 -0.194108 
0.399683 1.35874 -1.1832 
0.380014 0.929592 -0.217401 
0.40199 1.32632 -1.20781 
1.10691 1.84105 -0.179803 
0.371493 1.63424 -1.18959 
0.615551 1.85869 -1.16429 
0.400888 1.85067 -0.464498 
1.15539 0.834696 -1.2099 
0.557368 0.847262 -0.18863 
1.37917 1.39163 -0.191111 
0.387181 0.823413 -0.451076 
1.25625 1.83726 -0.195526 
1.37457 1.84377 -0.754302 
1.32299 0.858358 -1.20737 
1.07513 0.847152 -1.21825 
-1.91793 1.63643 0.379993 
