-2.63921 -2.88201 2.362 
-3.32366 -1.97492 2.34872 
-2.40684 -2.00418 3.0951 
-2.43411 -2.916 2.77404 
-2.45396 -2.14771 2.35865 
-2.44112 -2.1851 2.34936 
-3.25511 -1.99345 2.35356 
-3.41186 -2.93066 2.3596 
-3.08664 -1.86767 3.35784 
-3.15835 -1.89673 3.34258 
-2.43224 -2.92118 2.34772 
-2.84222 -2.92362 3.34835 
-3.18584 -1.98148 3.34694 
-3.37957 -1.95886 3.36375 
-2.4636 -2.99207 3.35387 
-2.45196 -2.42793 3.36539 
-2.73789 -1.99092 2.34013 
-3.15745 -2.87474 2.3282 
-3.37004 -0.486867 0.916095 
-3.02613 -1.97769 2.35756 
-3.33621 -1.81059 3.36218 
-3.22179 -2.98118 2.37021 
-3.42817 -2.93265 2.51054 
-2.44431 -2.94793 2.57574 
-2.82549 -1.90524 3.35657 
-3.42527 -2.71353 2.36019 
-3.43165 -1.90849 2.94673 
-3.3618 -1.95489 2.3419 
-2.4307 -2.31453 2.33735 
-3.40976 -2.74994 2.36366 
-3.40944 -1.91808 2.90897 
-2.41094 -2.37168 2.3437 
-2.98049 -2.97689 3.36195 
-2.53767 -1.86995 3.39199 
-3.04388 -2.98239 3.38627 
-2.91381 -2.98416 3.3776 
-2.42524 -2.44969 3.34765 
-2.91476 -2.99442 2.3684 
