3.06799 0.582024 3.52467 
2.20489 0.545223 2.7016 
2.66308 -0.427053 2.50998 
2.17829 0.561542 3.25711 
3.19169 0.569842 2.63229 
2.17089 -0.43169 3.00844 
3.17168 -0.424975 2.9093 
2.20309 -0.100031 3.53245 
3.19082 -0.161383 2.514 
2.23581 -0.404935 2.51433 
3.16833 -0.430201 3.20914 
2.94162 0.569731 3.5192 
2.61596 0.573157 2.53667 
2.6135 0.567507 3.50363 
2.23027 -0.116038 3.52763 
2.16179 -0.412833 2.51401 
3.21159 0.564444 2.61615 
2.21774 0.565905 2.51074 
2.93127 -0.435428 3.50609 
3.17677 0.210584 3.51455 
2.19361 0.455795 2.51937 
2.81938 -0.440022 3.52981 
3.1733 -0.407185 3.50523 
