1 -8.91857 2.99213 
1 -3.57416 -1.89159 
1 -5.02005 -0.62533 
1 0.0669477 -5.38296 
1 -7.44262 1.65207 
1 3.96234 -9.04004 
1 -1.8589 -3.65151 
1 -9.7583 3.73898 
1 -9.11233 3.2468 
1 -2.4824 -3.08972 
1 0.302624 -5.65439 
1 2.19633 -7.44743 
1 -1.5527 -3.82508 
1 -2.11367 -3.43105 
1 -5.57422 -0.0394064 
1 -8.71611 2.93101 
1 -0.245044 -5.12264 
1 -8.7147 2.82886 
1 -1.38373 -4.09513 
1 -2.06625 -3.42711 
1 2.49069 -7.66629 
1 -1.55456 -3.86517 
1 2.84269 -8.05886 
1 -3.94738 -1.56497 
1 -6.30424 0.681454 
1 -8.15628 2.27491 
1 2.78548 -8.01503 
1 2.31591 -7.6207 
1 -4.40083 -1.1446 
1 -4.8135 -0.896233 
1 -6.74416 0.983453 
1 0.84669 -6.08339 
1 -2.22672 -3.35844 
1 3.19035 -8.35338 
1 -7.58828 1.77858 
1 -0.338665 -4.99359 
1 -2.94721 -2.58712 
1 -5.06102 -0.461325 
1 -6.09819 0.523868 
1 2.42255 -7.66954 
1 -7.01369 1.23453 
1 -6.32713 0.644971 
1 2.44143 -7.65502 
1 -2.91607 -2.62785 
1 -0.938771 -4.54716 
1 0.225833 -5.61191 
1 -0.728118 -4.6144 
1 -5.40629 -0.192627 
1 2.08786 -7.43485 
1 -0.963125 -4.49177 
1 -7.81777 1.96856 
1 1.06936 -6.42677 
1 -4.0015 -1.57843 
1 -7.03605 1.29831 
1 -5.2668 -0.332308 
1 -5.02717 -0.52306 
1 -1.87982 -3.64036 
1 -3.91453 -1.64572 
1 2.30968 -7.5551 
1 -5.6177 0.0999706 
1 -4.00578 -1.5342 
1 0.743579 -6.10302 
1 -3.15678 -2.38277 
1 -3.56601 -2.05325 
1 -1.96378 -3.54902 
1 -7.32429 1.53035 
1 -5.17681 -0.51025 
1 3.00413 -8.23617 
1 3.43691 -8.51399 
1 -8.00383 2.29789 
1 -6.16261 0.465433 
1 -9.84129 3.88869 
1 -0.316083 -5.06698 
1 0.920647 -6.20598 
1 -1.02067 -4.42638 
1 -8.50874 2.64363 
1 -2.52189 -3.05137 
1 -7.48018 1.71465 
1 -6.34288 0.662061 
1 -2.1854 -3.22635 
1 -8.55656 2.75354 
1 0.509609 -5.8491 
1 -10.0396 4.10498 
1 0.568478 -5.946 
1 2.91865 -8.15539 
1 0.224296 -5.56904 
1 -1.92547 -3.54532 
1 -5.53959 -0.12224 
1 -9.48706 3.65026 
1 3.42038 -8.63719 
1 3.18295 -8.39682 
1 -9.37791 3.46763 
1 -10.0934 4.11651 
1 -9.89348 3.87085 
1 -6.2691 0.602949 
1 -9.80525 3.85263 
1 0.511959 -5.72823 
1 3.12351 -8.11425 
1 3.69229 -8.91443 
1 -7.85989 2.12896 
1 -1.14582 -4.23424 
1 -9.22703 3.31932 
1 -8.73992 2.91149 
1 -7.63739 2.00273 
1 -1.3822 -4.07911 
1 -7.21522 1.40531 
1 0.713039 -5.94365 
1 -1.97994 -3.52204 
1 -9.09421 3.27537 
1 -1.46341 -4.0885 
1 3.54573 -8.68957 
1 -6.09617 0.395847 
1 -5.37051 -0.352397 
1 -10.1582 4.21838 
1 -1.56533 -3.85302 
1 1.51185 -6.81704 
1 -4.53129 -1.08241 
1 -6.62006 0.974185 
1 -1.7667 -3.73511 
1 -2.23912 -3.22369 
1 1.52381 -6.83838 
1 -4.23078 -1.30135 
1 2.27506 -7.55086 
1 -8.66885 2.82584 
1 -0.195541 -5.05882 
1 1.06555 -6.36268 
1 -1.80815 -3.59292 
1 -9.68597 3.71906 
1 2.27313 -7.43607 
1 -2.06229 -3.45801 
1 -7.93996 2.2326 
1 0.495194 -5.78866 
1 -7.70362 2.0462 
1 1.81895 -7.04888 
1 2.79103 -8.04878 
1 -5.37598 -0.237135 
1 1.54304 -6.82228 
1 0.11032 -5.45248 
1 -9.05178 3.26277 
1 -1.39309 -4.02843 
1 -9.94484 4.12135 
1 -7.47846 1.70183 
1 -6.95389 1.13018 
1 -8.10043 2.29565 
1 -0.41983 -4.91954 
1 3.53898 -8.6599 
1 -0.766695 -4.58818 
1 -4.48641 -1.0552 
1 -3.57462 -1.90502 
1 -0.742923 -4.63235 
1 1.42331 -6.65174 
1 -5.52206 -0.148106 
1 -9.37074 3.57408 
1 -10.3063 4.39682 
1 -6.62579 0.841804 
1 2.8422 -8.07392 
1 -4.07565 -1.49555 
1 -7.88086 2.15752 
1 0.216611 -5.59184 
1 2.32576 -7.62018 
1 -8.08701 2.20046 
1 -3.97642 -1.63876 
1 -2.36996 -3.10818 
1 -0.901441 -4.55528 
1 -2.51392 -2.91923 
1 1.59156 -6.90456 
1 -6.1084 0.38862 
1 1.68396 -6.99018 
1 -0.342029 -4.98198 
1 -5.52993 -0.156483 
1 -3.71602 -1.9102 
1 -6.32852 0.599594 
1 -0.303154 -5.13424 
1 -6.24984 0.538531 
1 -7.46562 1.71359 
1 -9.08522 3.2657 
1 -8.20181 2.23045 
1 -2.98071 -2.42713 
1 3.71301 -8.88647 
1 -8.02611 2.34295 
1 -7.17826 1.38614 
1 -0.42712 -4.90864 
1 2.10837 -7.31434 
1 -7.58951 1.80263 
1 -1.01647 -4.3826 
1 -9.28595 3.41739 
1 1.94611 -7.14624 
1 -8.83043 3.02369 
1 -4.68677 -0.952312 
1 -0.71804 -4.57955 
1 -2.21058 -3.23803 
1 -5.91467 0.138149 
1 -2.3536 -3.16528 
1 2.00217 -7.24639 
1 -9.10593 3.21134 
1 -2.79409 -2.83634 
1 1.57934 -6.86383 
1 -9.84704 3.82178 
1 -6.8967 1.065 
