1 -1.31612 2.94662 
1 2.49437 -7.42945 
1 0.124544 -1.05987 
1 -0.430582 0.399525 
1 -1.12878 2.2466 
1 1.50753 -4.76949 
1 -4.4093 9.33684 
1 -1.65988 3.4119 
1 -1.92869 3.51783 
1 3.83698 -11.0232 
1 1.19602 -3.94468 
1 1.05285 -3.56053 
1 0.772362 -2.81181 
1 3.20132 -9.37988 
1 2.10183 -6.34934 
1 -2.79356 6.80807 
1 -0.371065 0.365754 
1 -1.06024 2.07487 
1 -2.07205 4.78117 
1 0.535029 -2.21513 
1 3.20173 -9.40408 
1 -1.67637 3.7291 
1 -2.64314 6.42706 
1 0.672775 -2.54667 
1 1.23748 -4.13557 
1 2.76972 -8.29504 
1 -2.69698 6.53441 
1 -1.66696 3.81321 
