1 6.01779 -2.81804 
1 0.738028 -8.24363 
1 4.18811 -3.99215 
1 0.317249 -8.74247 
1 -1.75607 -11.6817 
1 5.36908 -2.65115 
1 3.9003 -4.29417 
1 1.36641 -7.62556 
1 9.96038 2.8042 
1 1.08449 -7.73522 
1 1.68358 -7.15885 
1 6.8051 -1.0061 
1 6.61758 -1.2464 
1 5.54328 -2.5279 
1 5.02111 -3.149 
1 3.47202 -4.97051 
1 4.16744 -2.19237 
1 8.78217 0.860587 
1 9.09944 1.77827 
1 0.615875 -8.44563 
1 5.5168 -2.62309 
1 3.89465 -4.52547 
1 -0.249366 -9.3891 
1 6.54476 -1.36501 
1 5.7896 -2.71515 
1 8.38684 0.863994 
1 -1.18389 -10.4582 
1 8.8037 1.33002 
1 3.92555 -4.43531 
1 0.268783 -8.72675 
1 8.52478 0.844243 
