1 9.36362 2.34279 
1 -9.42818 -1.52881 
1 -10.4069 -1.65086 
1 13.6472 0.904548 
1 9.07394 2.46476 
1 10.4555 1.96187 
1 -11.1704 -1.80049 
1 -0.579322 -0.230183 
1 11.9344 1.4749 
1 7.21366 0.936734 
1 -0.417124 -0.192596 
1 -11.251 -1.79718 
1 -11.4242 -1.81799 
1 5.35925 3.69611 
1 -6.95433 -1.15199 
1 -1.55816 1.46619 
1 9.32556 2.40592 
1 -12.1337 -1.89487 
1 -7.71257 -1.26188 
1 2.4662 0.226197 
1 -4.86341 -0.876202 
1 3.50276 0.34439 
1 -10.0295 -1.62885 
1 -1.55749 1.57406 
1 0.180206 0.187106 
1 -8.40465 -1.39257 
1 12.9351 1.13975 
1 8.84233 2.55828 
1 1.53217 0.0765626 
1 5.44566 3.69546 
1 5.5422 3.63964 
1 4.71494 0.553165 
1 10.8992 1.8598 
1 -7.31318 -1.23537 
1 -0.559598 -0.207088 
1 -1.49051 0.33146 
1 -4.52862 -0.792953 
1 -9.98242 -1.60714 
1 6.76132 3.22602 
1 5.86962 3.50223 
1 2.11142 0.190094 
1 -1.38747 -0.337037 
1 6.99989 3.11472 
1 2.93546 0.309381 
1 12.17 1.43753 
1 12.4945 1.32745 
1 -5.35181 -2.32675 
1 -0.856781 -0.261773 
1 13.6374 0.907302 
1 -2.69238 -0.56135 
1 -12.1963 -1.93368 
1 -1.56627 0.712723 
1 2.01656 0.172695 
1 -5.17819 -2.22126 
1 -8.10399 -1.31581 
1 5.09977 3.78706 
1 10.1074 2.1436 
1 1.1137 2.08316 
1 6.09833 0.758135 
1 3.93729 4.18142 
1 0.16466 -0.387292 
1 13.2005 1.04261 
1 13.905 0.845385 
1 -7.19981 -1.19262 
1 -2.1078 -0.481789 
1 0.17865 0.306525 
1 6.93395 0.91348 
1 -3.09301 -2.68526 
1 -8.87071 -1.45878 
1 3.97721 0.452428 
1 7.55914 3.01717 
1 4.013 4.17734 
1 -1.72124 -0.416698 
1 5.15299 0.648429 
1 10.5982 1.9679 
1 11.2746 1.73952 
1 -1.50248 -0.00941743 
1 0.0277373 -0.154777 
1 -1.42104 -0.356052 
1 6.04291 3.5032 
1 8.18434 2.72665 
1 -2.72506 -0.528762 
1 -9.02341 -1.48668 
1 9.76668 2.24051 
1 9.65942 2.30716 
1 11.5519 1.66697 
1 -0.836872 -0.212423 
1 -10.2738 -1.63709 
1 0.314282 -0.0642668 
1 7.09898 3.11663 
1 12.9104 1.15658 
1 5.62857 0.676897 
1 13.7425 0.891096 
1 -1.11441 -0.293291 
1 10.9853 1.7733 
1 -6.6938 -1.11974 
1 12.3742 1.32664 
1 7.21091 0.938459 
1 -1.1483 -0.327565 
1 -12.4891 -1.94137 
1 2.67484 0.25669 
1 12.5957 1.29612 
1 2.00037 0.144305 
1 -3.78933 -0.677919 
1 -10.7804 -1.73563 
1 6.83511 0.797521 
1 -1.63766 -0.413481 
