1 -0.920192 5.83971 
1 -2.1358 6.24332 
1 -1.75578 6.21854 
1 -1.26869 5.98616 
1 -3.68531 6.7109 
1 -1.48463 6.01755 
1 -1.72984 6.04925 
1 -2.62092 6.35879 
1 -3.43378 6.66658 
1 -1.32878 5.96952 
1 -1.86165 8.51518 
1 -1.85585 8.35703 
1 -2.94806 6.56103 
1 -4.69582 7.14405 
1 -2.04831 6.18659 
1 -1.65598 6.06082 
1 -1.15309 5.88903 
1 -1.55199 6.05951 
1 -1.80649 7.57766 
1 -3.31269 6.5931 
1 -2.819 6.46563 
1 -4.39863 6.99155 
1 -1.89563 6.1563 
1 -4.13993 6.89917 
1 -3.43564 6.66772 
1 -4.43882 7.01388 
