1 -4.78981 -0.860625 
1 -0.297154 5.61643 
1 1.8226 4.88667 
1 -0.693371 5.73072 
1 -6.15437 -1.05184 
1 -5.94588 -2.14821 
1 1.3213 5.07932 
1 -1.66071 4.46786 
1 0.498145 5.35127 
1 -6.93232 -1.98358 
1 1.39441 5.03251 
1 -5.26417 -0.924761 
1 -5.05848 -0.850141 
1 -5.20425 -0.90405 
1 -5.45502 -0.944638 
1 -7.74922 -1.78584 
1 -5.47084 -0.966543 
1 -1.64183 3.9277 
1 -5.51818 -2.22784 
1 1.87429 4.90887 
1 0.254144 5.42796 
1 0.104812 5.49323 
1 -4.74517 -0.813595 
1 -0.501815 5.6553 
1 -5.52272 -1.00564 
1 -6.50834 -1.11919 
