1.51986 -5.14297 0.127844 
1.49989 -5.18543 -0.504228 
1.43584 -5.20075 -0.851985 
0.527222 -5.11823 -0.885282 
0.623313 -4.19483 -0.881826 
0.472066 -5.07781 0.162722 
1.53851 -4.30167 0.115881 
0.515372 -5.23523 -0.704389 
0.495323 -5.23673 -0.845995 
0.514491 -4.77488 -0.887563 
1.56983 -5.02546 -0.902649 
1.21057 -4.19442 -0.913796 
0.531943 -4.74579 0.09675 
0.538965 -4.71337 0.113344 
0.620372 -5.22011 0.128347 
1.35327 -5.229 0.149421 
1.51699 -4.96143 0.110277 
0.586225 -5.15025 0.0271331 
0.504554 -4.51101 0.117019 
0.502109 -5.17063 -0.189736 
1.21171 -5.14922 0.0793605 
