1 -6.6171 7.13605 
1 0.55929 -4.68834 
1 2.81774 -8.41384 
1 -2.48465 0.349753 
1 -0.0684913 -3.63011 
1 -5.98067 6.12233 
1 1.83461 -6.76826 
1 -5.44734 5.23253 
1 -0.0161519 -3.73287 
1 -0.58292 -2.79682 
1 -5.81231 5.80178 
1 -6.13722 6.33123 
1 1.54873 -6.32927 
1 -6.62981 7.12908 
1 -3.73141 2.38434 
1 -0.0198471 -3.70737 
1 -2.80528 0.841447 
1 -3.8386 2.57922 
1 -4.53379 3.77034 
1 -3.28843 1.64226 
1 -0.901966 -2.23095 
1 -5.56878 5.45544 
1 -3.57737 2.12662 
1 2.29922 -7.52763 
1 -2.51175 0.370623 
1 1.06133 -5.52271 
1 1.56785 -6.31392 
1 -6.46886 6.90377 
1 -5.77514 5.75003 
1 -1.55628 -1.1934 
1 1.21577 -5.75713 
1 -1.29212 -1.09833 
1 -6.27853 6.59578 
1 -4.26598 3.24281 
1 -0.748619 -2.54289 
1 -3.68753 2.2983 
1 -4.70465 4.01852 
1 -6.61953 7.1385 
1 1.38947 -6.01617 
1 -4.94292 4.35098 
1 0.458157 -4.50678 
1 -4.73209 4.08859 
1 -3.66696 2.26229 
1 -0.345819 -3.2057 
1 -7.16118 8.06773 
1 -0.952215 -2.1894 
1 -6.29201 6.59857 
1 0.457254 -4.50389 
1 1.07539 -5.53111 
1 1.85791 -6.79774 
1 2.1071 -7.21826 
1 -5.01695 4.54994 
1 -3.10735 1.38109 
1 -5.71679 5.66739 
1 -6.7329 7.31638 
1 -1.29304 -1.00678 
1 1.76083 -6.62092 
1 -6.42013 6.80542 
1 2.11788 -7.26589 
1 -1.34433 -1.52272 
1 -2.67857 0.665608 
1 -3.76725 2.42658 
1 -1.34819 -1.0798 
1 -1.5244 -1.25019 
1 -3.84945 2.58792 
1 -6.01885 6.20008 
1 2.48846 -7.86313 
1 -3.06033 1.31658 
1 1.59378 -6.41318 
1 0.933907 -5.30986 
1 -4.4025 3.4978 
1 0.1263 -3.95551 
1 -5.01237 4.48878 
1 -0.162002 -3.47464 
1 -3.04608 1.31962 
1 2.41718 -7.7396 
1 2.53601 -7.92184 
1 -6.56748 7.02826 
1 0.275381 -4.22828 
1 -6.83776 7.51259 
1 -6.83964 7.52895 
1 -4.75666 4.12441 
1 -3.60101 2.19927 
1 0.380004 -4.37138 
1 1.80327 -6.71946 
1 -5.90538 5.98111 
1 -6.52825 7.01274 
1 -2.39208 0.19534 
1 1.79604 -6.70599 
1 -6.05604 6.22058 
1 -3.70606 2.39437 
1 -1.86552 -0.710051 
1 -5.83922 5.86092 
1 -7.23121 8.13194 
1 -1.51637 -1.22032 
1 -5.6318 5.5356 
1 -0.395672 -3.10502 
1 0.959571 -5.33901 
1 -4.62655 3.86419 
1 -1.83632 -0.713963 
1 -1.08555 -2.0135 
1 1.4589 -6.14927 
1 1.67625 -6.49003 
1 -7.13492 7.99798 
1 0.892207 -5.19287 
1 -0.529036 -2.88652 
1 -5.11042 4.66647 
1 -1.02185 -2.01536 
1 1.10186 -5.57644 
1 -4.30862 3.31358 
1 0.778985 -5.07562 
