1 1.01454 4.00851 
1 -0.224928 0.749001 
1 -3.63631 -4.17329 
1 -1.37865e-05 0.67026 
1 -7.2504 -7.076 
1 -7.1049 -6.95797 
1 -3.68187 -4.16626 
1 -7.79292 -7.51749 
1 -4.08484 -4.49902 
1 -8.01153 -7.70849 
1 -2.48625 -3.21527 
1 -2.82064 -3.49548 
1 -0.567296 2.99229 
1 -6.95232 -6.84414 
1 -4.95774 -5.20996 
1 -7.09793 -6.96917 
1 -5.48972 -5.64551 
1 5.91129 7.16811 
1 -2.8339 -3.50493 
1 -3.40266 -3.95271 
1 -2.02663 -1.81634 
1 -3.39504 -3.96935 
1 0.129972 0.597979 
1 -5.51723 -5.69449 
1 -2.94432 -2.16924 
1 -3.98615 -4.47315 
1 1.05604 4.04765 
1 -7.54133 -7.32943 
1 -5.45205 -5.58646 
1 -8.57874 -8.1674 
1 -5.65992 -5.82871 
1 -2.34031 -3.09017 
1 5.21289 6.76865 
1 -5.93022 -6.03091 
1 -2.62342 -3.32359 
1 4.18821 6.01259 
1 -5.91202 -5.99738 
1 -6.33091 -5.51297 
1 -5.45941 -5.62972 
1 -8.4929 -8.06916 
1 -6.5721 -6.54305 
1 -6.09718 -6.14024 
1 -4.77435 -5.09326 
1 -2.12597 -2.92705 
1 -0.526621 -1.63934 
1 -8.25291 -7.93052 
1 -6.87962 -6.81585 
