1 -9.74511 -4.81602 
1 1.63903 0.113489 
1 -8.02192 -4.15312 
1 5.42172 -1.55225 
1 5.20712 -1.46429 
1 -4.06057 -0.679556 
1 -0.129698 -1.30863 
1 5.55696 -1.62261 
1 1.56119 -0.0350473 
1 1.93832 0.391758 
1 5.59436 -1.59041 
1 1.02946 -0.360188 
1 3.24068 1.45307 
1 3.76661 0.360149 
1 0.176635 0.570511 
1 2.94554 -0.548309 
1 7.0573 -2.21341 
1 0.807756 -0.543556 
1 -9.26151 -4.60688 
1 6.88028 1.54652 
1 7.72068 -2.46559 
1 -2.12114 -2.90015 
1 6.11922 1.2536 
1 3.74686 1.84451 
1 4.62123 -1.22454 
