1 -5.44877 3.35034 
1 -5.37391 3.30293 
1 -0.898456 0.728519 
1 -2.46347 1.6507 
1 1.44643 -0.0976234 
1 -6.32201 3.86003 
1 4.18863 -2.87248 
1 -4.51029 2.81014 
1 -0.159982 0.311106 
1 -2.59079 1.72321 
1 -4.68505 2.92071 
1 -1.23149 -0.379469 
1 3.51807 -1.83041 
1 4.83229 -2.64675 
1 3.49515 -1.85729 
1 -1.09459 0.801782 
1 1.08784 -0.115067 
1 3.15449 -1.68022 
1 -1.52513 1.07765 
1 1.64035 -0.720758 
1 3.48454 -1.83208 
1 -1.49235 1.03858 
1 2.50448 -1.29035 
1 -0.0910713 0.259938 
1 -7.24444 4.37117 
1 -0.596301 2.43134 
1 -4.27782 1.10293 
1 -3.52735 2.25032 
1 6.11642 -3.35059 
1 -3.92169 2.42044 
1 -3.16906 1.44261 
1 -8.05537 4.84117 
1 2.33859 -1.15499 
1 -6.36465 3.8751 
1 -7.21651 4.40004 
1 -5.30233 3.32366 
1 -5.40561 3.33836 
1 -3.48477 1.40172 
1 -7.64978 4.60182 
1 1.41099 -0.0712497 
1 -7.91498 4.74335 
1 -3.67433 1.2977 
1 -3.54755 2.28541 
1 0.428267 -0.0289439 
1 -6.08072 3.69464 
1 -4.77786 3.00476 
1 -4.99829 3.12238 
1 1.56018 -0.719164 
1 -5.82536 3.5576 
1 -7.71655 4.61269 
1 4.90419 -2.65459 
1 -5.94889 3.64166 
1 -6.65018 4.0171 
1 -0.368168 0.420474 
1 -0.453531 0.407177 
1 -0.00737611 -0.468292 
1 -1.59818 2.09163 
1 -6.30711 3.84488 
1 2.45205 -1.19847 
1 -1.16304 0.84034 
1 -4.34186 2.70561 
1 -3.36836 1.42084 
1 1.20501 -0.486434 
1 1.34511 -0.599436 
