1 2.41161 3.42529 
1 -1.40729 -0.458198 
1 -1.37684 -0.416604 
1 4.03418 3.91365 
1 -2.56827 -3.18061 
1 3.36754 3.72851 
1 -1.76274 -2.25514 
1 -3.06004 -3.69703 
1 4.26272 4.08661 
1 6.64306 6.74513 
1 -1.0838 -0.40687 
1 -0.522215 -0.952144 
1 7.29184 7.48047 
1 8.76092 7.86127 
1 5.3959 5.41797 
1 0.428267 -0.0289439 
1 0.235349 -0.153616 
1 3.39561 3.73675 
1 1.79648 2.51511 
1 3.90018 5.86461 
1 4.93742 4.94022 
1 -0.00737611 -0.468292 
1 5.75832 5.75649 
1 3.76005 3.65976 
1 2.65712 2.46051 
1 1.94923 1.71222 
1 1.20501 -0.486434 
1 1.34511 -0.599436 
1 4.09541 3.96868 
1 -4.1924 -4.85384 
