1 17.7679 -2.52975 
1 3.68859 -1.94316 
1 -6.94488 0.253571 
1 -11.8387 -1.47711 
1 -6.17686 -1.05937 
1 -0.933158 -1.44353 
1 -2.56 -3.10148 
1 -10.9221 -1.12168 
1 8.95646 -5.27228 
1 -11.3104 -1.28747 
1 -10.6085 -1.07353 
1 8.3424 -4.54365 
1 -5.87424 -1.02707 
1 -8.31981 -0.280297 
1 -10.3482 -1.5448 
1 -8.41884 -0.343752 
1 6.54995 -3.58439 
1 9.04112 -5.07177 
1 5.47461 -2.93929 
1 -9.05106 -0.49949 
1 5.20655 -2.7778 
1 8.23703 -4.57803 
1 -6.75268 -1.09473 
1 -6.92921 0.23256 
1 4.21915 -1.98501 
1 -6.42629 -1.08403 
1 -8.91782 -0.458912 
1 5.50575 -2.99986 
1 7.82497 -4.33491 
1 8.57873 -4.77883 
1 8.46839 -4.65864 
1 -8.69923 -0.40145 
1 6.23842 -3.4479 
1 -2.95358 -0.626728 
1 -10.4081 -0.950337 
1 6.07004 -3.28906 
1 7.63862 -3.74871 
1 6.69817 -3.66828 
1 -4.34896 -0.841782 
1 7.4357 -4.14135 
1 -11.4619 -1.32887 
1 -1.50738 -2.09294 
1 7.00752 -3.85415 
1 -5.4102 -0.977645 
1 -7.18824 -1.17485 
1 7.86923 -4.31655 
1 -10.4368 -0.95092 
1 -8.78481 -0.405572 
1 -10.8829 -1.11159 
1 6.11833 -3.33722 
1 -12.5319 -1.69867 
1 8.89825 -5.18107 
1 -5.12067 -0.943167 
1 6.08968 -3.3665 
1 -8.6428 -0.380953 
1 -9.20933 -0.526755 
1 6.75827 -3.70266 
1 7.8265 -4.33927 
