1 3.80027 3.72585 
1 -5.28158 1.31082 
1 -5.59086 1.69642 
1 -3.8852 2.56226 
1 -7.58087 4.20135 
1 -5.73505 1.92161 
1 -7.72471 4.39359 
1 -8.48022 5.34019 
1 -4.24167 4.56291 
1 -8.19173 5.01247 
1 -8.55712 5.45846 
1 2.85265 2.99098 
1 -8.57385 5.40156 
1 -5.912 2.12168 
1 -6.13078 2.38586 
1 -8.61236 5.50754 
1 -8.37265 5.20581 
1 -1.54311 -0.398289 
1 -6.85864 3.26192 
1 -4.11384 3.48025 
1 -6.67984 3.10788 
1 -8.52107 5.34572 
1 0.889772 1.53134 
1 -8.28246 5.04248 
1 10.52 -3.31358 
1 -7.53769 4.08853 
1 -5.89548 2.08924 
1 -6.72588 3.13374 
1 -5.66759 1.80851 
1 -7.7575 4.43908 
1 0.0742894 0.8608 
1 2.90169 3.02576 
1 1.88389 2.33726 
1 -4.47085 0.372118 
