1 -6.42797 -3.96621 
1 5.90023 5.40677 
1 -6.13414 -5.11535 
1 -3.92563 -4.45149 
1 5.47218 5.07445 
1 -0.773398 -0.320841 
1 5.31058 4.88974 
1 -0.987 0.151368 
1 -4.09137 -2.35804 
1 -7.88258 -5.71407 
1 0.609618 1.36029 
1 5.30292 4.87535 
1 6.39608 5.70439 
1 7.28142 6.37468 
1 -7.44317 -4.73053 
1 -3.48543 -4.30969 
1 -7.29157 -4.70407 
1 -2.3389 -2.32329 
1 0.631804 1.26203 
1 -5.4906 -3.34049 
1 -5.82918 -5.11296 
1 -2.95461 -1.59474 
1 -4.98183 -2.92018 
1 6.42607 5.78091 
1 -7.14059 -5.38252 
1 8.35447 7.21475 
1 -0.0830394 0.972264 
1 -3.19632 -1.22137 
1 8.08308 6.98811 
1 -5.16853 -3.18185 
1 -7.02583 -5.47151 
1 7.61083 6.6595 
1 -4.76596 -4.72157 
1 4.53132 4.33177 
1 -6.2841 -3.77333 
1 -2.90232 -1.33854 
1 -4.38031 -4.56959 
1 -2.76726 -1.29053 
1 4.33102 4.15212 
1 -1.76051 -0.576498 
1 -4.57859 -2.66328 
1 -6.42524 -4.1233 
1 -3.29912 -1.17074 
1 -5.6802 -3.50299 
1 -3.1415 -1.33231 
1 -3.57574 -1.89264 
1 -1.86587 -0.015148 
