1 1.17022 -6.64045 
1 1.85856 -7.56573 
1 -2.10181 -0.766763 
1 -0.999374 -3.94297 
1 -1.73493 -3.08457 
1 2.00476 -7.80749 
1 -2.08898 -2.61461 
1 0.846997 -6.31558 
1 0.602436 -5.9886 
1 -4.20423 -0.00117448 
1 -1.74113 -3.07144 
1 -5.74939 1.95708 
1 -1.46542 -3.64951 
1 -8.24976 5.03816 
1 -1.47547 -3.57471 
1 -0.610373 -3.17315 
1 3.30498 -9.31707 
1 -2.83296 -1.70795 
1 -4.41211 0.295179 
1 -1.23304 -3.50252 
1 0.35053 -5.66569 
1 3.48948 -9.54055 
1 1.63168 -7.33877 
1 -4.62593 0.490708 
1 -0.82993 -4.23252 
1 -4.23652 0.0508829 
1 -1.90372 -3.61064 
1 2.736 -8.5874 
1 -1.9949 -3.82014 
1 0.646679 -6.06835 
1 -0.592467 -4.47873 
1 -1.98633 -2.72807 
1 -1.0696 -3.37852 
1 -7.77092 4.48768 
1 2.17636 -7.93079 
1 -1.3676 -3.53797 
1 -2.10831 -3.89311 
1 -1.67912 -3.16258 
1 -3.72047 -0.601771 
1 -0.293242 -4.82733 
1 -0.512504 -4.6508 
1 -3.45994 -0.873944 
1 -4.42559 0.27164 
1 -2.12677 -3.67533 
1 2.1333 -7.8914 
1 -5.1544 1.16482 
1 -3.57681 -0.755075 
1 2.90244 -8.84401 
1 -0.764482 -4.23727 
1 -4.32886 0.206951 
1 -2.14266 -2.54225 
1 0.295026 -5.57594 
1 2.9801 -8.8897 
1 2.49814 -8.29812 
1 -3.21931 -1.21636 
1 1.85172 -7.55559 
1 -0.649781 -4.42152 
1 -4.29449 0.169305 
1 -1.16824 -3.76627 
1 -6.12378 2.38717 
1 -4.54131 0.417295 
1 -0.260229 -3.335 
1 2.08053 -7.78804 
1 -4.16923 -0.0168384 
1 -1.93162 -2.83002 
1 0.921153 -6.33995 
1 -8.02785 4.82652 
1 -1.29912 -3.63823 
1 -1.28412 -3.42958 
1 -8.36899 5.14944 
1 0.602762 -5.86699 
1 1.18053 -6.66889 
1 3.22062 -9.30741 
1 2.36727 -8.1761 
1 -8.28602 5.13806 
1 2.83564 -8.75388 
1 -5.07864 1.11031 
1 2.29366 -8.07561 
1 3.15941 -9.08142 
1 2.50778 -8.3349 
1 -3.89482 -0.406093 
1 -2.8228 -1.2643 
