1 1.11979 0.235474 
1 -0.393839 4.54126 
1 -1.87858 8.99515 
1 3.90862 -7.73947 
1 1.87022 -1.86642 
1 1.77598 -1.63179 
1 0.0740995 3.38567 
1 2.42327 -3.49369 
1 1.06343 0.384555 
1 -1.36872 7.54897 
1 2.74595 -4.54448 
1 0.279087 2.5296 
1 -0.470393 4.84576 
1 0.877881 0.854352 
1 -0.0707062 3.78769 
1 2.10867 -2.68034 
1 0.975777 0.613861 
1 -0.859141 6.02048 
1 0.604795 1.73931 
1 1.00729 0.573687 
1 -1.02105 6.4658 
1 -0.212472 4.18468 
1 1.82045 -1.86752 
1 1.52554 -1.1447 
1 0.102739 3.16366 
1 2.28936 -3.14632 
1 -0.970447 6.42829 
1 -0.297714 4.29879 
1 3.74768 -7.40812 
1 2.24811 -5.44792 
1 1.70807 -1.53852 
1 -0.0278762 3.53818 
1 -0.2556 4.31872 
1 -0.715042 5.55249 
1 -1.2901 7.23319 
1 -1.22684 7.02366 
1 -0.138949 3.8288 
1 4.07567 -8.56399 
1 -1.47614 7.80639 
1 3.32308 -6.29129 
1 1.17555 0.148482 
1 3.85496 -7.91551 
1 -0.207464 4.10541 
1 4.16264 -8.649 
1 3.47301 -6.63203 
1 0.259682 2.62653 
1 -0.784571 5.75848 
1 -0.560092 4.965 
1 3.93997 -7.99735 
1 0.0154151 3.54503 
1 0.254041 2.81522 
1 3.83114 -7.76394 
1 0.641094 1.69749 
1 2.7358 -4.54708 
1 4.36507 -9.2992 
1 1.95421 -2.30712 
1 1.89202 -2.13759 
1 1.16402 0.046533 
1 1.19956 -0.016369 
1 3.67652 -7.3198 
1 3.10149 -5.54586 
1 2.19215 -2.82762 
1 -1.75971 8.78184 
1 0.805526 1.29246 
1 2.88438 -4.89024 
1 0.994198 0.607542 
1 1.05376 0.398674 
1 3.02803 -5.31951 
1 1.12018 1.85876 
1 -1.26783 7.15922 
1 3.47868 -6.60092 
1 -0.517553 5.0659 
1 -1.6423 8.25044 
1 3.31068 -6.25798 
1 2.02999 -2.55794 
1 0.416616 2.44209 
1 2.36904 -3.47394 
1 2.88023 -4.83091 
1 -1.30658 7.34449 
1 3.57407 -6.84841 
1 4.09882 -8.4583 
1 2.21375 -3.0862 
1 2.49559 -3.92002 
1 0.870959 1.67002 
1 0.739699 1.37691 
1 1.59214 -1.07575 
1 0.105197 3.178 
1 3.60569 -7.04472 
1 -1.12997 6.72223 
1 1.39496 -0.693606 
1 0.781468 2.14724 
1 2.65963 -4.34348 
1 -1.44503 7.75562 
1 3.63491 -7.14023 
1 1.54069 -1.25195 
1 -0.128724 3.69714 
1 -1.63411 8.40052 
1 -0.0738826 3.69222 
1 -1.97059 9.15898 
1 3.32324 -6.24441 
1 2.78397 -4.76651 
1 3.23163 -6.91802 
1 -1.12192 6.85037 
1 0.885153 2.1888 
1 -0.939068 6.14624 
1 -0.222224 4.15212 
1 2.17317 -2.997 
1 -1.11475 6.84725 
1 3.17009 -5.65014 
1 -0.30256 4.2512 
1 2.5531 -3.81958 
1 1.83181 -1.79404 
1 2.00559 -2.31945 
1 1.34505 -0.384595 
1 0.548153 1.99948 
1 2.44906 -3.69892 
1 4.20711 -8.92449 
1 0.118217 3.24225 
1 1.65976 -1.3003 
1 2.03699 -2.74637 
1 1.37036 -0.654138 
1 1.40022 -0.550798 
1 0.585349 1.52233 
1 0.790462 1.16557 
1 -0.684947 5.53394 
1 0.0736782 3.42523 
1 -1.02501 6.43226 
