1 0.135658 1.77714 
1 1.57068 2.59237 
1 3.30575 3.6556 
1 0.672458 2.0742 
1 7.84515 8.80479 
1 -6.49445 -2.18304 
1 6.5532 5.56366 
1 1.25579 2.41222 
1 -6.04978 -1.89628 
1 -4.96147 -1.26825 
1 -6.48957 -0.262133 
1 -6.03265 -1.8997 
1 4.98937 4.63665 
1 -3.46969 -2.82099 
1 -0.0910058 1.63129 
1 3.04916 3.48286 
1 7.93878 6.37747 
1 -0.730618 1.23133 
1 5.38252 4.85936 
1 2.03507 2.87872 
1 1.976 2.84369 
1 6.15485 5.33264 
1 2.71938 3.27982 
1 6.82354 7.72386 
1 7.85204 6.32459 
1 5.9072 6.75462 
1 -6.36022 -0.216633 
1 4.06954 4.09626 
1 -0.745091 1.27575 
1 -5.9438 -1.8512 
1 0.400837 2.25533 
1 -6.87554 -2.38422 
1 -3.13987 -0.193983 
1 1.12018 1.85876 
1 6.43502 5.50618 
1 -4.13819 -0.778689 
1 -4.58942 -1.06242 
1 -6.52635 -2.20102 
1 1.92698 2.83145 
1 4.50727 5.34626 
1 5.67957 5.05311 
1 -0.611125 0.039291 
1 3.0997 3.51455 
1 -1.29402 0.921323 
1 -2.67697 0.348335 
1 2.44757 3.21781 
1 6.02716 6.88775 
1 1.77858 2.73657 
1 -0.876304 -0.162372 
1 7.00101 5.81574 
1 -0.879984 1.11571 
1 -2.91181 -0.0551986 
1 -0.30256 4.2512 
1 3.78289 3.89737 
1 -1.48659 0.619574 
1 -2.3381 0.442784 
1 0.0735923 1.72656 
1 -1.82663 0.552892 
1 -6.08998 -1.9299 
1 0.585349 1.52233 
