1.6286 1.68219 3.06644 
1.56829 2.69039 2.11779 
0.708735 1.98119 3.06895 
1.31238 2.66632 2.06972 
1.71418 2.62717 3.0802 
1.09606 1.67563 2.13928 
0.846172 1.66141 2.11589 
0.705182 2.67487 2.58128 
1.22687 2.68539 3.12648 
0.699358 2.68053 2.20552 
0.86903 2.69305 2.13551 
1.33267 1.67815 3.10238 
0.732733 2.63958 2.26037 
1.74185 2.71093 2.82442 
0.724104 2.70807 2.6987 
1.36211 1.6554 3.11596 
0.707162 1.83801 2.05632 
1.63567 1.6594 3.15871 
0.742583 2.04139 3.12451 
1.70027 2.69286 3.15099 
1.47526 1.63191 2.11752 
0.714704 1.75886 2.0947 
1.71488 2.13847 2.11118 
1.48947 2.69083 2.06932 
1.72435 1.68966 2.35411 
1.73015 2.65746 2.95167 
0.704391 2.48955 2.09044 
