1 1.80282 -1.64182 
1 1.99128 0.470518 
1 0.0184346 -1.55422 
1 1.82786 -0.528362 
1 4.57422 -0.793725 
1 1.78879 -1.62512 
1 8.36569 -0.180786 
1 1.47038 -0.37255 
1 7.18762 -0.45631 
1 -6.57158 -2.71229 
1 1.62158 -0.480614 
1 -5.71426 -2.53949 
1 -4.83387 -3.16317 
1 -2.52553 -1.99014 
1 -3.79448 -2.19614 
1 -8.25269 -2.94792 
1 -1.52309 -0.443285 
1 -1.78624 -1.86784 
1 6.12811 -0.533485 
1 0.821659 -1.28933 
1 -4.53235 -2.35493 
1 8.56432 -0.120196 
1 0.860885 -1.41253 
1 -2.14656 -1.93165 
1 2.23413 -0.748558 
1 5.03691 -0.721995 
1 -3.63805 -2.18934 
1 -3.59208 -2.19617 
1 8.03351 -0.212405 
1 -0.120565 -1.59917 
1 -0.798327 -0.700077 
1 0.33519 -1.09384 
1 -6.1572 -2.60358 
1 7.33591 -0.348633 
1 6.60392 -0.484321 
1 -0.145212 -1.6226 
1 5.84891 -0.59173 
1 7.00933 -0.386076 
1 -4.71181 -2.32839 
1 6.59283 -0.45665 
1 -6.07119 -2.62635 
1 -3.60811 -2.15435 
1 7.18099 -0.375455 
1 -0.310506 -0.849064 
1 2.79556 -1.11796 
1 -4.10151 -2.27697 
1 -7.16949 -2.76944 
1 4.08602 -1.80328 
1 0.245053 -1.52914 
1 -2.42154 -1.98575 
