1 5.5599 -2.6055 
1 -6.19657 1.27735 
1 1.43721 -1.34266 
1 -4.76213 0.763128 
1 -1.80652 -0.32634 
1 -7.93059 1.90259 
1 -6.38483 1.31795 
1 -2.87018 0.0708375 
1 -2.25681 -0.176971 
1 2.32317 -1.86214 
1 9.56487 -4.86254 
1 1.31234 -1.36178 
1 2.17341 -1.7715 
1 -3.33025 0.193712 
1 2.01192 -1.73579 
1 -2.86679 0.0567483 
1 7.52428 -3.75271 
1 -0.542823 -0.779343 
1 -7.64777 1.84117 
1 -7.06164 1.615 
1 7.00626 -3.39876 
1 -8.22744 1.99278 
1 -3.81487 0.392754 
1 -2.2462 -0.163879 
1 0.556216 -1.18578 
1 -2.25661 -0.190416 
1 -2.38638 -0.107937 
1 -7.20642 1.63162 
1 -3.09298 0.142835 
1 -4.534 0.64903 
1 0.161544 -1.5613 
1 9.62855 -4.97486 
1 -8.17562 1.97319 
1 -5.79046 1.14247 
