1 2.4382 -0.866913 
1 8.36569 -0.180786 
1 -1.80652 -0.32634 
1 7.18762 -0.45631 
1 -6.57158 -2.71229 
1 -5.71426 -2.53949 
1 -4.83387 -3.16317 
1 -2.52553 -1.99014 
1 -3.79448 -2.19614 
1 -8.25269 -2.94792 
1 -1.78624 -1.86784 
1 6.12811 -0.533485 
1 -2.86679 0.0567483 
1 -4.53235 -2.35493 
1 -0.542823 -0.779343 
1 8.56432 -0.120196 
1 -2.14656 -1.93165 
1 2.23413 -0.748558 
1 5.03691 -0.721995 
1 -3.63805 -2.18934 
1 -3.59208 -2.19617 
1 0.133761 -0.474968 
1 8.03351 -0.212405 
1 -0.120565 -1.59917 
1 -2.2462 -0.163879 
1 3.52792 -0.907661 
1 -6.1572 -2.60358 
1 7.33591 -0.348633 
1 6.60392 -0.484321 
1 7.00933 -0.386076 
1 5.39477 2.27421 
1 -4.71181 -2.32839 
1 6.59283 -0.45665 
1 -6.07119 -2.62635 
1 -3.60811 -2.15435 
1 7.18099 -0.375455 
1 0.161544 -1.5613 
1 -4.10151 -2.27697 
1 -7.16949 -2.76944 
1 0.245053 -1.52914 
1 -2.42154 -1.98575 
