1 -6.59355 4.17174 
1 3.27503 -2.19508 
1 2.04889 -0.720458 
1 -4.19751 2.74264 
1 -1.80838 1.4556 
1 7.73164 -3.83067 
1 1.0887 -0.153412 
1 1.99128 0.470518 
1 0.816704 -0.132562 
1 0.748507 -1.28701 
1 -4.33594 2.866 
1 6.99249 -3.53042 
1 0.0184346 -1.55422 
1 9.90821 -4.65041 
1 1.82786 -0.528362 
1 1.40885 -0.334304 
1 10.309 -5.34868 
1 9.03689 -4.28074 
1 9.24343 -4.70689 
1 5.08087 -2.36418 
1 4.57422 -0.793725 
1 1.43721 -1.34266 
1 6.61295 -3.40524 
1 2.25141 -1.78538 
1 2.58098 -1.13911 
1 7.30163 -3.6063 
1 -5.91659 3.83372 
1 3.13687 -1.25733 
1 7.16902 -3.51998 
1 3.04363 -1.26394 
1 6.41862 -3.14388 
1 -2.87018 0.0708375 
1 -3.22037 2.27703 
1 3.18739 -2.156 
1 -3.85594 2.64676 
1 -2.25681 -0.176971 
1 1.62158 -0.480614 
1 4.55229 -2.67052 
1 -4.96079 3.24955 
1 -4.75913 3.13309 
1 0.636336 0.0865225 
1 2.78005 -1.13354 
1 4.00014 -1.80162 
1 3.18591 -1.27685 
1 -4.2886 2.85527 
1 1.52709 -0.412338 
1 7.77815 -3.92648 
1 0.0445565 0.47111 
1 -1.52309 -0.443285 
1 7.81079 -3.8446 
1 -5.03387 3.29825 
1 9.56487 -4.86254 
1 1.31234 -1.36178 
1 4.27695 -1.92096 
1 -1.95207 1.57606 
1 2.17341 -1.7715 
1 -6.4671 4.10079 
1 -5.36086 3.40933 
1 8.77356 -4.3889 
1 4.0556 -1.81632 
1 2.01192 -1.73579 
1 7.52428 -3.75271 
1 8.29175 -4.16762 
1 7.07767 -3.59138 
1 8.10526 -4.12339 
1 10.13 -5.19105 
1 5.51769 -2.54468 
1 6.5365 -3.2373 
1 7.9193 -3.95406 
1 1.73009 -0.497039 
1 -7.45369 1.71424 
1 0.392395 0.238606 
1 1.13402 -0.147807 
1 0.0338189 0.425271 
1 2.3107 -1.85874 
1 -0.223059 0.599269 
1 -4.62032 3.03036 
1 -0.506186 0.742915 
1 -5.94757 3.80211 
1 -5.22186 3.36825 
1 -0.798327 -0.700077 
1 -3.81487 0.392754 
1 6.01805 -2.90864 
1 1.57053 -0.404969 
1 -4.02036 2.73214 
1 -2.65477 1.94662 
1 0.860182 -0.145453 
1 4.75161 -2.77514 
1 -6.07872 3.89781 
1 4.00591 -1.7409 
1 -2.25661 -0.190416 
1 -2.99145 2.13887 
1 5.84891 -0.59173 
1 -0.264589 0.592813 
1 -5.79839 3.6938 
1 6.3465 -3.08705 
1 -3.15622 2.22709 
1 -3.09298 0.142835 
1 -4.91091 3.17943 
1 -5.03991 3.27807 
1 -6.16581 3.94653 
1 -0.310506 -0.849064 
1 2.79556 -1.11796 
1 -3.70253 2.51595 
1 9.04614 -4.29616 
1 -0.159812 0.579491 
1 7.29765 -3.68045 
1 -6.69661 4.22203 
1 4.08602 -1.80328 
1 -5.79046 1.14247 
1 6.44633 -3.09947 
