1 5.5599 -2.6055 
1 -6.19657 1.27735 
1 1.80282 -1.64182 
1 -0.576392 -1.6594 
1 0.788635 -1.46121 
1 1.78879 -1.62512 
1 -4.76213 0.763128 
1 -7.93059 1.90259 
1 -6.38483 1.31795 
1 7.84592 -3.89451 
1 2.32317 -1.86214 
1 6.09697 -2.97797 
1 4.60066 -3.40807 
1 -3.33025 0.193712 
1 -7.64777 1.84117 
1 -7.06164 1.615 
1 7.00626 -3.39876 
1 0.977788 -1.41483 
1 -8.22744 1.99278 
1 0.556216 -1.18578 
1 0.33519 -1.09384 
1 6.68955 -3.25216 
1 -2.38638 -0.107937 
1 -7.20642 1.63162 
1 -4.534 0.64903 
1 9.62855 -4.97486 
1 3.60103 -2.31751 
1 -8.17562 1.97319 
