1 -4.45346 11.2442 
1 1.84357 -0.442016 
1 -4.4918 11.3875 
1 -6.08511 15.0288 
1 -2.89083 7.62114 
1 -4.61062 11.6735 
1 -5.30189 13.2456 
1 1.38325 -0.200676 
1 -4.58835 11.6125 
1 -4.22425 10.725 
1 -3.66031 9.37825 
1 -4.15015 10.5687 
1 -0.183581 1.34026 
1 -2.23943 6.16969 
1 -1.57238 4.58685 
1 -5.34927 13.3658 
1 -4.82492 12.1473 
1 -6.50898 16.0701 
1 -3.63119 9.32284 
1 -2.48354 6.66807 
1 -3.05449 8.00912 
1 -2.91755 7.70385 
1 -3.64142 9.37648 
1 -1.70587 4.8666 
1 -3.6128 9.32217 
1 -2.00333 5.5889 
1 0.794287 0.0817203 
