1 -4.92836 12.4096 
1 -6.76195 16.6479 
1 -3.54785 9.16333 
1 4.24465 -1.54289 
1 -6.41075 15.855 
1 3.83771 -1.36309 
1 -5.67329 14.1068 
1 -6.79553 16.7287 
1 -6.08675 15.0864 
1 -4.70674 11.8856 
1 -4.99101 12.4937 
1 4.08595 -1.4738 
1 -6.49451 16.0281 
1 -5.9107 14.6406 
1 -6.42459 15.8803 
1 -5.76792 14.3095 
1 -6.26719 15.4562 
1 4.60436 -1.70064 
1 -6.73733 16.5704 
1 4.15632 -1.52156 
1 -6.7659 16.6613 
1 -6.89801 16.9648 
1 -6.57454 16.2665 
1 -6.18326 15.3209 
1 -6.41632 15.8303 
1 -6.24893 15.4805 
