1 3.14829 -1.0472 
1 -2.75944 1.74895 
1 -4.03682 2.36801 
1 4.10393 -1.48396 
1 7.83478 -3.24943 
1 7.34633 -3.02942 
1 5.59275 -1.66949 
1 5.86119 -2.3209 
1 0.314315 0.305528 
1 0.524609 0.232444 
1 0.818773 -0.982319 
1 -3.34898 2.02683 
1 -6.72498 3.60529 
1 -5.09026 2.82298 
1 -1.30935 2.39372 
1 -1.80393 1.30642 
1 -5.75801 3.13947 
1 -9.53503 4.92545 
1 -9.2186 4.77147 
1 -2.81942 1.7712 
1 -6.51877 2.63005 
1 -0.455189 0.653043 
1 6.96674 -2.85532 
1 6.99361 -2.85356 
1 3.75915 -1.34073 
1 8.08857 -3.36101 
1 6.78764 -0.258721 
1 -5.23967 2.87632 
1 3.47494 -1.17739 
1 3.36077 -1.14835 
1 -1.39795 1.13678 
1 5.49974 -2.1196 
1 2.03174 -0.54402 
1 -6.75938 3.61996 
1 -7.93687 4.18339 
1 0.350013 0.300465 
1 1.19622 -0.102545 
1 -7.66052 4.05954 
1 -4.28613 2.48438 
1 -6.71245 3.59518 
1 5.31145 -2.06815 
1 5.92826 -2.32757 
1 -4.59921 2.61863 
1 -2.71993 1.72118 
1 0.943691 -1.26182 
1 -5.80008 3.15795 
1 -6.30251 3.38204 
1 5.14201 -1.98202 
1 -1.02211 0.936069 
1 -3.96265 2.31121 
1 2.61937 -0.817785 
1 -3.73038 2.21146 
1 -3.00423 1.85032 
1 7.4521 -3.08007 
1 2.84962 -0.899635 
1 5.48896 -2.15037 
1 -6.78685 3.64511 
1 -9.3014 4.82145 
1 5.38926 -2.09184 
1 -9.65067 4.98511 
1 5.89899 -2.31883 
1 -3.672 2.14805 
1 -8.2388 4.33112 
1 -0.0470722 1.03211 
1 0.652993 0.144202 
1 -9.54429 4.90956 
1 -4.22197 2.42204 
1 4.48753 -1.67858 
1 -6.04606 3.28359 
1 -9.36628 4.8854 
1 -1.18386 3.69426 
1 -9.86463 3.08172 
1 -2.38282 1.54726 
1 -7.52262 3.9439 
1 -3.24391 1.93552 
1 -5.38022 2.97423 
1 1.02383 -0.237711 
1 1.24038 -0.142925 
1 -5.51399 3.04279 
1 -4.18796 0.903907 
1 6.42192 -2.5954 
1 8.91634 -1.8294 
1 3.8491 -1.4008 
1 1.89864 -0.492559 
1 -6.78758 3.62589 
1 5.1874 -2.01475 
1 0.651835 -0.672142 
1 -4.98141 2.78703 
1 -5.35331 2.95125 
1 1.87076 -0.436218 
1 -0.164023 1.29348 
1 0.484658 0.202067 
1 -0.36231 1.77163 
1 -6.00501 3.26596 
1 4.2758 -0.490737 
1 2.79569 -0.856609 
1 -9.45069 4.89322 
1 5.23773 -2.0231 
1 5.89338 -2.33568 
1 6.05007 -2.41645 
1 0.179613 0.37695 
1 -8.95607 4.65201 
1 -3.46516 2.07436 
1 2.21913 -0.603125 
1 2.95012 -0.929984 
1 -2.80558 1.80419 
1 -1.51689 1.15516 
1 0.891857 0.0570812 
1 3.35058 -1.13703 
1 0.68854 0.140853 
1 -7.42351 3.94287 
1 -2.27763 1.50039 
1 -0.740598 0.779388 
1 2.43292 -0.696335 
1 -0.0248676 0.950526 
1 5.4549 -2.10359 
1 0.821837 -0.95303 
1 -8.72339 4.53954 
1 -3.89136 2.25635 
1 -0.362638 0.611929 
1 2.57451 -0.77673 
1 2.29949 -0.634551 
1 -8.5761 4.46867 
1 0.219803 0.356398 
