1 5.22854 5.17785 
1 6.47552 6.22522 
1 6.05823 5.93023 
1 0.922717 1.38899 
1 -5.77917 -4.456 
1 -3.72512 -2.6199 
1 1.30319 1.76227 
1 -0.139442 0.480561 
1 -2.80884 -1.84282 
1 6.87435 6.66024 
1 -5.04657 -3.76392 
1 5.71369 5.57387 
1 -5.4609 -4.12713 
1 0.7918 1.31351 
1 6.11039 5.91826 
1 -7.6977 -6.09724 
1 -6.76982 -5.34086 
1 -4.84897 -3.62198 
1 2.5065 2.80431 
1 2.4161 2.70779 
1 -4.46162 -3.27625 
1 -2.54246 -1.60449 
1 -5.15534 -3.83927 
1 -6.72576 -5.28745 
1 -6.23692 -4.80058 
1 4.91118 4.89985 
1 -5.21048 -3.94181 
1 5.21158 5.15066 
1 0.726024 1.29215 
1 0.485699 1.08875 
