-1.42788	-10.4104	9.74747	 0
-0.488973	-10.8514	9.88326	 0
-0.416101	-10.5641	9.72024	 0
-0.481048	-11.1623	8.91362	 0
-1.41094	-10.3162	8.67889	 0
-0.464087	-10.2641	9.29993	 0
-1.45881	-11.2546	9.84685	 0
-1.2915	-11.0635	8.59951	 0
-0.436076	-11.1815	8.9687	 0
-1.44349	-10.2237	9.53766	 0
-1.42123	-11.1523	9.71684	 0
-0.641578	-11.273	9.89032	 0
-1.25805	-10.1243	9.70044	 0
-1.377	-11.0536	9.31399	 0
-0.48156	-10.6977	8.9085	 0
-1.38854	-10.1826	9.62312	 0
-0.790136	-10.1816	9.79151	 0
-1.45802	-10.8394	8.78303	 0
-1.45956	-11.2517	9.64734	 0
-0.417965	-10.1729	9.65078	 0
-1.43243	-10.6032	8.77619	 0
-1.45483	-10.1903	9.43274	 0
-1.47491	-11.2933	9.75123	 0
-0.410859	-11.1623	9.60631	 0
-0.994472	-11.2057	8.79058	 0
-0.488746	-11.1301	9.94259	 0
-0.529889	-11.259	8.86263	 0
0.745235	0.743055	-0.600074	 1
-0.388745	1.48547	1.15304	 1
0.338283	0.74062	0.272596	 1
0.36729	-1.16355	-0.988369	 1
-0.262993	0.224229	-0.764001	 1
-0.0610217	0.72876	0.245174	 1
-0.243726	0.754548	-0.617304	 1
0.156823	-0.223069	0.295127	 1
0.789719	0.515806	-0.691117	 1
0.765552	-0.262472	-0.601609	 1
0.566248	0.761465	-0.692092	 1
0.807445	0.626833	0.339693	 1
0.773041	0.329279	0.278042	 1
0.749055	0.685062	-0.151796	 1
-0.273021	-0.140282	-0.745058	 1
0.784169	0.422358	0.257743	 1
0.772603	-0.0349936	-0.720118	 1
-0.530034	-2.22602	-0.773658	 1
-0.269756	0.746172	0.0350982	 1
-0.273799	-1.22369	-2.85256	 1
0.0856812	1.27387	1.185	 1
0.553434	0.769073	0.306284	 1
-0.287181	-0.314244	-0.262584	 1
0.18546	-0.266996	-0.746424	 1
-0.23036	-0.241899	0.133794	 1
0.72222	0.152907	0.197917	 1
-0.241063	-0.260461	0.157642	 1
0.761056	-0.000853622	-0.726965	 1
0.761299	0.680119	0.276878	 1
0.757768	-0.268969	-0.280341	 1
0.555566	-0.246306	0.310089	 1
-0.241728	-0.445065	-2.29313	 1
-0.193391	-0.041515	0.274093	 1
-0.227147	0.529677	0.283581	 1
-0.27197	0.376549	0.226664	 1
0.777534	-0.232798	-0.694682	 1
-0.272456	0.368994	-0.720808	 1
0.748485	0.188947	-0.760687	 1
0.634706	-0.292252	0.222812	 1
-0.253562	-1.22559	-2.80522	 1
-0.236994	0.730481	-0.640518	 1
-0.00594431	-0.260214	-0.734784	 1
0.7968	-0.236886	-0.050191	 1
-0.0850483	0.787993	0.325365	 1
0.767832	0.30147	-0.726411	 1
0.755354	0.734834	-0.742826	 1
-0.140674	-0.271822	-0.757807	 1
0.773272	0.581908	-0.750573	 1
0.0386666	0.728341	0.253839	 1
0.782535	-0.223362	-0.254323	 1
0.235139	-2.18463	0.00248426	 1
-0.249033	-1.22596	-3.15235	 1
0.519891	-0.240168	0.292532	 1
-0.245015	-0.137725	0.253805	 1
0.802592	0.760381	0.0394798	 1
0.2422	-0.261174	-0.758443	 1
0.770002	0.303529	0.275029	 1
0.706075	-0.270007	-0.748392	 1
0.753972	-0.274475	-0.0672437	 1
0.775324	-0.252524	-0.72998	 1
-0.144958	-0.27644	0.262643	 1
-0.243237	0.560835	0.261132	 1
0.784214	0.723651	-0.302832	 1
-0.199125	-0.243302	0.224432	 1
-0.199048	-0.245189	-0.703386	 1
-0.257366	-0.28022	-0.608087	 1
0.423283	-0.288615	-0.779124	 1
0.272692	-0.250643	-0.69985	 1
0.807906	0.496417	0.288579	 1
-0.258683	0.153118	0.234516	 1
0.0738648	0.751804	0.313223	 1
-0.225492	-0.118181	-0.709669	 1
-0.666586	-1.2327	-2.2856	 1
0.77287	0.0821244	-0.723142	 1
0.768916	0.133695	-0.730002	 1
0.730824	-0.253337	-0.721671	 1
0.75888	0.327296	0.282587	 1
0.0816223	1.23214	0.163164	 1
-0.243208	-0.217309	0.280267	 1
-0.23607	0.71453	-0.719242	 1
-0.269401	0.552145	-0.77239	 1
-0.243583	0.202901	0.280294	 1
-0.234769	0.723997	-0.709176	 1
-0.221674	-0.237255	-0.50185	 1
-0.229326	0.760421	-0.60041	 1
0.787323	-0.226006	0.323064	 1
-0.210399	-0.0823048	0.264786	 1
-0.232248	0.0861029	0.263497	 1
-0.273461	-1.20595	-2.37759	 1
0.259273	0.714057	0.236171	 1
-0.250561	0.103622	0.264251	 1
0.0897411	-0.265621	-0.742597	 1
0.79257	-0.187029	-0.71106	 1
0.44382	0.718928	-0.759002	 1
0.475621	0.758532	-0.701143	 1
-0.0788656	-0.26432	0.242923	 1
0.4473	-0.254124	-0.71111	 1
0.335896	0.780049	0.298869	 1
0.794382	0.0428379	0.300608	 1
0.157564	-0.275447	-0.75286	 1
0.187441	-0.267685	-0.770451	 1
0.499748	-1.43279	0.00232667	 1
0.789059	-0.239855	0.093319	 1
-0.239966	0.465582	0.261238	 1
-0.193766	-0.230932	-0.593479	 1
-0.251009	0.0553756	0.248001	 1
2.248	1.81537	0.650451	 1
0.782301	-0.242828	0.240188	 1
-0.0291288	-0.264851	0.260194	 1
-0.213693	0.167478	-0.704822	 1
-0.243621	-0.176537	-0.728822	 1
-0.239451	0.233138	-0.694518	 1
0.818757	0.272799	0.313192	 1
0.640431	-0.249266	0.26286	 1
0.0065558	-0.276369	0.26478	 1
-3.54241	-0.544354	-2.14501	 2
-3.5579	0.0031858	-2.15111	 2
-3.5589	0.479919	-2.38068	 2
-0.265127	-1.20905	-2.82302	 2
-3.3002	-0.511999	-3.15126	 2
-3.48385	-0.515819	-3.16486	 2
-2.5174	0.418017	-3.15242	 2
-3.06922	-0.504195	-3.16461	 2
-3.04801	-0.504424	-3.15326	 2
-2.50965	0.512365	-3.00952	 2
-0.267293	-0.927273	-3.27033	 2
-3.5344	-0.494875	-3.15419	 2
-2.49311	-0.0593708	-3.15835	 2
-2.53329	0.477901	-2.97605	 2
-4.05344	2.27648	-2.30346	 2
-2.66624	0.50991	-2.15832	 2
-2.61288	-0.120136	-3.15848	 2
-2.63424	-0.2079	-2.13457	 2
-2.49171	0.509799	-2.50545	 2
-2.84137	-0.513545	-2.16234	 2
-4.211	3.27041	-2.30674	 2
-3.72772	3.26931	-2.30738	 2
-2.57869	0.0726638	-3.15718	 2
-0.779281	-0.23088	-3.31246	 2
-3.55205	-0.19049	-3.14086	 2
-3.4873	0.356274	-3.17719	 2
-2.94927	0.490484	-2.16894	 2
-3.11715	-0.512602	-2.15915	 2
-3.55009	0.142762	-3.15415	 2
-3.99416	3.27331	-1.30016	 2
-3.49056	2.27667	-1.29375	 2
-3.29617	0.46439	-3.14445	 2
-1.28404	-1.03939	-3.29217	 2
-2.45707	-0.426482	-2.16074	 2
-2.47153	-0.185563	-2.18323	 2
-3.3706	3.2724	-2.08539	 2
-3.38305	-0.501649	-2.15536	 2
-4.15443	3.27389	-2.31293	 2
-2.58754	0.163971	-2.15335	 2
-3.56681	0.379767	-3.16492	 2
-2.93426	0.506793	-3.17749	 2
-4.40072	2.2727	-2.20019	 2
-2.51373	-0.305655	-2.17121	 2
-2.68191	-0.483312	-3.16223	 2
-3.62135	-0.56329	-2.36804	 2
-3.49369	0.260817	-2.16209	 2
-0.859177	-1.23835	-3.27556	 2
-3.19527	0.490787	-3.16242	 2
-2.56824	0.0805911	-2.15135	 2
-3.49729	-0.18412	-2.16574	 2
-3.56761	0.450773	-3.15317	 2
4.30057	0.654144	-2.51724	 3
3.60002	0.655421	-3.36907	 3
4.28157	1.62989	-2.75759	 3
3.30733	0.654712	-3.15504	 3
3.28289	1.50326	-3.30208	 3
3.78675	1.63494	-3.3266	 3
-3.40419	1.08237	0.787373	 4
