-1.42788 -10.4104 9.74747 
-0.488973 -10.8514 9.88326 
-0.416101 -10.5641 9.72024 
-0.481048 -11.1623 8.91362 
-1.41094 -10.3162 8.67889 
-0.464087 -10.2641 9.29993 
-1.45881 -11.2546 9.84685 
-1.2915 -11.0635 8.59951 
-0.436076 -11.1815 8.9687 
-1.44349 -10.2237 9.53766 
-1.42123 -11.1523 9.71684 
-0.641578 -11.273 9.89032 
-1.25805 -10.1243 9.70044 
-1.377 -11.0536 9.31399 
-0.48156 -10.6977 8.9085 
-1.38854 -10.1826 9.62312 
-0.790136 -10.1816 9.79151 
-1.45802 -10.8394 8.78303 
-1.45956 -11.2517 9.64734 
-0.417965 -10.1729 9.65078 
-1.43243 -10.6032 8.77619 
-1.45483 -10.1903 9.43274 
-1.47491 -11.2933 9.75123 
-0.410859 -11.1623 9.60631 
-0.994472 -11.2057 8.79058 
-0.488746 -11.1301 9.94259 
-0.529889 -11.259 8.86263 
