-3.54241 -0.544354 -2.14501 
-3.5579 0.0031858 -2.15111 
-3.5589 0.479919 -2.38068 
-3.3002 -0.511999 -3.15126 
-3.48385 -0.515819 -3.16486 
-2.5174 0.418017 -3.15242 
-3.06922 -0.504195 -3.16461 
-3.04801 -0.504424 -3.15326 
-2.50965 0.512365 -3.00952 
-3.5344 -0.494875 -3.15419 
-2.49311 -0.0593708 -3.15835 
-2.53329 0.477901 -2.97605 
-4.05344 2.27648 -2.30346 
-2.66624 0.50991 -2.15832 
-2.61288 -0.120136 -3.15848 
-2.63424 -0.2079 -2.13457 
-2.49171 0.509799 -2.50545 
-2.84137 -0.513545 -2.16234 
-4.211 3.27041 -2.30674 
-3.72772 3.26931 -2.30738 
-2.57869 0.0726638 -3.15718 
-0.779281 -0.23088 -3.31246 
-3.55205 -0.19049 -3.14086 
-3.4873 0.356274 -3.17719 
-2.94927 0.490484 -2.16894 
-3.11715 -0.512602 -2.15915 
-3.55009 0.142762 -3.15415 
-3.99416 3.27331 -1.30016 
-3.49056 2.27667 -1.29375 
-3.29617 0.46439 -3.14445 
-1.28404 -1.03939 -3.29217 
-2.45707 -0.426482 -2.16074 
-2.47153 -0.185563 -2.18323 
-3.3706 3.2724 -2.08539 
-3.38305 -0.501649 -2.15536 
-4.15443 3.27389 -2.31293 
-2.58754 0.163971 -2.15335 
-3.56681 0.379767 -3.16492 
-2.93426 0.506793 -3.17749 
-4.40072 2.2727 -2.20019 
-2.51373 -0.305655 -2.17121 
-2.68191 -0.483312 -3.16223 
-3.62135 -0.56329 -2.36804 
-3.49369 0.260817 -2.16209 
-3.19527 0.490787 -3.16242 
-2.56824 0.0805911 -2.15135 
-3.49729 -0.18412 -2.16574 
-3.56761 0.450773 -3.15317 
