-0.265127 -1.20905 -2.82302 
0.745235 0.743055 -0.600074 
-0.388745 1.48547 1.15304 
0.338283 0.74062 0.272596 
0.36729 -1.16355 -0.988369 
-0.262993 0.224229 -0.764001 
-0.0610217 0.72876 0.245174 
-0.243726 0.754548 -0.617304 
0.156823 -0.223069 0.295127 
0.789719 0.515806 -0.691117 
0.765552 -0.262472 -0.601609 
0.566248 0.761465 -0.692092 
0.807445 0.626833 0.339693 
0.773041 0.329279 0.278042 
0.749055 0.685062 -0.151796 
-0.273021 -0.140282 -0.745058 
0.784169 0.422358 0.257743 
0.772603 -0.0349936 -0.720118 
-0.530034 -2.22602 -0.773658 
-0.269756 0.746172 0.0350982 
-0.273799 -1.22369 -2.85256 
0.0856812 1.27387 1.185 
0.553434 0.769073 0.306284 
-0.287181 -0.314244 -0.262584 
-0.267293 -0.927273 -3.27033 
0.18546 -0.266996 -0.746424 
-0.23036 -0.241899 0.133794 
0.72222 0.152907 0.197917 
-0.241063 -0.260461 0.157642 
0.761056 -0.000853622 -0.726965 
0.761299 0.680119 0.276878 
0.757768 -0.268969 -0.280341 
0.555566 -0.246306 0.310089 
-0.241728 -0.445065 -2.29313 
-0.193391 -0.041515 0.274093 
-0.227147 0.529677 0.283581 
-0.27197 0.376549 0.226664 
0.777534 -0.232798 -0.694682 
-0.272456 0.368994 -0.720808 
0.748485 0.188947 -0.760687 
0.634706 -0.292252 0.222812 
-0.253562 -1.22559 -2.80522 
-0.236994 0.730481 -0.640518 
-0.00594431 -0.260214 -0.734784 
0.7968 -0.236886 -0.050191 
-0.0850483 0.787993 0.325365 
0.767832 0.30147 -0.726411 
0.755354 0.734834 -0.742826 
-0.140674 -0.271822 -0.757807 
0.773272 0.581908 -0.750573 
0.0386666 0.728341 0.253839 
3.60002 0.655421 -3.36907 
0.782535 -0.223362 -0.254323 
0.235139 -2.18463 0.00248426 
-0.249033 -1.22596 -3.15235 
0.519891 -0.240168 0.292532 
-0.245015 -0.137725 0.253805 
0.802592 0.760381 0.0394798 
0.2422 -0.261174 -0.758443 
0.770002 0.303529 0.275029 
0.706075 -0.270007 -0.748392 
0.753972 -0.274475 -0.0672437 
0.775324 -0.252524 -0.72998 
-0.144958 -0.27644 0.262643 
-0.243237 0.560835 0.261132 
0.784214 0.723651 -0.302832 
-0.199125 -0.243302 0.224432 
-0.199048 -0.245189 -0.703386 
-0.257366 -0.28022 -0.608087 
0.423283 -0.288615 -0.779124 
0.272692 -0.250643 -0.69985 
0.807906 0.496417 0.288579 
-0.258683 0.153118 0.234516 
0.0738648 0.751804 0.313223 
-0.225492 -0.118181 -0.709669 
-0.666586 -1.2327 -2.2856 
0.77287 0.0821244 -0.723142 
0.768916 0.133695 -0.730002 
0.730824 -0.253337 -0.721671 
0.75888 0.327296 0.282587 
0.0816223 1.23214 0.163164 
-0.243208 -0.217309 0.280267 
-0.23607 0.71453 -0.719242 
-0.269401 0.552145 -0.77239 
-0.243583 0.202901 0.280294 
-0.234769 0.723997 -0.709176 
-0.221674 -0.237255 -0.50185 
-0.229326 0.760421 -0.60041 
0.787323 -0.226006 0.323064 
-0.210399 -0.0823048 0.264786 
-0.232248 0.0861029 0.263497 
-0.273461 -1.20595 -2.37759 
0.259273 0.714057 0.236171 
-0.250561 0.103622 0.264251 
0.0897411 -0.265621 -0.742597 
0.79257 -0.187029 -0.71106 
0.44382 0.718928 -0.759002 
0.475621 0.758532 -0.701143 
-0.0788656 -0.26432 0.242923 
0.4473 -0.254124 -0.71111 
0.335896 0.780049 0.298869 
0.794382 0.0428379 0.300608 
0.157564 -0.275447 -0.75286 
0.187441 -0.267685 -0.770451 
0.499748 -1.43279 0.00232667 
0.789059 -0.239855 0.093319 
-0.239966 0.465582 0.261238 
-0.193766 -0.230932 -0.593479 
-0.251009 0.0553756 0.248001 
2.248 1.81537 0.650451 
0.782301 -0.242828 0.240188 
-0.0291288 -0.264851 0.260194 
-0.213693 0.167478 -0.704822 
-0.859177 -1.23835 -3.27556 
-0.243621 -0.176537 -0.728822 
-0.239451 0.233138 -0.694518 
0.818757 0.272799 0.313192 
0.640431 -0.249266 0.26286 
-3.40419 1.08237 0.787373 
0.0065558 -0.276369 0.26478 
