1 1.17022 -6.64045 
1 1.85856 -7.56573 
1 -0.999374 -3.94297 
1 2.00476 -7.80749 
1 -2.08898 -2.61461 
1 -5.28158 1.31082 
1 0.846997 -6.31558 
1 0.602436 -5.9886 
1 -5.59086 1.69642 
1 -4.20423 -0.00117448 
1 -7.58087 4.20135 
1 -5.74939 1.95708 
1 -1.46542 -3.64951 
1 -5.73505 1.92161 
1 -8.24976 5.03816 
1 -7.72471 4.39359 
1 3.30498 -9.31707 
1 -2.83296 -1.70795 
1 -8.48022 5.34019 
1 -4.41211 0.295179 
1 -1.23304 -3.50252 
1 -2.3389 -2.32329 
1 0.35053 -5.66569 
1 3.48948 -9.54055 
1 1.63168 -7.33877 
1 -4.62593 0.490708 
1 -0.82993 -4.23252 
1 -4.23652 0.0508829 
1 -8.19173 5.01247 
1 2.736 -8.5874 
1 -8.55712 5.45846 
1 -1.9949 -3.82014 
1 0.646679 -6.06835 
1 -0.592467 -4.47873 
1 -1.98633 -2.72807 
1 -2.95461 -1.59474 
1 -1.0696 -3.37852 
1 -8.57385 5.40156 
1 -5.912 2.12168 
1 -6.13078 2.38586 
1 -7.77092 4.48768 
1 2.17636 -7.93079 
1 -1.3676 -3.53797 
1 -8.61236 5.50754 
1 -1.67912 -3.16258 
1 -3.72047 -0.601771 
1 -0.293242 -4.82733 
1 -0.512504 -4.6508 
1 -8.37265 5.20581 
1 -3.45994 -0.873944 
1 -4.42559 0.27164 
1 -6.85864 3.26192 
1 2.1333 -7.8914 
1 0.790053 -6.19379 
1 -5.1544 1.16482 
1 -3.57681 -0.755075 
1 -6.67984 3.10788 
1 2.90244 -8.84401 
1 -8.52107 5.34572 
1 -0.764482 -4.23727 
1 -4.32886 0.206951 
1 0.295026 -5.57594 
1 -8.28246 5.04248 
1 2.9801 -8.8897 
1 -2.90232 -1.33854 
1 2.49814 -8.29812 
1 -3.21931 -1.21636 
1 1.85172 -7.55559 
1 -7.53769 4.08853 
1 -0.649781 -4.42152 
1 -4.29449 0.169305 
1 -1.16824 -3.76627 
1 -6.12378 2.38717 
1 -5.89548 2.08924 
1 -4.54131 0.417295 
1 -6.72588 3.13374 
1 2.08053 -7.78804 
1 -4.16923 -0.0168384 
1 -1.93162 -2.83002 
1 -5.66759 1.80851 
1 0.921153 -6.33995 
1 -8.02785 4.82652 
1 -1.29912 -3.63823 
1 -7.7575 4.43908 
1 -1.28412 -3.42958 
1 -8.36899 5.14944 
1 0.602762 -5.86699 
1 1.18053 -6.66889 
1 3.22062 -9.30741 
1 2.36727 -8.1761 
1 -8.28602 5.13806 
1 2.83564 -8.75388 
1 -5.07864 1.11031 
1 2.29366 -8.07561 
1 -3.29912 -1.17074 
1 3.15941 -9.08142 
1 2.50778 -8.3349 
1 -3.89482 -0.406093 
1 -3.1415 -1.33231 
1 -3.57574 -1.89264 
1 -4.47085 0.372118 
