1 -6.42797 -3.96621 
1 5.90023 5.40677 
1 -2.10181 -0.766763 
1 5.47218 5.07445 
1 3.80027 3.72585 
1 -0.773398 -0.320841 
1 5.31058 4.88974 
1 -0.987 0.151368 
1 -4.09137 -2.35804 
1 -7.88258 -5.71407 
1 0.609618 1.36029 
1 5.30292 4.87535 
1 6.39608 5.70439 
1 7.28142 6.37468 
1 -7.44317 -4.73053 
1 -7.29157 -4.70407 
1 0.631804 1.26203 
1 -5.4906 -3.34049 
1 2.85265 2.99098 
1 -4.98183 -2.92018 
1 6.42607 5.78091 
1 -7.14059 -5.38252 
1 8.35447 7.21475 
1 -0.0830394 0.972264 
1 -1.54311 -0.398289 
1 -3.19632 -1.22137 
1 8.08308 6.98811 
1 -7.02583 -5.47151 
1 7.61083 6.6595 
1 0.889772 1.53134 
1 4.53132 4.33177 
1 -2.76726 -1.29053 
1 4.33102 4.15212 
1 -1.76051 -0.576498 
1 0.0742894 0.8608 
1 -4.57859 -2.66328 
1 2.90169 3.02576 
1 1.88389 2.33726 
1 -6.42524 -4.1233 
1 -1.86587 -0.015148 
1 -2.8228 -1.2643 
