1 1.91668 -2.45957 
1 -5.26428 -3.20077 
1 -6.13414 -5.11535 
1 -3.92563 -4.45149 
1 6.93171 -0.771457 
1 0.873984 -2.90695 
1 5.37242 -1.27902 
1 -1.73493 -3.08457 
1 3.79161 -1.72912 
1 4.56421 -1.61811 
1 9.68659 0.289204 
1 4.22263 -1.49112 
1 -1.74113 -3.07144 
1 4.89741 -1.44255 
1 -1.47547 -3.57471 
1 -0.610373 -3.17315 
1 3.27898 -2.16899 
1 8.38664 -0.369249 
1 1.04261 -2.82667 
1 -3.48543 -4.30969 
1 3.32906 -1.87923 
1 5.78205 -1.13932 
1 4.52324 -1.56136 
1 10.8223 0.514475 
1 -1.90372 -3.61064 
1 -5.82918 -5.11296 
1 9.28391 -0.106512 
1 7.72053 -0.516156 
1 1.78692 -2.48947 
1 9.02753 -0.244087 
1 -2.10831 -3.89311 
1 3.59458 -1.93795 
1 2.00136 -2.57731 
1 -0.168933 -3.19769 
1 1.52912 -2.47441 
1 -2.12677 -3.67533 
1 -5.16853 -3.18185 
1 2.23075 -2.38697 
1 -2.14266 -2.54225 
1 9.47842 -0.0751289 
1 -4.76596 -4.72157 
1 -6.2841 -3.77333 
1 -4.38031 -4.56959 
1 10.52 -3.31358 
1 5.52425 -1.37323 
1 5.78392 -1.15321 
1 -0.260229 -3.335 
1 6.31929 -0.981129 
1 10.3744 0.393399 
1 -5.6802 -3.50299 
1 6.38432 -0.974555 
1 8.50748 -0.193213 
