1 -5.71181 13.2095 
1 -5.48552 12.2853 
1 -2.93768 2.62181 
1 -3.00915 2.71024 
1 -2.09926 -0.588254 
1 -2.63293 1.45487 
1 -1.91166 -1.39519 
1 -2.90401 2.48133 
1 -1.18776 -4.11171 
1 -4.55419 8.88441 
1 -4.03515 6.70296 
1 -1.38545 -3.45144 
1 -4.93306 10.3212 
1 -3.87104 6.26662 
1 -5.37842 12.0357 
1 -3.78791 5.77183 
1 -4.03118 6.82144 
1 -2.8074 1.94363 
1 -3.03495 2.93167 
1 -2.82 2.11141 
1 -3.00259 2.79863 
1 -1.69585 -2.1153 
1 -4.63594 9.15524 
1 -3.05249 2.98918 
1 -2.6073 1.36385 
1 -4.73787 9.36929 
1 -2.93268 2.52606 
1 -2.54988 1.00333 
1 -3.74227 5.66148 
1 -2.79334 2.02831 
1 -3.03472 3.01302 
1 -1.96193 -1.34592 
1 -1.74084 -1.97914 
1 -4.08672 7.00527 
1 -5.95407 14.1512 
1 -4.21549 7.60624 
1 -1.05157 -4.70651 
1 -1.19506 -4.05423 
1 -5.85824 13.6987 
1 -3.14392 3.40173 
1 -4.56614 8.67185 
1 -2.79021 2.06096 
1 -4.9136 10.1144 
1 -2.67604 1.58209 
1 -1.84601 -1.53676 
1 -2.77194 1.88585 
1 -3.01994 3.03242 
1 -4.44678 8.37161 
1 -5.40804 11.8676 
1 -2.6097 1.4044 
1 -5.02759 10.5021 
1 -4.66916 9.13034 
