1 1.937 1.69413 
1 2.44366 -0.179022 
1 0.740699 1.82955 
1 -4.42776 4.85818 
1 -3.32452 3.9926 
1 -7.82348 6.93574 
1 -1.97318 3.45434 
1 -5.65179 5.66286 
1 3.40397 -0.782214 
1 4.73314 -2.93084 
1 -8.40097 7.24848 
1 -7.11561 6.50218 
1 -0.0140263 2.35897 
1 -2.07499 3.4855 
1 1.66844 -0.0881797 
1 -0.860637 2.73087 
1 -3.58999 4.95329 
1 3.22558 -0.458998 
1 -7.57637 6.77059 
1 -4.55859 4.99167 
1 4.90055 -0.612688 
1 5.86347 -1.17717 
1 2.37776 0.961465 
1 0.0130687 2.2593 
1 -7.15129 6.51205 
1 -0.705079 2.67922 
1 -3.43308 4.42889 
1 -7.67746 6.81817 
1 -2.64252 3.83414 
1 -4.53003 4.93322 
1 6.72611 -1.69568 
1 -3.69307 5.43259 
1 -4.6244 5.06775 
1 4.70965 -2.85311 
1 -3.16162 3.40382 
1 1.18202 2.90871 
1 3.91834 -1.55509 
1 -6.65594 6.22698 
1 3.02347 -0.181707 
1 -3.11274 3.34899 
1 -2.49782 3.74081 
1 1.10109 1.64553 
1 -1.35252 3.07005 
