1 -2.93768 2.62181 
1 -3.00915 2.71024 
1 -2.63293 1.45487 
1 -1.91166 -1.39519 
1 -2.90401 2.48133 
1 -1.81326 -1.62183 
1 -1.18776 -4.11171 
1 -4.55419 8.88441 
1 -2.27964 -0.0237392 
1 -1.38545 -3.45144 
1 -4.93306 10.3212 
1 -5.37842 12.0357 
1 -3.78791 5.77183 
1 -4.03118 6.82144 
1 -2.8074 1.94363 
1 -2.82 2.11141 
1 -3.00259 2.79863 
1 -1.69585 -2.1153 
1 -4.63594 9.15524 
1 -3.05249 2.98918 
1 -2.6073 1.36385 
1 -5.5194 12.5347 
1 -4.73787 9.36929 
1 -2.23786 0.0262011 
1 -2.54988 1.00333 
1 -3.43308 4.42889 
1 -2.79334 2.02831 
1 -1.96193 -1.34592 
1 -1.74084 -1.97914 
1 -4.08672 7.00527 
1 -4.58238 8.84385 
1 -5.62276 12.8719 
1 -4.21549 7.60624 
1 -1.05157 -4.70651 
1 -1.19506 -4.05423 
1 -5.85824 13.6987 
1 -3.16162 3.40382 
1 -2.79021 2.06096 
1 -4.9136 10.1144 
1 -3.11274 3.34899 
1 -2.67604 1.58209 
1 -3.01994 3.03242 
1 -4.44678 8.37161 
1 -5.40804 11.8676 
1 -4.97094 10.3649 
1 -4.66916 9.13034 
