1 5.50917 -1.02329 
1 1.937 1.69413 
1 -4.42776 4.85818 
1 -3.32452 3.9926 
1 -7.82348 6.93574 
1 -1.97318 3.45434 
1 -5.65179 5.66286 
1 -8.40097 7.24848 
1 6.42209 -1.52485 
1 11.9982 -1.72323 
1 -4.03515 6.70296 
1 -7.11561 6.50218 
1 9.0278 -1.24758 
1 -0.0140263 2.35897 
1 7.17191 -1.95952 
1 -3.87104 6.26662 
1 -2.07499 3.4855 
1 1.66844 -0.0881797 
1 1.03148 1.73245 
1 -0.860637 2.73087 
1 -3.58999 4.95329 
1 10.7078 -1.51338 
1 3.22558 -0.458998 
1 4.07298 -1.8751 
1 -3.03495 2.93167 
1 -7.57637 6.77059 
1 -4.55859 4.99167 
1 2.68992 0.450787 
1 4.90055 -0.612688 
1 2.37776 0.961465 
1 1.80358 1.90536 
1 0.0130687 2.2593 
1 -2.93268 2.52606 
1 3.14228 -0.296187 
1 6.87837 -1.75961 
1 -7.15129 6.51205 
1 9.97398 -1.39427 
1 -3.74227 5.66148 
1 6.00128 -1.20465 
1 -0.705079 2.67922 
1 -7.67746 6.81817 
1 -3.03472 3.01302 
1 1.9442 1.1161 
1 -2.64252 3.83414 
1 8.18672 -1.10583 
1 7.70691 -1.06426 
1 2.28487 2.19546 
1 2.64592 0.53639 
1 -4.53003 4.93322 
1 6.72611 -1.69568 
1 -3.69307 5.43259 
1 -4.6244 5.06775 
1 -3.14392 3.40173 
1 0.90064 3.44114 
1 -6.65594 6.22698 
1 -2.49782 3.74081 
1 -2.77194 1.88585 
1 1.9338 1.70353 
1 1.10109 1.64553 
1 -2.6097 1.4044 
1 -1.35252 3.07005 
