1 0.993856 7.1309 
1 -3.16485 -0.281644 
1 -5.85971 -5.1774 
1 -4.02915 -1.9378 
1 -3.56961 -1.07934 
1 0.23557 5.88555 
1 -2.08538 1.72494 
1 -0.614927 4.25625 
1 -0.786564 3.95902 
1 -5.46352 -4.48965 
1 0.953174 7.05487 
1 -0.580317 4.3326 
1 -6.02445 -5.53598 
1 -4.84965 -3.29813 
1 1.74824 8.54608 
1 -5.92201 -5.27058 
1 -4.63609 -3.03849 
1 2.18259 9.45782 
1 -7.44577 -7.94114 
1 0.607984 6.54755 
1 -3.79475 -1.36912 
1 -0.857417 3.80391 
1 -5.01273 -3.65278 
1 1.81429 8.67449 
1 1.04469 7.28675 
1 -5.24584 -4.15501 
1 0.925483 7.03635 
1 -6.95859 -7.14207 
1 -5.53012 -4.57304 
1 -2.83709 0.265944 
1 -5.99753 -5.43229 
1 -5.24631 -4.1008 
1 -3.34347 -0.644569 
1 -5.07061 -3.82158 
1 -6.21303 -5.80651 
1 -6.33404 -6.05871 
1 0.159984 5.60595 
1 0.387862 6.09246 
1 -0.828342 3.953 
1 -5.38173 -4.38318 
1 1.37149 7.82457 
1 1.87666 8.81282 
1 -2.57278 0.748026 
1 -4.14452 -5.97143 
1 -4.71187 -3.13911 
1 -4.74978 -3.20405 
1 -1.93441 1.91241 
1 1.2859 7.70099 
1 0.39742 6.1339 
1 -0.49568 4.43892 
1 -1.90031 1.93066 
1 1.8114 8.64771 
1 -1.17877 3.25159 
1 -5.52095 -4.60483 
1 -5.75936 -4.9011 
1 -2.66573 0.249715 
1 -2.8271 0.312214 
1 0.500949 6.2579 
1 -1.27667 3.13272 
1 -6.50643 -6.52104 
1 -4.20358 -2.14204 
1 -0.437271 4.60152 
1 -3.95118 -1.79497 
1 -0.825469 3.98182 
1 -0.794718 3.9182 
1 1.02047 7.11425 
1 -7.4218 -7.97431 
1 -6.57176 -6.56071 
1 -2.58633 0.299864 
1 -0.00855036 5.45651 
1 -3.48564 -0.927788 
1 4.06157 10.4513 
1 -5.42823 -8.44752 
1 -0.781959 3.95067 
