1 6.63594 1.79661 
1 -6.85984 -0.381071 
1 0.762075 0.288898 
1 7.51102 1.91605 
1 2.65884 1.1397 
1 -5.01866 -0.0641145 
1 -6.18776 -0.269414 
1 0.732145 0.287061 
1 -3.73341 0.129835 
1 -6.13091 0.0503267 
1 8.32455 0.562153 
1 6.94177 1.83445 
1 5.15316 1.55168 
1 1.3694 0.972765 
1 -5.19374 -1.37491 
1 0.624525 0.288761 
1 8.20371 2.00014 
1 2.41695 1.10034 
1 -3.73093 0.145922 
1 0.216302 0.745732 
1 4.55293 1.45727 
1 -6.91756 -0.374452 
1 -0.0665932 0.724173 
1 9.64058 2.2552 
1 -3.93235 0.11567 
1 4.56041 1.45742 
1 -1.56929 0.210885 
1 -1.2743 0.535738 
1 0.422828 0.262147 
1 4.98769 1.49673 
1 5.35273 1.56892 
1 -5.02002 -0.145272 
1 -8.43231 -0.0272159 
1 -2.48206 0.84887 
1 0.251879 0.270208 
1 -8.67569 -0.687154 
1 -1.48195 0.209292 
1 -8.90739 -0.708358 
1 4.68574 0.439965 
1 2.78308 0.394463 
1 1.42881 0.926929 
1 -0.818062 0.549868 
1 10.8381 0.658408 
1 -7.69473 -0.509897 
1 -2.26403 0.199672 
1 -1.50971 -1.29638 
1 3.60875 0.408562 
1 -5.93171 -0.26225 
1 -0.682378 0.614154 
1 3.37022 0.372982 
1 5.85274 1.65118 
1 7.28306 1.88881 
1 -9.35015 -0.765937 
1 -1.44891 -0.929253 
1 4.91037 0.466022 
1 0.391932 0.788926 
1 0.0662214 0.277421 
1 6.39293 1.72458 
1 -0.234554 0.251609 
1 7.64773 1.96849 
1 -5.2302 -0.162368 
1 -6.28922 -0.31634 
1 4.29433 1.38535 
1 9.06856 2.16783 
1 1.15003 0.934224 
1 7.14066 1.88664 
1 -9.35774 -0.796267 
1 9.50291 0.61207 
1 -6.97951 -0.374003 
1 6.59723 1.80181 
1 -4.85518 -0.0896141 
1 -2.98875 -0.0378173 
1 -3.90333 0.126639 
1 -7.56896 -0.468912 
1 -1.98625 1.86066 
1 -2.01996 0.416325 
1 -7.76362 -0.592169 
1 0.492232 0.764196 
1 4.14564 0.418599 
1 4.1939 1.38324 
1 1.37399 0.319963 
1 -0.115939 0.683724 
1 -3.37006 -0.627312 
1 7.76416 0.55402 
1 -1.72858 0.423329 
1 -5.85274 0.0528213 
1 -1.92579 1.92836 
1 0.280498 0.806656 
1 -4.45319 0.112556 
1 1.55978 0.330394 
1 -7.71097 -0.541655 
1 -2.40785 0.361627 
1 -4.04305 0.124787 
1 3.71162 1.33675 
1 -4.78529 0.0939297 
1 -2.15755 1.50159 
1 5.48262 1.55391 
1 -8.26572 -0.626973 
1 -7.58504 -0.0142334 
1 -9.30125 -0.771946 
1 8.55816 2.07793 
1 -1.32423 1.49395 
1 0.296462 2.66731 
1 -7.61447 -0.507282 
1 -0.624506 0.671635 
1 8.80935 2.1072 
1 -3.43767 0.15237 
1 -3.07484 0.209659 
1 5.57325 1.60206 
1 -5.75753 -0.240872 
1 -4.96433 -1.2158 
1 -6.45619 -0.325153 
