1 0.253373 7.93458 
1 0.929397 6.57329 
1 3.77496 0.775807 
1 9.51791 -9.81085 
1 9.89919 -10.0101 
1 4.46271 -0.674279 
1 0.296585 7.89522 
1 4.95324 -1.64472 
1 9.80104 -10.0761 
1 8.94177 -9.48419 
1 2.59589 3.18114 
1 8.62998 -9.44456 
1 5.59795 -2.96274 
1 5.02539 -1.71639 
1 4.98831 -1.65837 
1 6.12508 -3.99034 
1 8.74974 -9.34339 
1 8.81192 -9.47513 
1 -1.1964 10.9613 
1 8.96919 -9.64463 
1 8.46428 -9.29576 
1 8.10608 -11.6275 
1 8.01695 -9.09696 
1 6.42391 -4.56355 
1 8.60341 -9.30762 
1 2.10159 4.26306 
1 5.84754 -3.46304 
1 7.80736 -8.91872 
1 9.92365 -10.0459 
1 9.12654 -9.64985 
1 5.54581 -2.86263 
1 8.50851 -9.34832 
1 9.38915 -9.70108 
1 3.35322 1.63979 
1 6.35735 -4.54811 
1 2.0317 4.37582 
1 0.371225 7.73161 
1 0.393562 7.66781 
