1 5.7124 -8.01508 
1 -6.45337 -1.79927 
1 -0.572332 -4.74792 
1 6.05649 -8.13428 
1 2.34705 -6.11176 
1 -6.31308 -1.8945 
1 -2.45536 -3.78374 
1 -5.47929 -2.30947 
1 -5.41424 -2.32055 
1 3.46507 -6.78708 
1 5.22538 -7.75952 
1 1.23372 -5.62319 
1 0.364743 -5.13005 
1 4.21341 -7.12654 
1 -6.99423 -1.4827 
1 2.83066 -6.37592 
1 2.73556 -6.48551 
1 -6.53091 -1.686 
1 2.379 -6.26252 
1 -3.21356 -3.3842 
1 4.33157 -7.24529 
1 -1.63939 -4.27204 
1 1.67464 -5.86664 
1 0.931047 -5.56597 
1 5.2901 -7.6628 
1 4.44494 -7.38828 
1 -7.60524 -1.17593 
1 -7.60725 -1.08599 
1 6.84335 -8.35415 
1 6.2003 -8.22217 
1 0.298326 -5.10233 
1 0.329213 -5.1011 
1 3.89592 -7.01901 
1 -6.99775 -1.5653 
1 -0.531335 -4.87751 
1 7.16883 -8.66859 
1 -6.85529 -1.54253 
1 7.16207 -8.59039 
1 -7.34503 -1.30531 
1 5.03315 -7.57692 
1 -7.21886 -1.39787 
1 -7.76221 -1.1396 
1 -5.98439 -2.03088 
1 8.71347 -9.40686 
1 -2.75894 -3.5608 
1 -7.48628 -1.19077 
1 1.91014 -5.98835 
1 -7.08515 -1.45779 
1 -2.51582 -3.77588 
1 6.67913 -8.42759 
1 -7.14301 -1.44413 
1 -7.52592 -1.23616 
1 -1.28003 -4.38355 
1 7.56128 -8.92318 
1 7.54786 -8.81479 
1 1.18317 -5.58793 
1 4.25056 -7.26552 
1 0.930503 -5.51581 
1 -0.79343 -4.53079 
1 -7.77413 -1.09905 
1 3.94292 -7.04081 
1 -2.50438 -3.8437 
1 -6.55188 -1.67414 
1 -7.67754 -1.15911 
1 -5.29322 -2.28909 
1 -0.0755181 -5.03499 
1 -6.71784 -1.49638 
1 -0.342337 -4.95438 
1 8.45125 -9.3237 
1 1.90237 -6.02054 
1 -4.58152 -2.65522 
1 -6.60025 -1.74359 
1 1.1447 -5.52607 
1 -1.79285 -4.17166 
1 -2.32783 -3.80467 
1 7.862 -9.03829 
1 3.25373 -6.56998 
1 -0.851127 -4.56046 
1 7.12168 -8.55035 
1 1.60078 -5.81129 
1 2.98009 -6.46676 
1 -3.50987 -3.35843 
1 0.645156 -5.30215 
1 -7.31264 -1.36579 
1 -6.59594 -1.64844 
1 -2.76797 -3.58998 
1 4.54827 -7.23075 
1 -4.64644 -2.60175 
1 0.0451464 -5.03667 
1 -2.73903 -3.61482 
1 2.15768 -6.13165 
1 6.13343 -8.0533 
1 -1.97315 -4.03039 
1 5.59463 -7.95903 
