1 -0.399541 -1.18126 
1 -0.394058 -1.11003 
1 3.98354 5.64237 
1 -0.311798 -2.44003 
1 1.10624 0.706518 
1 -2.13739 -4.82458 
1 -0.347261 -2.13996 
1 2.52708 3.10058 
1 -1.27933 -3.35986 
1 -0.576094 -2.16455 
1 1.60289 1.95771 
1 0.393479 -0.496524 
1 3.16674 4.21315 
1 5.24492 7.75407 
1 4.25497 6.08625 
1 -0.369709 -1.52707 
1 -3.45297 -7.10635 
1 4.98038 7.31845 
1 -1.19882 -3.21518 
1 1.56309 2.6296 
1 -1.78967 -4.22629 
1 2.74975 3.47247 
1 4.02012 5.64822 
1 2.08009 2.37414 
1 -2.62766 -5.68685 
1 -1.18101 -3.19594 
1 -2.8619 -6.07134 
1 0.615766 -0.101215 
1 -4.2108 -8.38338 
1 1.60456 2.18241 
1 -4.1155 -8.18904 
1 -0.388961 -1.21783 
1 0.211787 -0.805524 
1 -1.88187 -4.35794 
1 1.81366 0.991067 
1 0.29037 -0.703716 
1 -0.072356 -1.29286 
1 4.5893 6.58442 
1 -1.20791 -3.22012 
1 -1.40329 -3.57658 
1 0.660799 -0.0263625 
1 -1.49175 -3.76151 
