1 -10.6991 -2.15833 
1 -5.25511 -0.149357 
1 -3.34779 0.5799 
1 4.81232 4.48239 
1 3.05878 3.0347 
1 3.01259 3.04301 
1 -1.42577 1.3233 
1 5.27801 3.9086 
1 3.28949 3.15155 
1 3.35728 3.16606 
1 -1.83976 1.17261 
1 -0.683098 2.2272 
1 -2.91065 0.748164 
1 -10.1733 0.578098 
1 -7.60232 -1.00358 
1 1.66364 2.52672 
1 -1.43555 1.34589 
1 -4.91687 0.0136941 
1 -7.00003 -0.201508 
1 -0.254383 1.78093 
1 7.51004 4.68671 
1 -8.2156 -1.24465 
1 3.40831 3.19542 
1 -5.53863 -0.602637 
1 0.855428 3.8008 
1 -3.12975 0.696316 
1 3.24465 3.08279 
1 -0.60287 1.89978 
1 2.70367 2.93903 
1 7.38245 4.71409 
