1 -3.95056 -0.541068 
1 -9.68618 -1.82117 
1 -1.78783 -1.56816 
1 2.81832 -0.436135 
1 -10.4898 -2.04555 
1 -8.92851 -1.50576 
1 -10.4466 -2.05832 
1 -10.1082 -1.97227 
1 8.35368 -0.0405041 
1 2.75766 -0.211404 
1 5.54358 0.296745 
1 0.0184943 -0.346446 
1 -9.45495 -0.888569 
1 -8.10523 -1.17876 
1 -7.79691 -1.05805 
1 6.89465 -0.14046 
1 -2.58918 -0.907154 
1 0.454715 -0.86581 
1 -3.37607 -1.0608 
1 -2.59688 -0.909934 
1 -6.19595 -0.441453 
1 5.74525 -1.08761 
1 5.30799 1.32411 
1 5.70306 -1.13062 
