1 -10.6991 -2.15833 
1 -3.95056 -0.541068 
1 -3.34779 0.5799 
1 3.05878 3.0347 
1 3.01259 3.04301 
1 -1.42577 1.3233 
1 -9.68618 -1.82117 
1 3.28949 3.15155 
1 3.35728 3.16606 
1 -1.83976 1.17261 
1 -10.4466 -2.05832 
1 -2.91065 0.748164 
1 -10.1733 0.578098 
1 -10.1082 -1.97227 
1 1.66364 2.52672 
1 -4.91687 0.0136941 
1 -7.00003 -0.201508 
1 7.51004 4.68671 
1 -8.2156 -1.24465 
1 3.40831 3.19542 
1 -5.53863 -0.602637 
1 -3.12975 0.696316 
1 -9.45495 -0.888569 
1 3.24465 3.08279 
1 -8.10523 -1.17876 
1 -0.474301 1.46262 
1 2.70367 2.93903 
1 7.38245 4.71409 
1 -6.19595 -0.441453 
1 5.30799 1.32411 
