1 -4.6919 1.69416 
1 0.249486 -4.42833 
1 -0.836543 -3.00369 
1 -7.88438 6.64843 
1 0.345111 -4.52295 
1 -3.45911 1.57129 
1 -1.37128 -2.20415 
1 -3.42131 1.56286 
1 -8.22749 7.09952 
1 -7.60812 6.2893 
1 -7.32556 5.92804 
1 1.60265 -6.1128 
1 -6.05921 4.17528 
1 -5.63548 3.51795 
1 2.40429 -7.32072 
1 -6.77712 5.13723 
1 -4.71335 1.72627 
1 -1.37432 -2.18559 
1 -1.60954 -1.90358 
1 -5.56293 3.49503 
1 -2.73481 -0.512718 
1 -0.150216 -3.95217 
1 -3.75799 1.63507 
1 1.10624 -5.60076 
1 -3.5345 1.61076 
