1 -2.40572 0.708001 
1 0.829602 0.658852 
1 4.31785 -1.26012 
1 -7.51827 0.687466 
1 -2.97336 0.713088 
1 -0.377264 0.407609 
1 -6.89374 0.741876 
1 -4.66277 0.708645 
1 -2.22313 1.94779 
1 -7.30412 0.722841 
1 3.53165 -0.400712 
1 5.12736 -2.14243 
1 -8.08322 0.711395 
1 -1.67322 0.655209 
1 5.41136 -2.43767 
1 -2.05628 0.714487 
1 2.13831 1.15264 
1 -5.79453 0.72627 
1 0.661676 -0.378366 
1 2.65208 0.910371 
1 0.308141 -0.0154493 
1 -7.49116 0.688578 
1 -2.32647 0.677866 
1 4.45181 -1.45478 
1 0.987415 -0.63543 
1 3.74263 -0.602011 
1 -8.33082 0.738687 
1 5.16741 -2.22113 
1 4.14262 -1.05754 
1 -4.65137 0.686429 
1 5.1809 -2.21728 
1 -0.108832 0.215177 
1 2.05376 0.743112 
1 4.41716 0.648502 
1 -2.34544 1.94961 
1 -2.11975 0.69512 
1 -8.50989 0.714449 
1 5.63331 -2.63379 
1 -0.408988 0.441897 
1 -0.000436027 0.726645 
1 5.16216 -2.18611 
1 4.66659 -1.60049 
1 -5.26008 0.705969 
1 -3.74939 0.71766 
1 0.879544 -0.513945 
1 -1.1687 1.09123 
1 2.63586 0.591137 
1 -1.12025 1.01593 
1 -5.10648 0.682386 
1 -8.48655 0.671503 
1 4.19117 -1.06565 
1 -1.55935 0.744283 
1 -4.89926 0.722296 
1 2.66508 0.749759 
1 1.16673 -0.358438 
