1 -5.90984 4.7396 
1 -6.05545 4.86736 
1 8.29351 0.662236 
1 -4.2026 3.44687 
1 0.385252 3.11339 
1 4.27833 0.644901 
1 -0.141149 3.65372 
1 5.59187 3.91512 
1 1.30637 1.34136 
1 -4.21714 3.44816 
1 1.99809 1.43685 
1 -2.22313 1.94779 
1 -2.9877 2.47323 
1 7.99377 0.710518 
1 9.13809 0.681049 
1 0.264741 3.2013 
1 -4.31108 3.4862 
1 10.821 0.682073 
1 1.73295 1.59445 
1 0.783953 2.66381 
1 1.35397 2.02225 
1 5.30194 0.692919 
1 -5.66044 4.56049 
1 1.23836 2.086 
1 -3.51429 2.89977 
1 8.013 0.68579 
1 -5.02229 4.06638 
1 9.54017 0.697819 
1 8.36287 0.697162 
1 4.41716 0.648502 
1 -5.88543 4.71395 
1 -5.90673 4.73764 
1 2.01463 5.17664 
1 -5.86916 4.77778 
1 -6.27935 5.05388 
1 -3.29329 2.68986 
1 1.78337 1.50453 
1 -6.00004 4.78204 
1 -3.17879 2.6195 
1 0.299735 3.11932 
1 0.585571 2.93213 
1 7.30493 2.42391 
1 -0.837433 4.41757 
1 1.71399 1.59047 
1 -3.35439 2.74527 
1 8.03154 0.682137 
1 -4.1455 3.39731 
