1 0.829602 0.658852 
1 -5.84967 9.92566 
1 -0.727012 4.39461 
1 1.21357 -0.816983 
1 1.54207 1.58209 
1 -3.70667 7.61548 
1 4.2309 -3.12613 
1 -6.26226 10.336 
1 -2.97471 6.88819 
1 -6.56306 10.7342 
1 5.222 -3.90701 
1 4.63391 -3.4785 
1 2.85224 -2.06407 
1 4.89276 -3.70168 
1 6.33005 -9.6759 
1 -6.29473 10.4284 
1 0.347261 0.982888 
1 0.769901 0.565588 
1 3.77259 -5.08293 
1 -1.35656 5.05972 
1 -5.0153 9.09595 
1 -4.92022 8.96104 
1 -4.82714 8.85124 
1 -5.52233 9.58849 
1 -3.42814 7.27462 
1 -3.28799 7.12748 
1 -3.66205 7.6006 
1 -6.47807 10.697 
1 -5.39635 9.4248 
1 -4.86041 8.90026 
1 -4.45416 8.45671 
1 -6.00888 10.1628 
1 0.197601 1.23764 
1 -5.86732 9.98108 
1 -5.52171 9.58776 
1 -1.80899 5.48453 
1 -5.91678 10.0231 
1 -3.51044 7.36591 
1 -5.30376 9.28228 
1 2.70445 -1.95958 
1 5.06637 -3.79606 
1 -0.108832 0.215177 
1 -2.32721 6.02608 
1 -2.61267 6.30095 
1 -3.97206 7.8656 
1 -2.84885 6.62405 
1 -2.17408 5.48123 
1 -0.997776 3.40276 
1 5.78378 -5.29052 
1 -3.94625 7.91602 
1 4.74815 -6.89643 
1 -5.10736 9.14999 
1 -0.906441 4.49829 
1 -1.49464 5.13427 
1 -6.04879 10.2767 
1 -2.75868 6.62253 
1 -6.54294 10.697 
1 5.01311 -3.81573 
1 6.3774 -9.75351 
1 -5.88146 10.0959 
1 -6.36369 10.4856 
1 3.67451 -2.73832 
1 1.57364 0.668894 
1 3.48135 -2.56056 
1 0.551868 0.652903 
1 -5.56776 9.6457 
1 2.08529 -1.47378 
1 -1.75554 5.44574 
1 -3.22085 7.05509 
1 -2.86399 6.7236 
1 -4.3805 8.31684 
1 -1.74163 5.4562 
1 6.28805 -9.59459 
1 -0.542481 4.10859 
1 -6.47579 10.6673 
