1 0.621048 2.29382 
1 0.0925123 3.67026 
1 2.07089 -1.4454 
1 -1.02844 6.46628 
1 -0.166664 4.25953 
1 4.19644 -6.86321 
1 0.382243 2.8655 
1 -1.47818 7.62508 
1 2.89964 -3.57104 
1 3.99924 -6.42284 
1 -2.39298 9.98129 
1 2.27238 -1.93178 
1 -1.00671 6.519 
1 3.67727 -5.60224 
1 -1.42227 7.51855 
1 1.90533 -0.981629 
1 3.48444 -5.0488 
1 1.56428 -0.130779 
1 1.11677 0.966523 
1 2.64016 -2.89953 
1 -0.824032 6.04085 
1 1.63164 -0.297974 
1 0.292311 3.11499 
1 3.67162 -5.6488 
1 1.58967 -0.285263 
1 -2.14031 9.37967 
1 2.31066 -2.10773 
1 -2.36728 9.91523 
1 3.96206 -6.37565 
1 -0.403319 4.84325 
1 -2.40075 10.0359 
1 -1.7 8.21148 
1 1.4231 0.202856 
1 0.655098 2.19265 
1 -1.97289 8.93574 
1 3.97867 -6.34598 
1 4.03975 -6.56627 
1 3.2316 -4.46831 
1 1.45777 0.0938654 
1 3.14204 -4.22436 
1 -0.689871 5.62826 
1 1.10025 1.04524 
1 1.05142 1.06753 
1 -1.28256 7.11649 
1 -0.400725 4.88558 
1 -0.320968 4.67585 
1 4.24331 -7.06061 
1 0.043833 3.74006 
1 0.283976 3.14488 
1 0.440231 2.76743 
1 1.92901 -1.06508 
1 0.490346 2.61348 
1 3.15178 -4.28953 
1 -0.90841 6.18796 
1 1.69196 -0.457663 
1 0.240189 3.20806 
1 0.837962 1.74666 
1 -2.23044 9.66768 
1 -1.19508 6.96655 
1 3.63977 -5.48843 
1 4.32857 -7.26961 
1 1.94813 -1.0823 
1 4.47269 -7.63021 
1 0.116796 3.56742 
1 -1.46494 7.64965 
1 -1.08031 6.58175 
1 -1.19752 6.94873 
1 0.290793 3.1715 
1 3.53479 -5.209 
1 3.77586 -5.82076 
1 -0.13405 4.2471 
1 0.00490556 3.85083 
1 0.204762 3.30247 
1 -2.11831 9.27196 
1 2.75514 -3.19661 
1 2.30056 -2.09434 
1 -1.98839 9.05636 
1 -1.68398 8.24604 
1 0.214414 3.30988 
1 -1.50267 7.75191 
1 3.19641 -4.32363 
1 3.62851 -5.54514 
1 -0.314453 4.66468 
1 -1.54295 7.75271 
1 -1.87116 8.74196 
1 2.42838 -2.33729 
1 1.96227 -1.18031 
1 -1.24313 7.07377 
1 0.771325 1.92572 
1 0.187623 3.35004 
1 -1.38789 7.44762 
1 -0.28601 4.46027 
1 -2.5232 10.3534 
1 -1.49757 7.68883 
1 1.24217 0.730208 
1 4.32049 -7.2364 
1 0.350793 2.94423 
1 0.993196 1.31901 
1 1.22084 0.716372 
1 -0.383603 4.89111 
1 2.17494 -1.74541 
1 3.48454 -5.07011 
1 2.85662 -3.48669 
1 -0.411424 4.96203 
1 1.43181 0.170772 
1 4.39199 -7.40386 
1 1.14424 0.878268 
1 -2.54622 10.3639 
1 -0.402661 4.93185 
1 2.17426 -1.76676 
1 0.903023 1.51657 
1 -2.64011 10.6647 
1 2.89238 -3.57445 
1 3.35951 -4.76511 
1 -1.647 8.07085 
1 -1.33703 7.36249 
1 3.96714 -6.34622 
1 4.26797 -7.10278 
1 4.1879 -6.97019 
1 3.74374 -5.83894 
1 4.07592 -6.71781 
1 3.4562 -5.06874 
1 2.90755 -3.61237 
1 0.252048 3.22291 
1 4.43892 -7.63088 
1 2.04349 -1.41155 
1 0.834698 1.69683 
1 -2.4025 10.0383 
1 -2.66066 10.7204 
1 0.799846 1.78724 
1 -2.39987 9.96992 
1 0.252527 3.22353 
1 -2.33039 9.86195 
1 -1.53248 7.78256 
1 1.90693 -1.00913 
1 -1.42714 7.46877 
1 2.90173 -3.55995 
1 0.250465 3.2852 
1 1.77862 -0.709164 
1 3.2755 -4.57165 
1 -0.223527 4.43109 
1 1.62399 -0.308504 
1 2.65139 -2.9229 
1 0.904097 1.52665 
1 1.26639 0.580336 
1 3.56332 -5.22762 
1 -0.182147 4.37231 
1 3.83763 -6.0353 
1 4.40957 -7.52434 
1 3.56982 -5.2934 
1 0.070933 3.67992 
1 2.7888 -3.32227 
1 1.50023 0.0561742 
1 3.78562 -5.89033 
1 3.25966 -4.61113 
1 3.19838 -4.37663 
1 4.24919 -7.06921 
1 1.47925 0.0797141 
1 2.30621 -2.07454 
1 3.28151 -4.60686 
1 0.334291 2.99488 
1 0.557275 2.44947 
1 2.81099 -3.3347 
1 0.16712 3.44514 
1 1.10807 0.971137 
1 2.04153 -1.43167 
1 0.855448 1.61492 
1 3.66683 -5.59409 
1 -1.08774 6.64329 
1 -0.272214 4.57137 
1 1.83011 -0.884536 
1 -0.12349 4.15737 
1 3.26037 -4.48465 
1 -0.455463 4.99004 
1 -1.53489 7.75411 
1 3.5976 -5.40594 
1 -2.34857 9.92459 
1 4.36351 -7.40698 
1 2.82808 -3.43534 
