1 -0.399541 -1.18126 
1 -0.588012 3.06522 
1 -0.705369 5.22489 
1 -0.914484 10.3541 
1 -0.394058 -1.11003 
1 -0.10362 -7.28486 
1 -0.612883 3.55101 
1 -0.564651 3.32164 
1 -0.311798 -2.44003 
1 -0.708792 6.28664 
1 -0.556806 2.70215 
1 -0.650296 4.22404 
1 -0.238296 -4.48844 
1 -0.0927651 -7.33133 
1 -0.204881 -5.20862 
1 -0.402281 -0.805406 
1 -0.728773 6.52342 
1 -0.755255 6.99748 
1 -0.304982 -2.88028 
1 -0.929408 10.5544 
1 -0.766821 7.70319 
1 -0.882612 9.40363 
1 -0.453185 1.07373 
1 -0.914435 10.2915 
1 -0.156268 -6.02859 
1 -0.645602 4.42936 
1 -0.246788 -4.21798 
1 -0.208381 -4.55729 
1 -0.135158 -6.62002 
1 -0.884343 9.91019 
1 -0.530777 1.72504 
1 -0.721202 6.53255 
1 -0.549303 1.69538 
1 -0.472134 1.05916 
1 -0.608989 3.67683 
1 -0.180282 -4.67916 
1 -0.565474 2.92539 
1 -0.707135 5.8558 
1 -0.655416 5.47016 
1 -0.12356 -6.58925 
1 -0.632934 4.50478 
1 -0.60623 4.23179 
1 -0.85163 8.47102 
1 -0.548423 2.70841 
1 -0.466402 0.289212 
1 -0.865872 9.65467 
1 -0.111341 -7.05149 
1 -0.565414 2.96102 
1 -0.292847 -3.12632 
1 -0.369709 -1.52707 
1 -0.724932 6.64404 
1 -0.121729 -7.28404 
1 -0.524925 2.42256 
1 -0.69174 4.66944 
1 -0.876877 8.75468 
1 -0.891823 9.67595 
1 -0.561312 2.88081 
1 -0.219173 -4.83093 
1 -0.192948 -5.84685 
1 -0.755594 6.86967 
1 0.00234219 -8.79379 
1 -0.472569 0.730169 
1 -0.871384 9.39215 
1 -0.584925 3.5487 
1 -0.106543 -7.21149 
1 -0.730611 6.98635 
1 -0.65782 4.7915 
1 -0.849063 8.22676 
1 -0.483653 0.50667 
1 -0.0647985 -8.00985 
1 -0.542864 2.10461 
1 -0.697238 6.11533 
1 -0.6292 4.60435 
1 -0.807037 8.34427 
1 -0.388961 -1.21783 
1 -0.54188 2.37395 
1 -0.683392 4.90681 
1 -0.524748 1.53746 
1 -0.795909 7.68605 
1 -0.457203 0.531565 
1 -0.176442 -5.43962 
1 -0.308661 -3.21929 
1 -0.774072 7.16339 
1 -0.477029 0.965414 
1 -0.923391 10.4424 
1 -0.134358 -6.50231 
1 -0.879597 10.1745 
1 -0.649964 4.03985 
1 -0.789186 7.91384 
1 -0.224271 -4.38441 
1 -0.526986 2.09029 
1 -0.143805 -6.25563 
1 -0.592335 3.90275 
1 -0.168024 -6.16556 
1 -0.108044 -6.25398 
1 -0.57065 2.5544 
1 -0.52359 1.44468 
