1 3.98354 5.64237 
1 -3.87137 -7.79424 
1 1.10624 0.706518 
1 -2.13739 -4.82458 
1 -0.347261 -2.13996 
1 0.141667 -0.963455 
1 2.52708 3.10058 
1 -1.27933 -3.35986 
1 -0.576094 -2.16455 
1 1.72767 1.37828 
1 1.60289 1.95771 
1 0.393479 -0.496524 
1 3.16674 4.21315 
1 5.24492 7.75407 
1 1.72093 0.960673 
1 4.25497 6.08625 
1 -3.45297 -7.10635 
1 4.98038 7.31845 
1 -1.19882 -3.21518 
1 -1.78967 -4.22629 
1 2.74975 3.47247 
1 4.02012 5.64822 
1 2.08009 2.37414 
1 -0.110123 -1.36011 
1 -2.62766 -5.68685 
1 -1.18101 -3.19594 
1 -2.8619 -6.07134 
1 -4.09457 -8.1635 
1 0.615766 -0.101215 
1 -4.2108 -8.38338 
1 -3.34592 -6.86242 
1 1.60456 2.18241 
1 -4.1155 -8.18904 
1 -0.388961 -1.21783 
1 0.211787 -0.805524 
1 2.93395 3.76005 
1 -3.78617 -7.60537 
1 -1.88187 -4.35794 
1 4.5893 6.58442 
1 3.03748 4.00659 
1 -1.20791 -3.22012 
1 -1.40329 -3.57658 
1 0.660799 -0.0263625 
1 -1.49175 -3.76151 
