1 0.689533 9.13239 
1 1.42188 2.82722 
1 2.11952 -0.715918 
1 0.704879 8.65965 
1 2.33089 -3.18674 
1 2.80992 -5.5579 
1 1.08748 5.44503 
1 0.195001 11.8697 
1 0.093727 12.3422 
1 1.70155 1.73287 
1 0.343073 11.3688 
1 2.58705 -4.2225 
1 0.463912 10.4912 
1 2.46563 -4.01329 
1 2.74234 -4.76568 
1 0.966508 7.01194 
1 1.30156 4.31186 
1 3.52849 -7.63759 
1 2.38837 -3.12766 
1 0.0924145 12.3766 
1 1.56309 2.6296 
1 0.874206 7.53594 
1 0.982092 6.01036 
1 0.629072 9.73842 
1 2.38687 -2.15839 
1 1.26871 4.99898 
1 1.5824 3.69888 
1 2.30907 -2.29731 
1 1.14799 5.38677 
1 0.986301 6.99996 
1 1.94244 0.180579 
1 2.74633 -5.5617 
1 1.36271 3.92375 
1 0.532606 10.3341 
1 1.09956 4.79293 
1 2.68334 -5.32471 
1 2.16152 -1.94438 
1 0.79822 7.5299 
1 2.18716 -1.17884 
1 1.81366 0.991067 
1 1.69388 2.49741 
1 1.22888 4.40472 
1 2.42895 -4.01722 
1 1.10065 6.25581 
1 2.0275 -0.29928 
1 1.50943 3.75938 
1 1.11175 4.93725 
1 0.97101 6.24997 
1 2.05661 -1.4636 
1 1.99812 0.633845 
