1 9.28641 -0.594594 
1 -5.8207 1.07314 
1 4.43059 -0.582885 
1 5.51432 -0.370409 
1 -7.07476 0.478353 
1 -4.54389 0.846143 
1 -2.08099 0.606085 
1 -4.57571 0.893649 
1 -4.09917 1.84299 
1 4.91906 -0.332759 
1 6.35101 -0.42082 
1 -0.820697 -0.145487 
1 -4.1202 1.86472 
1 8.86657 -0.628258 
1 -7.41264 1.28747 
1 4.30027 -0.26052 
1 1.81833 -0.116467 
1 -9.35336 1.25753 
1 -2.87641 0.182419 
1 0.146415 -0.767555 
1 8.61435 -1.24286 
1 6.04073 -0.435849 
1 -0.742392 0.0495528 
1 -2.32603 0.17547 
1 1.41208 -1.51032 
1 4.728 -0.321171 
1 8.14048 -0.550373 
1 -2.50361 0.892443 
1 5.5759 -0.362454 
1 1.95919 -0.201473 
1 -0.256485 0.160791 
1 -0.712205 -0.21892 
1 7.86432 -1.13443 
1 -6.95987 0.456552 
1 3.7291 -0.268536 
1 0.726288 -0.0491582 
1 -2.39841 0.818714 
1 3.19231 -0.390543 
1 5.06906 -0.3587 
1 -4.08708 1.84724 
1 10.6743 -1.63231 
1 3.30934 -0.227831 
1 5.40575 -0.361875 
1 -3.82324 1.64782 
1 -0.102262 -0.601593 
1 -1.86357 0.140166 
1 -3.09212 1.22296 
1 -4.69182 2.24014 
1 5.13641 -0.355062 
1 -0.531431 -0.338961 
1 -6.62842 0.434941 
1 -0.736485 -0.219809 
1 7.28533 -1.09005 
1 -1.01136 -0.0393365 
1 7.39802 -0.500381 
1 7.93097 -1.11713 
1 -9.1375 0.644334 
1 -1.97964 0.546355 
1 4.34233 -0.584565 
1 4.75464 -0.628332 
1 -9.27771 0.620895 
1 8.54418 -0.595485 
1 -4.14017 1.9325 
1 -5.04989 0.378535 
1 -6.79617 1.23806 
1 -7.10015 0.491089 
1 -1.93213 0.130064 
1 -4.24116 0.784718 
1 9.18833 -0.628686 
1 -2.34924 0.172179 
1 4.16054 -0.551196 
1 -1.47174 0.2294 
1 0.224852 -0.0278182 
