5.73091	-3.81956	2.04297	 0
5.92196	-2.79392	2.87508	 0
5.90516	-3.41279	3.05127	 0
5.88619	-2.80232	2.44942	 0
5.94482	-3.70374	3.08643	 0
5.57486	-3.78148	3.01547	 0
5.86217	-3.17884	3.02056	 0
4.90082	-2.82858	2.58954	 0
4.89415	-3.33857	3.01989	 0
4.95684	-3.84416	2.11087	 0
5.23986	-2.80314	2.026	 0
4.8958	-3.15105	3.04803	 0
5.83837	-2.7699	2.52573	 0
4.82574	-3.37002	3.02082	 0
4.77648	-3.76379	2.29665	 0
5.90573	-2.80808	2.43568	 0
5.83287	-3.55645	3.00401	 0
5.11807	-3.78467	2.02733	 0
5.93294	-3.81399	2.50296	 0
4.9247	-3.83994	2.77378	 0
5.02566	-2.84703	2.06786	 0
4.97501	-2.82306	2.03399	 0
4.92795	-3.53043	3.02521	 0
5.84664	-3.07025	2.03898	 0
5.89567	-2.80062	2.4076	 0
5.93951	-3.71047	3.03478	 0
4.83799	-3.16078	3.00661	 0
4.86939	-3.19108	2.05888	 0
5.89714	-3.69746	3.02581	 0
5.57646	-2.82166	3.04294	 0
5.21406	-3.82484	2.02157	 0
5.86039	-3.68937	3.03019	 0
4.84395	-3.65544	2.02121	 0
4.97224	-3.10828	3.06102	 0
4.9104	-3.80638	2.63981	 0
5.21288	-3.8069	2.05076	 0
5.79342	-2.79477	2.0045	 0
5.82524	-3.59449	3.03007	 0
4.78981	-3.75038	1.98526	 0
4.8425	-3.77828	2.77644	 0
5.91565	-2.98282	2.05117	 0
5.9	-2.82337	2.56768	 0
5.20281	-3.79019	3.0459	 0
5.91915	-2.81473	2.69574	 0
4.8904	-3.79791	2.80973	 0
5.35637	-2.80126	3.0278	 0
5.14177	-3.79643	2.02215	 0
5.98252	-3.37379	3.0796	 0
5.89963	-3.29924	2.04665	 0
5.83751	-3.79615	2.38851	 0
5.90314	-2.87284	3.04214	 0
4.84082	-3.80789	2.37996	 0
4.87805	-3.43482	2.03715	 0
-1.87198	0.335511	0.197787	 1
-2.72932	0.630888	0.194776	 1
-1.78333	0.235518	3.17844	 1
-1.80066	-0.37379	0.38023	 1
-1.79527	-0.383113	0.376393	 1
-2.16483	-0.366516	0.195467	 1
-2.32943	0.665442	0.187697	 1
-2.7948	-0.359986	1.04072	 1
-2.83023	0.65395	1.08633	 1
-1.78926	0.0425139	2.21353	 1
-2.84565	0.376014	0.197631	 1
-1.74643	0.20796	2.21597	 1
-1.78243	-0.374496	0.794974	 1
-2.40199	-0.346344	1.20314	 1
-2.66751	0.669997	0.152431	 1
-2.76135	-0.360132	0.202604	 1
-2.77583	-0.207252	0.171782	 1
-1.79383	0.211455	3.09404	 1
-2.26998	0.607306	0.204728	 1
-1.95278	0.621026	0.186214	 1
-1.77831	-0.249987	3.19887	 1
-0.812939	-0.108823	2.21639	 1
-2.78232	-0.384658	0.87637	 1
-2.8746	0.151571	0.16912	 1
-2.77318	-0.219544	0.201395	 1
-1.88108	0.663335	1.19027	 1
-2.24077	0.679954	0.182088	 1
-1.77311	0.63083	1.04508	 1
-0.789378	-0.676759	3.22293	 1
-1.85792	0.663578	1.0927	 1
-1.71352	0.2484	0.201894	 1
0.529229	-0.330551	0.76152	 1
-2.59011	0.615078	0.203415	 1
-2.00858	-0.402076	0.225099	 1
-1.81939	-0.0288398	0.182344	 1
-1.78742	0.435411	1.20544	 1
-1.79782	0.629937	0.867934	 1
-2.16602	0.618764	1.20341	 1
-1.84875	0.224123	0.199382	 1
-1.79291	0.163025	2.20495	 1
0.547619	0.377607	-0.22816	 1
-1.7892	-0.788508	3.06202	 1
-1.83145	-0.100488	0.191467	 1
-2.77805	0.471938	0.192229	 1
-2.72122	0.617369	0.198645	 1
-1.42307	-0.789726	2.21665	 1
-2.77471	0.381231	0.19759	 1
-2.78582	-0.375709	0.94364	 1
-1.78638	0.124712	0.201705	 1
-2.84306	0.391828	0.189793	 1
-2.78449	0.520385	1.18103	 1
-1.78883	-0.0544145	2.20684	 1
-2.1045	-0.363526	0.169119	 1
-1.75174	0.591756	0.519713	 1
-0.784836	0.208492	2.80014	 1
-1.64487	0.573197	0.833278	 1
-2.87674	0.318256	1.19772	 1
-1.75506	-0.370734	0.878183	 1
-0.854366	0.20987	2.23055	 1
-1.70797	0.175439	0.227165	 1
-2.81374	0.2959	1.20014	 1
-2.77184	0.640792	0.212197	 1
-2.41364	-0.39054	1.21017	 1
1.95321	4.51041	0.637801	 2
0.966824	4.44124	0.289227	 2
0.877281	3.80479	0.276263	 2
1.92373	4.45786	0.949272	 2
0.835431	3.49376	0.934091	 2
0.963433	3.97348	0.27038	 2
0.888923	4.27024	1.30183	 2
1.33519	3.4626	1.28929	 2
0.919715	4.26589	1.26991	 2
0.958322	4.48679	1.04881	 2
1.28951	4.46011	0.288856	 2
0.879054	3.54982	1.29955	 2
0.901086	3.42815	0.310859	 2
1.89074	4.45678	1.25332	 2
1.86881	3.50396	0.320158	 2
0.863172	4.1021	0.264095	 2
0.920348	4.15186	1.28208	 2
1.87712	3.49406	0.289905	 2
0.903966	3.68723	0.27934	 2
0.879553	3.47109	0.63445	 2
1.71197	3.46878	1.30216	 2
1.50064	4.4884	0.281692	 2
0.885166	3.58617	1.29399	 2
1.61288	4.49872	1.28573	 2
1.22208	4.50447	0.268077	 2
1.88546	3.47516	0.431727	 2
1.09902	4.4676	0.297074	 2
1.26771	3.47829	0.277695	 2
0.933578	3.50701	0.292651	 2
0.895313	3.59631	0.259419	 2
1.25349	3.45023	1.27695	 2
1.90002	3.48636	1.19203	 2
1.92937	4.28454	1.27939	 2
0.883217	3.44647	1.27099	 2
1.89151	3.44981	0.387743	 2
1.92214	3.46168	0.385834	 2
1.87725	3.45776	1.00299	 2
1.83711	3.47259	0.84059	 2
0.871924	3.68948	0.281824	 2
0.901188	3.49431	1.02649	 2
0.873042	4.31969	1.29633	 2
1.88689	4.05928	1.28795	 2
0.893286	4.19205	0.28545	 2
0.917682	4.42613	0.820079	 2
1.92908	4.43516	1.28778	 2
0.865897	4.47562	1.27151	 2
1.85631	3.58838	0.291416	 2
0.930061	4.49136	1.06222	 2
1.78252	3.45569	1.30016	 2
1.10657	3.45203	0.297094	 2
1.3437	3.44339	1.27666	 2
1.12738	3.48732	1.27116	 2
1.90913	3.99036	0.269151	 2
1.88546	4.48657	0.655229	 2
1.38552	4.53369	0.279227	 2
1.46947	3.42707	0.271957	 2
1.58592	3.44725	1.28189	 2
1.05555	3.51272	1.27563	 2
1.92766	4.46123	1.05668	 2
0.887387	3.45553	0.288147	 2
0.914465	3.42518	0.367065	 2
0.90512	3.48726	0.776405	 2
1.78185	4.43203	1.2941	 2
0.902095	3.42723	0.269587	 2
1.926	4.0659	1.2845	 2
1.87032	4.28123	0.280584	 2
1.83913	4.48406	1.29547	 2
1.76144	4.4857	1.28649	 2
1.90934	4.24637	0.282034	 2
1.5429	4.44042	0.302021	 2
1.90151	3.41157	0.632739	 2
0.920907	3.46859	0.708425	 2
1.26411	4.48331	0.278422	 2
1.59379	3.44018	1.28725	 2
1.88168	3.43194	1.03003	 2
0.874811	3.7312	1.277	 2
1.20922	4.44942	0.305962	 2
0.928492	3.86366	0.281385	 2
1.87684	3.42211	1.05844	 2
0.910473	3.6845	1.2745	 2
0.88678	4.44976	1.28931	 2
-0.175497	-2.40452	-3.03329	 3
-0.5803	-2.40637	-2.10598	 3
1.53437	0.424582	0.517054	 4
