1.95321 4.51041 0.637801 
0.966824 4.44124 0.289227 
0.877281 3.80479 0.276263 
1.92373 4.45786 0.949272 
0.835431 3.49376 0.934091 
0.963433 3.97348 0.27038 
0.888923 4.27024 1.30183 
1.33519 3.4626 1.28929 
0.919715 4.26589 1.26991 
0.958322 4.48679 1.04881 
1.28951 4.46011 0.288856 
0.879054 3.54982 1.29955 
0.901086 3.42815 0.310859 
1.89074 4.45678 1.25332 
1.86881 3.50396 0.320158 
0.863172 4.1021 0.264095 
0.920348 4.15186 1.28208 
1.87712 3.49406 0.289905 
0.903966 3.68723 0.27934 
0.879553 3.47109 0.63445 
1.71197 3.46878 1.30216 
1.50064 4.4884 0.281692 
0.885166 3.58617 1.29399 
1.61288 4.49872 1.28573 
1.22208 4.50447 0.268077 
1.88546 3.47516 0.431727 
1.09902 4.4676 0.297074 
1.26771 3.47829 0.277695 
0.933578 3.50701 0.292651 
0.895313 3.59631 0.259419 
1.25349 3.45023 1.27695 
1.90002 3.48636 1.19203 
1.92937 4.28454 1.27939 
0.883217 3.44647 1.27099 
1.89151 3.44981 0.387743 
1.92214 3.46168 0.385834 
1.87725 3.45776 1.00299 
1.83711 3.47259 0.84059 
0.871924 3.68948 0.281824 
0.901188 3.49431 1.02649 
0.873042 4.31969 1.29633 
1.88689 4.05928 1.28795 
0.893286 4.19205 0.28545 
0.917682 4.42613 0.820079 
1.92908 4.43516 1.28778 
0.865897 4.47562 1.27151 
1.85631 3.58838 0.291416 
0.930061 4.49136 1.06222 
1.78252 3.45569 1.30016 
1.10657 3.45203 0.297094 
1.3437 3.44339 1.27666 
1.12738 3.48732 1.27116 
1.90913 3.99036 0.269151 
1.88546 4.48657 0.655229 
1.38552 4.53369 0.279227 
1.46947 3.42707 0.271957 
1.58592 3.44725 1.28189 
1.05555 3.51272 1.27563 
1.92766 4.46123 1.05668 
0.887387 3.45553 0.288147 
0.914465 3.42518 0.367065 
0.90512 3.48726 0.776405 
1.78185 4.43203 1.2941 
0.902095 3.42723 0.269587 
1.926 4.0659 1.2845 
1.87032 4.28123 0.280584 
1.83913 4.48406 1.29547 
1.76144 4.4857 1.28649 
1.90934 4.24637 0.282034 
1.5429 4.44042 0.302021 
1.90151 3.41157 0.632739 
0.920907 3.46859 0.708425 
1.26411 4.48331 0.278422 
1.59379 3.44018 1.28725 
1.88168 3.43194 1.03003 
0.874811 3.7312 1.277 
1.20922 4.44942 0.305962 
0.928492 3.86366 0.281385 
1.87684 3.42211 1.05844 
0.910473 3.6845 1.2745 
0.88678 4.44976 1.28931 
