-1.87198 0.335511 0.197787 
-2.72932 0.630888 0.194776 
-1.78333 0.235518 3.17844 
-1.80066 -0.37379 0.38023 
-1.79527 -0.383113 0.376393 
-2.16483 -0.366516 0.195467 
-2.32943 0.665442 0.187697 
-2.7948 -0.359986 1.04072 
-2.83023 0.65395 1.08633 
-1.78926 0.0425139 2.21353 
-2.84565 0.376014 0.197631 
-1.74643 0.20796 2.21597 
-1.78243 -0.374496 0.794974 
-2.40199 -0.346344 1.20314 
-2.66751 0.669997 0.152431 
-2.76135 -0.360132 0.202604 
-2.77583 -0.207252 0.171782 
-1.79383 0.211455 3.09404 
-2.26998 0.607306 0.204728 
-1.95278 0.621026 0.186214 
-1.77831 -0.249987 3.19887 
-0.812939 -0.108823 2.21639 
-2.78232 -0.384658 0.87637 
-2.8746 0.151571 0.16912 
-2.77318 -0.219544 0.201395 
-1.88108 0.663335 1.19027 
-2.24077 0.679954 0.182088 
-1.77311 0.63083 1.04508 
-0.789378 -0.676759 3.22293 
-1.85792 0.663578 1.0927 
-1.71352 0.2484 0.201894 
0.529229 -0.330551 0.76152 
-2.59011 0.615078 0.203415 
-2.00858 -0.402076 0.225099 
-1.81939 -0.0288398 0.182344 
-1.78742 0.435411 1.20544 
-1.79782 0.629937 0.867934 
-2.16602 0.618764 1.20341 
-1.84875 0.224123 0.199382 
-1.79291 0.163025 2.20495 
0.547619 0.377607 -0.22816 
-1.7892 -0.788508 3.06202 
-1.83145 -0.100488 0.191467 
-2.77805 0.471938 0.192229 
-2.72122 0.617369 0.198645 
-1.42307 -0.789726 2.21665 
-2.77471 0.381231 0.19759 
-2.78582 -0.375709 0.94364 
-1.78638 0.124712 0.201705 
-2.84306 0.391828 0.189793 
-2.78449 0.520385 1.18103 
-1.78883 -0.0544145 2.20684 
-2.1045 -0.363526 0.169119 
-1.75174 0.591756 0.519713 
-0.784836 0.208492 2.80014 
-1.64487 0.573197 0.833278 
-2.87674 0.318256 1.19772 
-1.75506 -0.370734 0.878183 
-0.854366 0.20987 2.23055 
-1.70797 0.175439 0.227165 
-2.81374 0.2959 1.20014 
-2.77184 0.640792 0.212197 
-2.41364 -0.39054 1.21017 
