5.73091 -3.81956 2.04297 
5.92196 -2.79392 2.87508 
5.90516 -3.41279 3.05127 
5.88619 -2.80232 2.44942 
5.94482 -3.70374 3.08643 
5.57486 -3.78148 3.01547 
5.86217 -3.17884 3.02056 
4.90082 -2.82858 2.58954 
4.89415 -3.33857 3.01989 
4.95684 -3.84416 2.11087 
5.23986 -2.80314 2.026 
4.8958 -3.15105 3.04803 
5.83837 -2.7699 2.52573 
4.82574 -3.37002 3.02082 
4.77648 -3.76379 2.29665 
5.90573 -2.80808 2.43568 
5.83287 -3.55645 3.00401 
5.11807 -3.78467 2.02733 
5.93294 -3.81399 2.50296 
4.9247 -3.83994 2.77378 
5.02566 -2.84703 2.06786 
4.97501 -2.82306 2.03399 
4.92795 -3.53043 3.02521 
5.84664 -3.07025 2.03898 
5.89567 -2.80062 2.4076 
5.93951 -3.71047 3.03478 
4.83799 -3.16078 3.00661 
4.86939 -3.19108 2.05888 
5.89714 -3.69746 3.02581 
5.57646 -2.82166 3.04294 
5.21406 -3.82484 2.02157 
5.86039 -3.68937 3.03019 
4.84395 -3.65544 2.02121 
4.97224 -3.10828 3.06102 
4.9104 -3.80638 2.63981 
5.21288 -3.8069 2.05076 
5.79342 -2.79477 2.0045 
5.82524 -3.59449 3.03007 
4.78981 -3.75038 1.98526 
4.8425 -3.77828 2.77644 
5.91565 -2.98282 2.05117 
5.9 -2.82337 2.56768 
5.20281 -3.79019 3.0459 
5.91915 -2.81473 2.69574 
4.8904 -3.79791 2.80973 
5.35637 -2.80126 3.0278 
5.14177 -3.79643 2.02215 
5.98252 -3.37379 3.0796 
5.89963 -3.29924 2.04665 
5.83751 -3.79615 2.38851 
5.90314 -2.87284 3.04214 
4.84082 -3.80789 2.37996 
4.87805 -3.43482 2.03715 
