-0.133103	-1.76976	-1.98525	 0
-0.12155	-1.76347	-1.00096	 0
2.1793	-0.360313	-0.41706	 0
0.18275	-0.573227	0.332625	 0
0.0893336	-0.46368	0.897475	 0
-0.437886	-0.589748	0.915822	 0
-0.838033	0.370315	0.790049	 0
-0.870853	-1.76313	-1.03581	 0
-0.731936	-0.659379	0.880088	 0
-0.179627	0.845463	4.01735	 0
-0.582289	0.828591	3.31695	 0
-0.922536	0.159367	0.866308	 0
0.149259	0.151983	-0.139051	 0
0.416369	0.276218	3.0366	 0
0.110102	0.306663	0.173041	 0
0.112703	-0.155409	0.880462	 0
-0.863443	-0.307743	0.862315	 0
0.161102	-0.0309967	0.868541	 0
-0.886184	0.302752	-0.120468	 0
-0.863511	0.0692831	0.862032	 0
0.0986994	-0.633539	-0.107603	 0
-0.868174	0.320436	0.844285	 0
0.112595	-1.77445	-1.99459	 0
-0.905148	-0.392442	0.860741	 0
-0.484171	-1.1442	-2.64969	 0
-0.858117	0.328567	0.869087	 0
-0.0583884	-0.733418	0.861593	 0
-0.906326	0.223251	0.891538	 0
-0.783216	-0.126147	-2.85933	 0
0.109426	-0.726139	-0.0809113	 0
-0.838446	-0.231155	-0.164861	 0
-0.820182	-0.597833	0.392622	 0
-0.894221	-0.758412	-1.43937	 0
0.119019	-0.773124	-1.67637	 0
-0.479194	-0.311314	-1.81406	 0
0.424263	-0.143165	3.43317	 0
-0.69412	-1.75524	-1.98056	 0
0.114023	-0.603216	0.882447	 0
0.143954	0.325337	0.394686	 0
-0.685281	0.327759	-0.14017	 0
0.119404	0.0756754	-0.110739	 0
-0.907336	0.276645	0.0829874	 0
-0.0352905	0.369658	-0.114395	 0
0.115687	-0.768381	-1.1438	 0
-0.885145	-1.32139	-1.00856	 0
-0.297412	-0.649594	0.91607	 0
-0.851352	0.170416	-0.102812	 0
-0.366488	-0.620782	-0.138359	 0
-0.847254	-0.67045	0.867684	 0
-0.880245	-1.31187	-1.99559	 0
0.137777	-0.604317	0.879121	 0
0.1243	-0.0577486	-0.128908	 0
-0.420624	-0.682736	-0.109826	 0
-0.900821	0.199563	-0.131778	 0
-0.888338	-0.693311	0.0797777	 0
0.103604	0.267105	0.424854	 0
0.12798	-0.283428	0.903677	 0
-0.8817	-1.1107	-1.99659	 0
-0.603703	-1.76801	-0.969253	 0
-0.908015	0.308604	0.279898	 0
0.106259	-0.728115	0.799017	 0
0.161935	-0.350392	-0.131116	 0
0.13622	-0.155205	-0.124094	 0
0.161266	0.396222	0.884448	 0
-0.885103	-1.27085	-2.0152	 0
0.146559	-0.614748	0.473772	 0
-0.832302	-0.356749	0.882828	 0
-0.578211	0.434051	3.07334	 0
-0.865989	0.0320435	-0.130546	 0
-0.138177	-0.68544	0.880689	 0
0.142987	-0.100303	0.876451	 0
-0.105321	-0.156538	4.0563	 0
-0.888201	-0.429394	-0.123873	 0
0.144061	0.309272	0.300031	 0
0.12057	-1.35101	-0.97038	 0
0.362323	-0.144884	3.06806	 0
-0.025262	-0.611181	-0.112977	 0
-0.875747	-0.414572	0.877835	 0
0.13979	0.378636	0.379329	 0
0.147618	-0.254836	0.876961	 0
0.124409	-0.467931	-0.107411	 0
-0.338701	-1.76241	-1.99474	 0
0.089833	-0.20771	0.896857	 0
-0.869885	0.344835	0.644304	 0
0.15253	-0.327685	-0.148176	 0
-0.374716	-0.594087	0.91876	 0
-0.183613	0.341899	0.881689	 0
-0.161308	-0.171085	3.08977	 0
-0.156747	-0.623577	-0.115501	 0
-0.84463	-0.598762	0.88107	 0
0.407419	-0.132235	3.22491	 0
-1.00522	-1.11398	-2.83539	 0
-0.835843	0.384721	0.502035	 0
0.119258	-1.42779	-1.992	 0
0.123111	0.306819	-0.129414	 0
0.110619	0.345451	-0.00654813	 0
-0.553684	-0.586176	0.882673	 0
0.095859	-1.75665	-1.00244	 0
-0.889611	0.269096	-0.146245	 0
-0.862516	-0.455274	0.886798	 0
-0.192242	-0.621105	0.871078	 0
-0.867263	-0.681766	0.88341	 0
0.142233	-0.131806	0.846552	 0
-0.355826	0.315141	0.886602	 0
0.41208	0.722672	4.02197	 0
-0.206856	-0.744925	-0.137576	 0
0.12266	-0.234357	-0.112199	 0
-0.846015	0.352212	0.560151	 0
0.030879	-3.16683	3.3124	 1
0.0430937	-3.52432	3.62491	 1
0.03616	-3.16157	3.47611	 1
0.037838	-4.01829	2.60393	 1
-0.52938	-4.17015	3.60738	 1
-0.424892	-4.16266	3.60825	 1
-0.720273	-4.14823	2.59826	 1
-0.932172	-3.15941	3.55889	 1
0.0186832	-4.16445	3.56601	 1
-0.296409	-4.16992	3.61237	 1
-0.81546	-4.15736	2.60785	 1
-0.934472	-3.78723	2.59141	 1
-0.955128	-4.19811	3.58079	 1
0.021823	-3.15023	2.8657	 1
0.0355076	-3.19189	2.62228	 1
0.0372774	-3.2008	2.59908	 1
-0.127292	-3.18782	2.62472	 1
3.05796	-0.371843	0.149575	 2
2.35952	-0.356883	0.589238	 2
3.06269	-1.3384	-0.150543	 2
2.24734	-0.337325	-0.437367	 2
3.05106	-0.342617	0.474748	 2
2.92077	-1.36937	0.597366	 2
2.79159	-1.36773	-0.433812	 2
2.12619	-0.977316	-0.427047	 2
2.05162	-0.50012	-0.427366	 2
2.06462	-1.31766	0.573383	 2
3.06109	-0.824882	-0.435151	 2
2.06517	-0.373366	0.232173	 2
2.09617	-1.3706	-0.272024	 2
2.48748	-1.34959	-0.419083	 2
2.29805	0.136732	0.574917	 2
1.59968	0.658406	1.52676	 2
2.28587	0.341404	1.5421	 2
3.09212	-0.52298	0.587256	 2
2.0429	-0.350936	-0.0302426	 2
3.06899	-1.35642	-0.355048	 2
1.30496	0.510262	1.57285	 2
3.11938	-0.962572	-0.428306	 2
3.06457	-0.842415	-0.424013	 2
2.5457	-1.37489	0.592514	 2
3.05807	-1.36884	0.289324	 2
2.06136	-0.370788	-0.0851425	 2
2.03283	-1.34002	-0.1087	 2
2.2972	-0.335705	-0.444224	 2
3.05822	-0.554883	-0.411395	 2
2.96337	-1.35694	0.564271	 2
2.10938	-1.39327	-0.034878	 2
2.04069	-1.20291	-0.405621	 2
3.08058	-1.19592	0.555136	 2
3.07965	-1.37804	0.246283	 2
2.52759	-1.36789	0.571838	 2
2.06576	-0.959362	0.579356	 2
3.01021	-1.29414	-0.417185	 2
3.05416	-0.344143	-0.309761	 2
3.07979	-0.382756	0.528407	 2
3.07375	-1.30574	-0.43539	 2
2.08553	-0.956381	0.582031	 2
2.58928	-0.38646	-0.413292	 2
3.03814	-0.776928	-0.432609	 2
2.09508	-1.36805	0.2577	 2
3.08681	-0.719283	-0.431355	 2
3.08253	-1.0187	0.570045	 2
2.83657	-0.373529	0.562662	 2
2.63409	-1.3816	0.557875	 2
2.26281	-0.389434	0.57103	 2
2.13247	-0.354711	0.559917	 2
2.31482	-0.315682	0.533498	 2
2.07492	-1.34244	-0.0606798	 2
2.76129	-0.344052	0.560766	 2
3.03648	-1.35198	0.421351	 2
2.75848	-0.368407	0.577877	 2
2.07561	-1.37953	0.0196945	 2
3.05499	-0.92901	-0.446232	 2
2.09346	-0.933845	0.59148	 2
3.08235	-0.534778	0.560996	 2
2.03773	-1.14624	0.578491	 2
2.84058	-0.379789	0.556211	 2
3.08184	-0.745234	0.55999	 2
2.96469	-1.34898	-0.430339	 2
3.07107	-0.354349	-0.418772	 2
2.355	-1.40354	0.596645	 2
2.07448	-1.12911	0.580338	 2
2.72924	-1.39295	0.593797	 2
2.08288	-0.38436	0.313552	 2
2.86802	-0.359129	0.585289	 2
2.04723	-1.35364	0.235794	 2
3.04912	-1.02586	0.585094	 2
2.92737	-0.359366	0.576235	 2
3.08514	-0.96404	0.567691	 2
2.471	-0.362693	0.595687	 2
2.06992	-1.35549	-0.397615	 2
