3.05796 -0.371843 0.149575 
2.35952 -0.356883 0.589238 
3.06269 -1.3384 -0.150543 
2.24734 -0.337325 -0.437367 
3.05106 -0.342617 0.474748 
2.92077 -1.36937 0.597366 
2.79159 -1.36773 -0.433812 
2.12619 -0.977316 -0.427047 
2.05162 -0.50012 -0.427366 
2.06462 -1.31766 0.573383 
3.06109 -0.824882 -0.435151 
2.06517 -0.373366 0.232173 
2.09617 -1.3706 -0.272024 
2.48748 -1.34959 -0.419083 
2.29805 0.136732 0.574917 
1.59968 0.658406 1.52676 
2.28587 0.341404 1.5421 
3.09212 -0.52298 0.587256 
2.0429 -0.350936 -0.0302426 
3.06899 -1.35642 -0.355048 
1.30496 0.510262 1.57285 
3.11938 -0.962572 -0.428306 
3.06457 -0.842415 -0.424013 
2.5457 -1.37489 0.592514 
3.05807 -1.36884 0.289324 
2.06136 -0.370788 -0.0851425 
2.03283 -1.34002 -0.1087 
2.2972 -0.335705 -0.444224 
3.05822 -0.554883 -0.411395 
2.96337 -1.35694 0.564271 
2.10938 -1.39327 -0.034878 
2.04069 -1.20291 -0.405621 
3.08058 -1.19592 0.555136 
3.07965 -1.37804 0.246283 
2.52759 -1.36789 0.571838 
2.06576 -0.959362 0.579356 
3.01021 -1.29414 -0.417185 
3.05416 -0.344143 -0.309761 
3.07979 -0.382756 0.528407 
3.07375 -1.30574 -0.43539 
2.08553 -0.956381 0.582031 
2.58928 -0.38646 -0.413292 
3.03814 -0.776928 -0.432609 
2.09508 -1.36805 0.2577 
3.08681 -0.719283 -0.431355 
3.08253 -1.0187 0.570045 
2.83657 -0.373529 0.562662 
2.63409 -1.3816 0.557875 
2.26281 -0.389434 0.57103 
2.13247 -0.354711 0.559917 
2.31482 -0.315682 0.533498 
2.07492 -1.34244 -0.0606798 
2.76129 -0.344052 0.560766 
3.03648 -1.35198 0.421351 
2.75848 -0.368407 0.577877 
2.07561 -1.37953 0.0196945 
3.05499 -0.92901 -0.446232 
2.09346 -0.933845 0.59148 
3.08235 -0.534778 0.560996 
2.03773 -1.14624 0.578491 
2.84058 -0.379789 0.556211 
3.08184 -0.745234 0.55999 
2.96469 -1.34898 -0.430339 
3.07107 -0.354349 -0.418772 
2.355 -1.40354 0.596645 
2.07448 -1.12911 0.580338 
2.72924 -1.39295 0.593797 
2.08288 -0.38436 0.313552 
2.86802 -0.359129 0.585289 
2.04723 -1.35364 0.235794 
3.04912 -1.02586 0.585094 
2.92737 -0.359366 0.576235 
3.08514 -0.96404 0.567691 
2.471 -0.362693 0.595687 
2.06992 -1.35549 -0.397615 
