1.67751	10.7347	-14.7981	 0
1.97755	10.7706	-14.8244	 0
1.27594	10.0003	-14.2848	 0
2.26519	10.3047	-14.9378	 0
1.26753	10.9837	-14.9116	 0
1.24849	10.999	-14.9146	 0
1.66817	10.9317	-14.0239	 0
2.23527	10.1463	-14.9349	 0
2.03968	10.6456	-13.6754	 0
1.24842	10.5938	-15.0424	 0
2.1266	10.9019	-14.0075	 0
1.71859	10.9433	-14.0687	 0
1.25957	10.8037	-14.6377	 0
1.24373	9.76104	-14.6159	 0
1.23503	9.99083	-14.8575	 0
2.27985	10.9129	-14.4498	 0
2.25206	10.3899	-14.597	 0
2.17819	10.9851	-15.1285	 0
1.99211	9.85902	-14.9729	 0
1.23467	10.7177	-14.3042	 0
1.24934	9.96312	-14.052	 0
1.2905	10.5357	-14.338	 0
1.27961	11.1588	-14.6517	 0
2.26856	10.6478	-14.6547	 0
1.97997	10.8279	-13.9381	 0
2.26061	10.8961	-15.0562	 0
2.25968	9.76593	-14.4905	 0
2.26438	10.597	-13.9378	 0
2.2595	9.93987	-14.4654	 0
2.22151	9.85554	-13.9233	 0
1.25301	9.84398	-14.5437	 0
1.63742	9.87881	-15.0005	 0
2.25855	9.7604	-14.6313	 0
2.00367	10.5631	-13.5356	 0
1.2532	11.074	-14.6364	 0
1.26408	9.90739	-14.3399	 0
1.54322	10.8897	-13.9942	 0
1.24358	9.8491	-14.8208	 0
2.26658	10.85	-13.9322	 0
1.23476	10.0347	-14.7334	 0
2.24248	10.5175	-13.8095	 0
1.91535	10.7269	-13.7621	 0
2.25631	10.3366	-14.2538	 0
1.30348	10.0017	-14.1603	 0
2.23757	10.3954	-14.8791	 0
1.74408	9.79741	-14.884	 0
1.26542	10.0808	-15.198	 0
1.2524	10.2956	-14.1366	 0
1.25674	10.8218	-14.5256	 0
2.25778	9.92696	-15.0196	 0
1.53917	10.724	-13.7554	 0
2.27947	10.0696	-14.0445	 0
1.77746	9.61837	-13.6044	 0
2.26587	10.6261	-14.0834	 0
2.25736	10.586	-13.6889	 0
2.23048	10.0458	-13.7773	 0
2.25649	10.1806	-13.8526	 0
1.24642	10.0856	-14.9452	 0
2.25618	9.86038	-13.8954	 0
2.25771	10.3509	-14.8681	 0
2.25051	10.7909	-14.8435	 0
1.24973	9.8965	-14.77	 0
1.95936	10.8378	-14.9084	 0
1.26596	10.6941	-14.3506	 0
1.70237	9.92752	-14.0325	 0
1.26612	9.72228	-14.4837	 0
1.50434	10.6813	-13.7237	 0
1.90624	9.53367	-14.5186	 0
2.26269	10.7836	-14.0537	 0
2.24366	10.734	-14.9648	 0
2.26043	11.0105	-14.2658	 0
1.23165	9.69061	-13.7403	 0
2.25885	10.3954	-15.1827	 0
1.44277	9.78928	-13.8726	 0
1.33947	10.6438	-14.6314	 0
1.90496	10.9785	-15.1351	 0
1.27255	10.3728	-15.308	 0
1.28571	10.7596	-13.8188	 0
1.47877	10.0269	-15.1345	 0
2.25759	10.3013	-14.2828	 0
2.26382	10.6612	-14.9689	 0
2.26434	10.7125	-14.328	 0
2.25826	9.81656	-14.878	 0
1.24832	10.1325	-14.5574	 0
1.26576	10.6701	-14.9397	 0
1.49201	10.9687	-14.1183	 0
2.19521	9.70989	-13.7478	 0
1.77947	10.7175	-13.7606	 0
2.2515	9.83691	-13.5288	 0
0.747814	2.90901	-5.79366	 1
0.745082	2.93906	-5.76568	 1
-0.165544	2.9027	-6.24746	 1
0.752041	2.01203	-6.30016	 1
-0.251078	2.6243	-6.32273	 1
0.745474	2.02923	-6.29706	 1
0.759197	2.33819	-6.31475	 1
-0.250134	1.92457	-6.03143	 1
0.463828	1.90965	-6.26695	 1
0.740509	2.08224	-5.29743	 1
-0.240604	1.91331	-5.54601	 1
0.746833	2.66097	-5.31093	 1
-0.232833	2.86743	-6.33123	 1
0.557941	2.90336	-5.2333	 1
0.331866	2.91543	-5.31044	 1
-0.260887	2.93412	-5.43472	 1
-0.0195625	1.91561	-6.31408	 1
-0.101186	1.91258	-6.24854	 1
0.739258	1.91493	-5.99252	 1
-0.236002	2.90684	-5.5388	 1
0.751157	2.24297	-5.30123	 1
0.75786	2.91821	-5.70383	 1
-0.257906	2.32388	-5.26626	 1
0.755691	2.92855	-6.12569	 1
0.771189	2.91787	-5.38404	 1
-0.233698	1.92276	-6.29363	 1
0.741789	1.92249	-5.91455	 1
0.662571	1.92046	-5.31059	 1
-0.240221	2.35923	-5.29977	 1
0.399833	1.9291	-5.27363	 1
0.778429	2.54094	-5.31209	 1
0.768652	2.02819	-6.29102	 1
0.0950435	1.90726	-5.25346	 1
-0.0203263	2.92579	-5.31531	 1
-0.268326	2.01525	-6.32903	 1
-0.255006	1.92213	-5.7168	 1
0.751472	1.92933	-5.87784	 1
-0.232706	1.91377	-6.21305	 1
0.0622515	1.93771	-6.33671	 1
0.73471	1.92104	-5.99083	 1
-0.147648	2.91932	-6.29763	 1
-0.259311	2.33791	-5.28597	 1
-0.227423	2.39593	-6.21212	 1
0.74924	1.94875	-5.4625	 1
-0.256631	2.93052	-5.69937	 1
-0.184023	1.91701	-6.30578	 1
-0.252101	2.38952	-5.29409	 1
-0.380513	-0.932254	-0.262888	 2
0.312333	0.0797675	-0.595036	 2
-0.674616	-0.127874	-1.2759	 2
-0.678628	0.102728	-0.908809	 2
-0.460915	-0.929645	-1.27403	 2
-0.663047	-0.273462	-0.270389	 2
-0.132838	0.0822031	-1.28092	 2
0.321972	-0.921915	-0.355548	 2
0.335996	-0.921692	-0.865983	 2
-0.660012	-0.483072	-0.285286	 2
0.333597	-0.862845	-0.263771	 2
-0.247528	0.0756493	-1.2688	 2
0.330952	-0.866141	-0.290745	 2
-0.677629	-0.223619	-1.28365	 2
-0.66527	-0.470106	-1.26529	 2
-0.167314	-0.931278	-1.27818	 2
-0.0526567	0.0923652	-0.285412	 2
0.326469	0.0920459	-1.08024	 2
-0.671798	-0.901139	-0.953392	 2
0.333636	-0.439576	-1.28664	 2
-0.217682	-0.912996	-0.26854	 2
0.32475	-0.792502	-0.254344	 2
0.10673	0.0675221	-0.286868	 2
0.350197	-0.931285	-0.881898	 2
-0.404444	-0.936313	-0.27465	 2
0.332114	-0.24787	-0.299997	 2
-0.665515	-0.306304	-1.27093	 2
0.334195	-0.362552	-0.288484	 2
-0.675276	-0.900634	-0.283413	 2
0.335474	-0.922034	-0.557438	 2
-0.676859	-0.698818	-1.29004	 2
0.32668	0.0785772	-0.571595	 2
0.0466969	-0.913244	-0.300773	 2
0.325606	-0.893164	-1.27035	 2
-0.541999	0.0574561	-0.271285	 2
0.311822	-0.797067	-0.274495	 2
-0.130067	0.0915188	-1.28466	 2
0.320202	0.0833651	-1.2774	 2
-0.655572	-0.103304	-0.281991	 2
-0.667346	-0.70177	-1.2812	 2
-0.0130696	-0.89786	-0.279959	 2
0.0285214	-0.918765	-1.2732	 2
0.323864	0.0615152	-0.275108	 2
0.319584	-0.910209	-0.28006	 2
0.222318	0.0718538	-1.27352	 2
-0.661316	0.0903236	-0.450379	 2
-0.669291	-0.48247	-0.283897	 2
-0.682579	-0.930127	-0.724054	 2
0.345516	0.0855406	-0.526967	 2
0.045872	0.0800476	-1.28034	 2
-0.0720089	-0.944064	-1.26306	 2
-0.341167	-0.92229	-0.270191	 2
-0.694352	-0.92022	-0.634228	 2
0.174074	-0.942143	-1.27342	 2
0.178073	0.0882633	-0.270096	 2
0.321781	-0.590132	-0.285843	 2
-0.677413	-0.627053	-0.279413	 2
0.299488	-0.919567	-0.281554	 2
0.33101	0.0758439	-0.618321	 2
-0.680428	-0.126137	-0.289293	 2
-0.669483	-0.185506	-1.28407	 2
-0.667093	-0.918026	-1.27145	 2
-0.428056	0.0743996	-0.276526	 2
0.304179	-0.743771	-1.29244	 2
