-0.380513 -0.932254 -0.262888 
0.312333 0.0797675 -0.595036 
-0.674616 -0.127874 -1.2759 
-0.678628 0.102728 -0.908809 
-0.460915 -0.929645 -1.27403 
-0.663047 -0.273462 -0.270389 
-0.132838 0.0822031 -1.28092 
0.321972 -0.921915 -0.355548 
0.335996 -0.921692 -0.865983 
-0.660012 -0.483072 -0.285286 
0.333597 -0.862845 -0.263771 
-0.247528 0.0756493 -1.2688 
0.330952 -0.866141 -0.290745 
-0.677629 -0.223619 -1.28365 
-0.66527 -0.470106 -1.26529 
-0.167314 -0.931278 -1.27818 
-0.0526567 0.0923652 -0.285412 
0.326469 0.0920459 -1.08024 
-0.671798 -0.901139 -0.953392 
0.333636 -0.439576 -1.28664 
-0.217682 -0.912996 -0.26854 
0.32475 -0.792502 -0.254344 
0.10673 0.0675221 -0.286868 
0.350197 -0.931285 -0.881898 
-0.404444 -0.936313 -0.27465 
0.332114 -0.24787 -0.299997 
-0.665515 -0.306304 -1.27093 
0.334195 -0.362552 -0.288484 
-0.675276 -0.900634 -0.283413 
0.335474 -0.922034 -0.557438 
-0.676859 -0.698818 -1.29004 
0.32668 0.0785772 -0.571595 
0.0466969 -0.913244 -0.300773 
0.325606 -0.893164 -1.27035 
-0.541999 0.0574561 -0.271285 
0.311822 -0.797067 -0.274495 
-0.130067 0.0915188 -1.28466 
0.320202 0.0833651 -1.2774 
-0.655572 -0.103304 -0.281991 
-0.667346 -0.70177 -1.2812 
-0.0130696 -0.89786 -0.279959 
0.0285214 -0.918765 -1.2732 
0.323864 0.0615152 -0.275108 
0.319584 -0.910209 -0.28006 
0.222318 0.0718538 -1.27352 
-0.661316 0.0903236 -0.450379 
-0.669291 -0.48247 -0.283897 
-0.682579 -0.930127 -0.724054 
0.345516 0.0855406 -0.526967 
0.045872 0.0800476 -1.28034 
-0.0720089 -0.944064 -1.26306 
-0.341167 -0.92229 -0.270191 
-0.694352 -0.92022 -0.634228 
0.174074 -0.942143 -1.27342 
0.178073 0.0882633 -0.270096 
0.321781 -0.590132 -0.285843 
-0.677413 -0.627053 -0.279413 
0.299488 -0.919567 -0.281554 
0.33101 0.0758439 -0.618321 
-0.680428 -0.126137 -0.289293 
-0.669483 -0.185506 -1.28407 
-0.667093 -0.918026 -1.27145 
-0.428056 0.0743996 -0.276526 
0.304179 -0.743771 -1.29244 
