0.747814 2.90901 -5.79366 
0.745082 2.93906 -5.76568 
-0.165544 2.9027 -6.24746 
0.752041 2.01203 -6.30016 
-0.251078 2.6243 -6.32273 
0.745474 2.02923 -6.29706 
0.759197 2.33819 -6.31475 
-0.250134 1.92457 -6.03143 
0.463828 1.90965 -6.26695 
0.740509 2.08224 -5.29743 
-0.240604 1.91331 -5.54601 
0.746833 2.66097 -5.31093 
-0.232833 2.86743 -6.33123 
0.557941 2.90336 -5.2333 
0.331866 2.91543 -5.31044 
-0.260887 2.93412 -5.43472 
-0.0195625 1.91561 -6.31408 
-0.101186 1.91258 -6.24854 
0.739258 1.91493 -5.99252 
-0.236002 2.90684 -5.5388 
0.751157 2.24297 -5.30123 
0.75786 2.91821 -5.70383 
-0.257906 2.32388 -5.26626 
0.755691 2.92855 -6.12569 
0.771189 2.91787 -5.38404 
-0.233698 1.92276 -6.29363 
0.741789 1.92249 -5.91455 
0.662571 1.92046 -5.31059 
-0.240221 2.35923 -5.29977 
0.399833 1.9291 -5.27363 
0.778429 2.54094 -5.31209 
0.768652 2.02819 -6.29102 
0.0950435 1.90726 -5.25346 
-0.0203263 2.92579 -5.31531 
-0.268326 2.01525 -6.32903 
-0.255006 1.92213 -5.7168 
0.751472 1.92933 -5.87784 
-0.232706 1.91377 -6.21305 
0.0622515 1.93771 -6.33671 
0.73471 1.92104 -5.99083 
-0.147648 2.91932 -6.29763 
-0.259311 2.33791 -5.28597 
-0.227423 2.39593 -6.21212 
0.74924 1.94875 -5.4625 
-0.256631 2.93052 -5.69937 
-0.184023 1.91701 -6.30578 
-0.252101 2.38952 -5.29409 
