-0.524656 -1.63091 -5.54069 
-0.532804 -1.31874 -4.61222 
-0.0948235 -1.62944 -5.60601 
-0.54443 -1.63535 -5.23648 
-0.237931 -1.62984 -4.56961 
0.436954 -0.629415 -5.31917 
0.438956 -0.993189 -4.59232 
0.443228 -0.616476 -4.6675 
0.452312 -1.25497 -4.62542 
-0.0837644 -1.63121 -5.59591 
0.454453 -0.831575 -5.56797 
0.465943 -0.862616 -5.57683 
0.458817 -1.64037 -5.27455 
-0.55887 -0.638648 -5.43509 
0.465242 -1.62446 -5.19421 
-0.00308075 -1.62197 -5.55799 
-0.519981 -0.768895 -5.60922 
-0.474325 -1.64623 -4.60878 
0.439719 -1.62688 -4.83907 
0.453806 -1.11059 -5.58276 
-0.219467 -1.62672 -4.62113 
0.0441398 -1.63361 -5.5738 
-0.546259 -1.63965 -5.47142 
-0.531116 -1.63789 -5.01963 
0.278138 -1.63475 -4.60407 
-0.57159 -0.738678 -4.6092 
0.10131 -0.635254 -5.61447 
-0.000610121 -1.63946 -4.64416 
0.455538 -1.6437 -4.58042 
0.425155 -1.61168 -4.71399 
0.455078 -0.880712 -4.58229 
-0.549209 -1.24038 -5.62931 
0.443672 -0.987456 -5.61824 
0.45594 -0.855945 -4.63347 
0.00386636 -1.62757 -4.602 
-0.535981 -1.07477 -5.6115 
-0.554494 -1.00842 -5.62076 
0.308162 -1.62857 -4.57775 
-0.286547 -0.63483 -4.602 
-0.553869 -1.28399 -4.60831 
0.233849 -1.62727 -5.5505 
0.350561 -0.613612 -5.57653 
-0.538452 -0.93201 -4.59335 
-0.560045 -1.62435 -4.83824 
0.435724 -0.64942 -5.55199 
0.444548 -0.812847 -4.61314 
0.462428 -1.57471 -5.59063 
-0.17754 -1.64058 -4.58365 
0.261007 -0.617987 -4.60395 
-0.562781 -0.719137 -5.60448 
-0.557038 -1.27337 -5.59839 
-0.525093 -0.636594 -5.49509 
-0.560272 -1.63959 -5.26509 
0.0611574 -0.644515 -5.58561 
-0.475 -1.63362 -5.61973 
-0.48186 -0.621144 -5.60364 
0.28393 -0.623214 -5.57352 
-0.547421 -0.714884 -4.58628 
0.44568 -1.64956 -5.44727 
0.366423 -0.626177 -4.60911 
0.0232955 -1.6246 -4.60847 
-0.528271 -1.62741 -4.59164 
-0.551627 -0.771515 -5.61616 
