1 1.06404 4.98964 
1 -3.58046 4.80556 
1 -3.59865 4.67687 
1 -6.69557 4.38738 
1 -6.51765 4.32063 
1 -6.06609 4.1186 
1 -5.38447 3.75099 
1 0.997286 5.25547 
1 -3.62083 4.29609 
1 1.07668 5.0713 
1 0.674275 6.83261 
1 1.13068 4.41007 
1 1.16747 4.46266 
1 -6.79528 4.48968 
1 0.902252 5.82951 
1 -0.677008 5.50838 
1 -7.37298 4.77615 
1 -3.48303 5.32071 
1 -3.35999 6.42371 
1 -6.17309 4.17958 
1 -5.90143 4.03377 
1 1.34989 3.69096 
1 -3.29752 6.66817 
1 -6.55447 4.37761 
1 -5.59695 3.87803 
1 -5.3416 3.74647 
1 -3.46405 5.27735 
1 -5.81587 3.9552 
1 -6.32423 4.24131 
1 -6.73226 4.43322 
1 -0.652695 5.17389 
1 1.09786 4.72092 
1 1.10837 4.63163 
1 1.2602 4.10315 
1 -3.77239 3.20003 
1 -5.5702 3.85841 
