1 -0.095877 1.06649 
1 -3.89151 2.57111 
1 -0.482771 1.23675 
1 4.30159 -1.21546 
1 2.56616 -2.00429 
1 1.89802 0.967785 
1 1.76335 1.67517 
1 2.49484 -0.303177 
1 1.22224 0.359928 
1 -0.310427 1.1432 
1 -3.97108 1.80259 
1 -4.29092 -0.611794 
1 3.11334 -0.610425 
1 10.1899 -4.24911 
1 7.78459 0.72039 
1 6.25919 -2.20287 
1 0.940012 0.525671 
1 -3.92109 2.5249 
1 1.74291 1.74061 
1 -4.29168 -0.329117 
1 2.01131 0.342023 
1 -4.05765 1.07294 
1 2.23726 -0.559241 
1 3.80579 -0.972563 
1 -3.86173 2.38739 
1 -4.18073 0.451522 
1 0.190347 0.783319 
1 1.8472 1.33194 
1 -1.5329 1.78926 
1 -4.15722 0.314561 
1 -2.49696 2.25467 
1 2.14383 -0.109616 
1 -2.05607 2.05088 
1 -1.79727 1.90019 
1 2.87757 -0.47306 
1 -2.09169 2.03923 
1 -4.28626 -0.489734 
1 1.93448 -0.00593177 
1 -4.16296 0.600231 
1 3.32887 -0.703803 
1 2.42142 -1.62901 
1 -1.60558 1.81634 
1 9.53849 -3.88573 
1 1.12422 0.421407 
1 3.14903 -0.60741 
1 2.01638 0.478876 
1 4.61875 -1.37936 
