1 -4.43428 -1.66941 
1 2.0216 -0.0460933 
1 9.53213 -3.87975 
1 2.59999 -2.25368 
1 2.73526 -3.01553 
1 -4.56073 -2.34812 
1 -4.49473 -2.17865 
1 -5.78307 -3.99831 
1 -4.52516 -2.52895 
1 -4.48503 -1.58842 
1 7.47294 -2.84277 
1 7.2791 -2.73779 
1 -9.34243 -5.24286 
1 -4.79042 -4.11789 
1 -4.47514 -2.19027 
1 -4.71281 -3.58422 
1 -4.42042 -1.98362 
1 8.48872 -3.33755 
1 2.71641 -2.94591 
1 5.58116 -1.88278 
1 9.30238 -3.78449 
1 4.60125 -1.36968 
1 0.7201 -2.31525 
1 -4.52658 -2.34572 
1 -7.15358 -4.52251 
1 -4.46103 -1.31523 
1 8.90902 -3.58219 
1 5.99906 -2.04841 
1 2.78909 -3.14366 
1 6.77354 -2.47595 
1 4.01328 -1.08024 
