1 0.0909899 9.51634 
1 -4.91583 -4.58271 
1 -5.2453 -7.60652 
1 -5.349 -8.41057 
1 -5.26846 -7.74283 
1 -2.36835 2.22388 
1 -4.90846 -4.97791 
1 -5.34617 -8.49845 
1 -5.17435 -7.38232 
1 -4.78859 -3.99123 
1 -5.34109 -8.3269 
1 -4.4171 -1.28253 
1 -4.84351 -4.78695 
1 -0.95376 7.01963 
1 -5.36092 -7.83263 
1 -5.37389 -8.33339 
1 -4.85116 -4.52207 
1 0.0290584 9.88036 
1 -0.0827753 10.3226 
1 -5.01293 -5.6523 
1 -4.84104 -4.93248 
1 -5.34835 -8.37348 
1 -4.57503 -2.51775 
1 -4.77322 -4.15043 
1 -4.86353 -4.55694 
1 -5.08267 -6.21085 
1 -5.12256 -6.3859 
1 -5.43941 -9.02362 
1 0.136451 9.35417 
1 -4.93832 -5.08629 
1 -0.0147176 10.0806 
1 -5.54779 -9.94677 
1 -5.31176 -7.82092 
1 -5.07242 -6.1666 
1 -1.14646 8.24619 
1 -5.43619 -9.24295 
