1 5.5599 -2.6055 
1 1.80282 -1.64182 
1 3.27503 -2.19508 
1 7.73164 -3.83067 
1 6.99249 -3.53042 
1 9.90821 -4.65041 
1 1.40885 -0.334304 
1 10.309 -5.34868 
1 9.03689 -4.28074 
1 9.24343 -4.70689 
1 5.08087 -2.36418 
1 0.788635 -1.46121 
1 4.57422 -0.793725 
1 1.43721 -1.34266 
1 6.61295 -3.40524 
1 2.25141 -1.78538 
1 7.30163 -3.6063 
1 1.78879 -1.62512 
1 2.4382 -0.866913 
1 3.13687 -1.25733 
1 7.16902 -3.51998 
1 6.41862 -3.14388 
1 3.18739 -2.156 
1 1.62158 -0.480614 
1 4.55229 -2.67052 
1 7.84592 -3.89451 
1 2.78005 -1.13354 
1 -4.83387 -3.16317 
1 3.18591 -1.27685 
1 -2.52553 -1.99014 
1 -3.79448 -2.19614 
1 7.77815 -3.92648 
1 2.32317 -1.86214 
1 6.09697 -2.97797 
1 7.81079 -3.8446 
1 -1.78624 -1.86784 
1 9.56487 -4.86254 
1 4.27695 -1.92096 
1 2.17341 -1.7715 
1 4.60066 -3.40807 
1 8.77356 -4.3889 
1 4.0556 -1.81632 
1 2.01192 -1.73579 
1 -4.53235 -2.35493 
1 7.52428 -3.75271 
1 8.29175 -4.16762 
1 7.07767 -3.59138 
1 0.860885 -1.41253 
1 8.10526 -4.12339 
1 -2.14656 -1.93165 
1 10.13 -5.19105 
1 5.51769 -2.54468 
1 2.23413 -0.748558 
1 6.5365 -3.2373 
1 7.9193 -3.95406 
1 -3.63805 -2.18934 
1 -3.59208 -2.19617 
1 7.00626 -3.39876 
1 1.73009 -0.497039 
1 0.977788 -1.41483 
1 2.3107 -1.85874 
1 -0.120565 -1.59917 
1 -8.22744 1.99278 
1 6.01805 -2.90864 
1 3.52792 -0.907661 
1 0.556216 -1.18578 
1 0.33519 -1.09384 
1 4.75161 -2.77514 
1 4.00591 -1.7409 
1 -0.145212 -1.6226 
1 5.84891 -0.59173 
1 6.68955 -3.25216 
1 6.3465 -3.08705 
1 -3.60811 -2.15435 
1 0.161544 -1.5613 
1 -0.310506 -0.849064 
1 9.62855 -4.97486 
1 3.60103 -2.31751 
1 2.79556 -1.11796 
1 -4.10151 -2.27697 
1 9.04614 -4.29616 
1 -8.17562 1.97319 
1 7.29765 -3.68045 
1 4.08602 -1.80328 
1 0.245053 -1.52914 
1 -2.42154 -1.98575 
1 -5.79046 1.14247 
1 6.44633 -3.09947 
