1 2.04889 -0.720458 
1 -1.80838 1.4556 
1 1.0887 -0.153412 
1 1.99128 0.470518 
1 0.816704 -0.132562 
1 1.82786 -0.528362 
1 2.58098 -1.13911 
1 8.36569 -0.180786 
1 1.47038 -0.37255 
1 -4.76213 0.763128 
1 -1.80652 -0.32634 
1 3.04363 -1.26394 
1 7.18762 -0.45631 
1 -7.93059 1.90259 
1 6.67516 2.97754 
1 -6.38483 1.31795 
1 -2.87018 0.0708375 
1 3.56492 1.31682 
1 -3.22037 2.27703 
1 -3.85594 2.64676 
1 -2.25681 -0.176971 
1 0.636336 0.0865225 
1 4.00014 -1.80162 
1 6.34407 2.78105 
1 1.52709 -0.412338 
1 0.0445565 0.47111 
1 6.12811 -0.533485 
1 0.821659 -1.28933 
1 -1.95207 1.57606 
1 -3.33025 0.193712 
1 -2.86679 0.0567483 
1 8.56432 -0.120196 
1 -7.64777 1.84117 
1 -7.06164 1.615 
1 5.03691 -0.721995 
1 0.133761 -0.474968 
1 -7.45369 1.71424 
1 1.13402 -0.147807 
1 0.0338189 0.425271 
1 8.03351 -0.212405 
1 -0.223059 0.599269 
1 -3.81487 0.392754 
1 -2.2462 -0.163879 
1 1.57053 -0.404969 
1 4.96663 2.04063 
1 3.98034 1.54412 
1 0.860182 -0.145453 
1 7.33591 -0.348633 
1 6.60392 -0.484321 
1 -2.25661 -0.190416 
1 7.00933 -0.386076 
1 -0.264589 0.592813 
1 -2.38638 -0.107937 
1 5.39477 2.27421 
1 -3.15622 2.22709 
1 -7.20642 1.63162 
1 -3.09298 0.142835 
1 6.59283 -0.45665 
1 -4.91091 3.17943 
1 7.18099 -0.375455 
1 -0.159812 0.579491 
