1 -6.19657 1.27735 
1 -6.59355 4.17174 
1 2.04889 -0.720458 
1 -4.19751 2.74264 
1 -1.80838 1.4556 
1 1.0887 -0.153412 
1 1.99128 0.470518 
1 0.816704 -0.132562 
1 -4.33594 2.866 
1 -5.91659 3.83372 
1 8.36569 -0.180786 
1 -4.76213 0.763128 
1 7.18762 -0.45631 
1 -7.93059 1.90259 
1 6.67516 2.97754 
1 -6.38483 1.31795 
1 -2.87018 0.0708375 
1 3.56492 1.31682 
1 -3.22037 2.27703 
1 -3.85594 2.64676 
1 -2.25681 -0.176971 
1 -4.75913 3.13309 
1 4.00014 -1.80162 
1 6.34407 2.78105 
1 -4.2886 2.85527 
1 0.0445565 0.47111 
1 -5.03387 3.29825 
1 6.12811 -0.533485 
1 1.31234 -1.36178 
1 -1.95207 1.57606 
1 -6.4671 4.10079 
1 -5.36086 3.40933 
1 -3.33025 0.193712 
1 -2.86679 0.0567483 
1 8.56432 -0.120196 
1 0.860885 -1.41253 
1 -7.64777 1.84117 
1 -7.06164 1.615 
1 0.133761 -0.474968 
1 -7.45369 1.71424 
1 0.392395 0.238606 
1 0.0338189 0.425271 
1 8.03351 -0.212405 
1 -8.22744 1.99278 
1 -0.223059 0.599269 
1 -4.62032 3.03036 
1 -0.506186 0.742915 
1 -5.94757 3.80211 
1 -5.22186 3.36825 
1 -2.2462 -0.163879 
1 4.96663 2.04063 
1 -4.02036 2.73214 
1 -2.65477 1.94662 
1 3.52792 -0.907661 
1 3.98034 1.54412 
1 0.33519 -1.09384 
1 -6.07872 3.89781 
1 7.33591 -0.348633 
1 6.60392 -0.484321 
1 -2.99145 2.13887 
1 5.84891 -0.59173 
1 7.00933 -0.386076 
1 -0.264589 0.592813 
1 -5.79839 3.6938 
1 5.39477 2.27421 
1 -3.15622 2.22709 
1 -7.20642 1.63162 
1 6.59283 -0.45665 
1 -4.91091 3.17943 
1 -5.03991 3.27807 
1 -6.16581 3.94653 
1 7.18099 -0.375455 
1 2.79556 -1.11796 
1 -3.70253 2.51595 
1 -0.159812 0.579491 
1 -8.17562 1.97319 
1 -6.69661 4.22203 
