1 5.90564 3.25512 
1 -4.13553 -3.70288 
1 -9.00689 -5.64942 
1 0.0194379 0.158221 
1 1.46908 0.586208 
1 2.71123 1.2853 
1 -5.93856 -3.8293 
1 2.65265 1.28125 
1 2.44302 0.237817 
1 -7.35708 -4.70248 
1 -0.901966 -2.23095 
1 -2.67261 -2.31025 
1 5.95825 5.62537 
1 -8.75384 -5.54351 
1 -8.42031 -5.3301 
1 5.79031 3.16186 
1 -3.92846 -3.5355 
1 -6.92836 -4.44148 
1 4.51825 2.3952 
1 2.53482 1.24756 
1 5.66972 3.08574 
1 0.617091 0.0306438 
1 -5.39227 -3.51578 
1 -2.26523 -1.61864 
1 -1.34819 -1.0798 
1 0.211075 -0.19913 
1 -5.93132 -5.29317 
1 0.0596169 -0.267684 
1 0.914845 1.11483 
1 -4.88417 -3.19821 
1 0.525676 1.51985 
1 -2.12734 -1.81189 
1 -8.91227 -5.6272 
1 -5.98966 -5.4586 
1 3.44908 1.72999 
1 1.33579 0.519073 
1 2.45549 1.15517 
1 4.88052 2.61993 
1 -0.482143 -0.556838 
1 4.87016 2.60158 
1 0.264645 0.394632 
1 -1.83632 -0.713963 
1 6.73831 3.70754 
1 3.35066 1.65447 
1 3.37224 1.65398 
1 -1.02185 -2.01536 
1 0.813284 0.207149 
1 -0.292737 -0.529497 
1 1.13716 1.22417 
1 -3.63437 -2.44339 
1 -9.63385 -6.05747 
