1 -5.95295 -3.8922 
1 -6.16311 -3.99438 
1 -4.50436 -3.01889 
1 -8.40534 -5.27322 
1 -6.58052 -4.29612 
1 5.76518 5.54196 
1 8.13436 7.77157 
1 6.0017 5.76177 
1 6.59764 6.3383 
1 7.17119 6.85936 
1 3.42894 5.51952 
1 -1.55628 -1.1934 
1 3.82465 3.78306 
1 7.84928 7.54272 
1 6.58485 6.28483 
1 -7.82213 -5.0209 
1 5.00766 4.86456 
1 2.815 2.76805 
1 0.45202 -0.0706861 
1 -9.08129 -5.71181 
1 7.14915 6.78522 
1 4.97471 4.88099 
1 -1.34433 -1.52272 
1 -3.21505 -2.84025 
1 5.93534 5.7325 
1 5.79935 5.64553 
1 -5.59948 -3.69021 
1 -3.5985 -3.14198 
1 -9.00778 -5.73155 
1 -2.0815 -1.51496 
1 7.44014 7.07786 
1 3.83782 3.74499 
1 -6.83926 -4.41994 
1 4.89719 4.73468 
1 3.77717 3.72192 
