1 5.90564 3.25512 
1 -4.13553 -3.70288 
1 -9.00689 -5.64942 
1 1.46908 0.586208 
1 -8.40534 -5.27322 
1 2.71123 1.2853 
1 2.65265 1.28125 
1 2.44302 0.237817 
1 -1.29212 -1.09833 
1 5.79031 3.16186 
1 0.45202 -0.0706861 
1 -3.92846 -3.5355 
1 -9.08129 -5.71181 
1 4.51825 2.3952 
1 5.66972 3.08574 
1 0.617091 0.0306438 
1 5.49575 0.378368 
1 -2.12734 -1.81189 
1 -8.91227 -5.6272 
1 -5.98966 -5.4586 
1 3.44908 1.72999 
1 1.33579 0.519073 
1 2.45549 1.15517 
1 4.88052 2.61993 
1 4.87016 2.60158 
1 6.73831 3.70754 
1 -3.63437 -2.44339 
1 -9.63385 -6.05747 
