1 -5.95572 5.36529 
1 3.40178 -3.20541 
1 1.54559 -1.48308 
1 -7.0774 6.40791 
1 -7.02328 6.34224 
1 0.118181 -1.42632 
1 -1.59786 1.4017 
1 3.6049 -3.37374 
1 0.581063 -0.620683 
1 -5.32758 4.78889 
1 0.173217 -1.37652 
1 -7.3784 6.66039 
1 -7.52524 6.77871 
1 -3.94156 3.49297 
1 -0.517271 0.387951 
1 -0.360815 2.29573 
1 4.00083 -3.74099 
1 0.206248 1.02466 
1 2.30461 -2.17993 
1 -7.14172 6.4489 
1 2.98531 -2.80716 
1 3.25971 -3.0655 
1 -6.63214 6.00269 
1 4.08539 -3.83416 
1 0.416008 -0.488238 
1 0.823309 -0.839195 
1 1.60048 -1.56227 
1 3.77526 -3.54222 
1 4.76771 -4.44211 
1 -2.80184 2.49918 
1 -6.92597 6.27271 
1 -4.89897 4.40938 
1 -2.44456 2.15244 
1 -6.43929 5.79242 
1 -4.15793 3.71018 
1 3.7908 -3.56461 
1 -0.296578 0.223276 
1 -1.21869 1.0436 
1 -2.02546 1.76068 
1 1.40137 -1.35741 
1 -7.66915 6.92412 
1 -2.39005 2.10395 
1 -6.13356 5.51457 
1 -3.19474 2.83463 
1 0.131223 -0.204675 
1 -4.14917 3.72318 
1 -3.42469 3.07949 
1 0.124355 -0.736032 
1 6.72632 -6.25661 
1 -3.05822 2.71661 
1 6.5482 -6.05826 
1 -1.44872 1.23993 
1 -1.53417 1.31472 
1 -6.7466 6.08182 
1 -2.4557 2.16403 
1 -7.36862 6.60929 
1 -7.61308 6.87361 
1 0.127343 -0.188995 
1 -0.58057 0.455293 
1 -5.10502 4.59825 
1 -2.52126 2.21223 
1 -3.46977 3.09606 
1 0.142797 -2.942 
1 -0.591124 0.452963 
1 -2.21849 2.92252 
1 4.16253 -3.89559 
1 3.41471 -3.21508 
1 0.203357 -0.469131 
1 4.22879 -3.94994 
1 -7.30159 6.59337 
1 -0.574797 0.456196 
1 0.244607 -0.30099 
1 -1.58787 1.35027 
1 -3.54815 3.1463 
1 0.381347 -0.417929 
1 3.73105 -6.32851 
1 4.10547 -3.84819 
1 -4.30708 3.86115 
1 4.78 -4.44241 
1 -2.76317 2.45809 
1 0.240481 -1.16959 
1 -2.84917 2.53254 
1 3.02921 -2.84651 
1 -0.341736 0.225492 
1 0.738359 -0.753458 
1 -5.72363 5.15715 
1 5.87572 -5.48486 
1 -6.91355 6.24173 
1 -4.96462 4.45869 
1 -5.04284 4.52087 
