1 -4.45346 11.2442 
1 -1.48359 4.36734 
1 -4.4918 11.3875 
1 -4.92836 12.4096 
1 -6.08511 15.0288 
1 0.818773 -0.982319 
1 -6.76195 16.6479 
1 -2.89083 7.62114 
1 -3.54785 9.16333 
1 -4.61062 11.6735 
1 -5.30189 13.2456 
1 -6.41075 15.855 
1 -1.4133 4.20795 
1 0.350013 0.300465 
1 -5.67329 14.1068 
1 -4.58835 11.6125 
1 0.943691 -1.26182 
1 -6.79553 16.7287 
1 -1.02676 3.29317 
1 -6.08675 15.0864 
1 -4.22425 10.725 
1 -4.70674 11.8856 
1 -4.99101 12.4937 
1 -1.18386 3.69426 
1 -3.66031 9.37825 
1 -4.15015 10.5687 
1 -1.41971 4.21708 
1 -2.23943 6.16969 
1 -1.57238 4.58685 
1 -6.49451 16.0281 
1 -5.34927 13.3658 
1 -1.64959 4.71757 
1 -4.82492 12.1473 
1 0.651835 -0.672142 
1 -5.9107 14.6406 
1 -6.50898 16.0701 
1 -0.164023 1.29348 
1 -3.63119 9.32284 
1 -0.36231 1.77163 
1 -2.48354 6.66807 
1 -6.42459 15.8803 
1 -3.05449 8.00912 
1 -2.91755 7.70385 
1 -5.76792 14.3095 
1 -6.26719 15.4562 
1 -1.61191 4.64499 
1 -6.73733 16.5704 
1 -6.7659 16.6613 
1 -1.31227 3.92606 
1 -6.89801 16.9648 
1 -6.57454 16.2665 
1 0.821837 -0.95303 
1 -3.64142 9.37648 
1 -6.18326 15.3209 
1 -6.41632 15.8303 
1 -1.70587 4.8666 
1 -3.6128 9.32217 
1 -6.24893 15.4805 
1 -2.00333 5.5889 
1 0.794287 0.0817203 
1 0.219803 0.356398 
