1 1.57351 0.532834 
1 3.31929 0.865843 
1 6.48984 3.6953 
1 -4.51722 -3.41654 
1 3.4054 1.71271 
1 7.73435 4.47543 
1 -3.12153 -2.51792 
1 -3.0437 -2.47071 
1 5.96074 0.845076 
1 5.66862 3.16433 
1 2.0243 0.833307 
1 7.82753 4.54713 
1 5.57967 3.09223 
1 6.51732 3.68383 
1 -6.20234 -4.51818 
1 7.6027 4.39597 
1 2.32422 0.982343 
1 -1.68325 -1.56735 
1 6.44175 3.66605 
1 -5.94996 -4.3455 
1 6.80276 3.87009 
1 0.380374 -0.271861 
1 2.47409 1.06452 
1 -4.66827 -3.51496 
1 -3.60233 -2.81875 
1 -5.6898 -4.18802 
1 -3.08686 -2.50302 
1 -3.11714 -2.51404 
1 -3.80724 -2.94309 
1 3.82231 1.97454 
1 5.40753 2.99581 
1 -0.628334 -0.889216 
1 2.45133 1.06941 
1 -1.5576 -1.50608 
1 -4.8122 -3.59132 
1 -4.94703 -3.70447 
1 2.31217 0.977176 
1 2.50623 1.10338 
1 2.75842 1.28138 
1 8.03679 4.69856 
1 7.15467 4.12261 
1 5.62882 3.16505 
1 5.53722 3.09241 
1 -6.42884 -4.6573 
1 1.14147 0.218849 
1 7.52599 4.31515 
1 -7.41881 -5.67588 
1 0.0686264 -0.460834 
1 -1.78514 -1.66981 
1 1.23743 0.276484 
1 5.04753 0.416916 
1 -2.03364 -1.82047 
1 -5.76351 -4.22759 
1 2.4646 1.11141 
1 6.46154 1.06696 
1 0.449032 -0.195637 
1 -4.76357 -3.57398 
1 -8.22253 -5.7908 
1 -6.49804 -4.70184 
1 -8.34288 -5.88304 
1 8.02783 4.67997 
1 -4.37204 -3.31613 
1 -3.83939 -2.9741 
1 -2.60282 -1.26526 
1 7.30151 4.19561 
1 -6.07329 -4.40709 
1 3.5073 1.77873 
1 4.82761 2.60029 
1 -6.72258 -4.85616 
1 1.59463 0.520242 
1 -4.58398 -3.45242 
1 0.0675843 -0.442829 
1 -2.83666 -2.30188 
1 -4.53548 -4.24513 
1 -6.88642 -4.92343 
1 -0.704167 -0.964104 
1 -2.79235 -2.33154 
1 -8.02599 -5.70341 
1 -6.90333 -4.95574 
1 -3.91603 -1.75351 
1 -8.04405 -5.68498 
1 -6.02954 -4.36572 
1 -4.71906 -3.55143 
1 -3.40976 -2.71844 
1 1.67753 0.593788 
1 4.94003 1.48673 
1 -5.63083 -4.14715 
1 7.65718 1.69402 
1 -1.99145 -2.57517 
1 2.52492 1.10862 
1 -0.713131 -0.967465 
1 2.31824 0.994916 
1 -4.73692 -3.53381 
1 9.11552 2.4015 
1 4.04983 -0.0720425 
1 8.2897 1.97585 
1 7.31568 4.19875 
1 -1.6717 -1.58093 
1 7.63521 4.42687 
1 8.19252 4.77128 
1 4.39244 2.36166 
1 -3.60649 -2.82466 
1 -7.47487 -5.69091 
1 6.24259 3.51362 
1 -2.69511 -2.22715 
1 -6.11503 -4.42561 
1 -6.00924 -4.39658 
1 5.75986 3.22548 
1 -2.19662 -1.93112 
1 -5.35767 -3.95246 
1 7.66315 2.49113 
1 -6.67567 -5.30291 
1 -7.83135 -5.55082 
1 4.99731 1.51174 
1 -8.26794 -5.83812 
1 5.56118 3.08849 
1 0.813818 0.0403646 
1 6.95699 1.3279 
1 -3.38409 -2.6527 
1 -4.74992 -3.56618 
1 -7.19431 -5.13839 
1 -3.08298 -2.48923 
1 0.138379 -0.40453 
1 8.10657 4.74868 
1 6.81985 3.89735 
1 -5.97363 -4.36599 
1 2.56127 1.15221 
1 -4.68082 -3.52443 
1 -3.88116 -3.02291 
1 0.0219692 -2.0452 
1 1.81422 0.900482 
1 6.46348 3.68472 
1 3.53 1.75374 
1 -2.29166 -3.1537 
1 5.27763 2.88822 
1 3.1181 1.51194 
1 6.04706 3.3614 
1 6.22847 3.49795 
1 4.36688 2.3225 
1 -4.76399 -3.58206 
1 -4.8866 -3.66011 
1 -4.47553 -3.39533 
1 8.0201 4.67226 
1 3.73695 1.89157 
1 -5.99778 -4.96246 
1 1.07671 0.195398 
1 -6.46543 -4.65966 
1 1.78178 -1.17401 
1 1.46035 0.435713 
1 -4.90068 -3.65383 
1 -3.99822 -3.08887 
1 -8.40584 -5.93015 
1 -4.51703 -3.41324 
1 6.03923 3.37914 
1 -5.22451 -3.85984 
1 3.96871 2.05135 
1 3.29343 1.64449 
1 -2.03479 -1.82389 
1 2.27286 0.950268 
1 -5.88246 -4.29353 
1 8.13214 4.74011 
1 1.68937 0.596734 
1 -2.09273 -1.87406 
1 5.58076 3.10185 
1 8.14823 4.7628 
1 7.34468 2.3993 
1 -7.1988 -5.56993 
1 -7.4799 -5.66689 
1 1.84389 0.701159 
1 2.336 1.00754 
1 -0.406844 -0.747112 
1 -1.08431 -1.18506 
1 3.60319 0.986629 
1 6.13335 3.45738 
1 3.58909 1.82388 
1 0.13863 -0.419583 
1 -1.68109 -1.58948 
1 -5.85071 -4.88997 
1 1.09236 -1.50983 
