0.5163804033242647
0.08010352901822576
0.4538313655181702
0.6980879950212486
0.34727161240781
0.1418530130556623
0.1832253192722103
0.34096179250505
0.3339914348157942
0.06422725449735524
0.9002375454699834
0.4327412480881461
0.4057285460012109
0.05343601985554265
0.168070414587175
0.2328253206680341
0
0.4620115724368214
0.2057903676182027
0.5510256790964905
0.09804259263427702
0
0.5632110957923279
0.7754446723152145
0.0450471040882806
0.5333190652722588
0.2442151094739784
0.4697525809425792
0.1993158995406415
0.001532015564146967
0.12494411654985
0.01508345369082597
0.4059801459321448
0.1339921780025139
0.382604648973555
0.04301301117045894
-0.007452436697132381
0.28225364405562
0.2038091875752541
0.2824348269547643
0.3272369315192772
0.6381575320827307
0.263129953857014
0.1813248343519877
0.1238237220441083
0.07785179633737868
0.2855940455122601
0.8110014782930035
0.2153687997166978
0.5678936709113416
0.4764192763841317
0.7098585940572439
0.3687465344773128
0.2347410372675895
0.1807847627370443
0.06111552249893884
0.09453035066963138
-0.005892858080200142
0.9533610584838793
0
0.2191259312748494
0.5848416353416137
0.8923772654907043
0.08056340221982533
0.1547530127716338
0.6634590956994678
0.2377711115325259
0.1643533893008222
0.2272277570600604
0.7339798332138588
0.008723848174648073
0.6655640565456586
0.3412513848876489
0.07987473246785935
-0.01903677751348028
0.6422115586427467
0.6819965768652989
0.5923848745934948
0.02808728557805276
0.1571869079020693
0.09116480134126999
0.2397573500436691
0.2219383685400348
0.365714115970903
0.1732839754218466
0.5031046695059082
0.1821717639459635
0.5964568587961978
0.2946291971524877
0.2183339316146854
0.2628242683738868
0.07779453793082985
0.7262624160285813
0.1287672951078425
0.6026693422666679
0.4867758800996652
0.3836163272635925
0.01843986021423859
0.5384153440127895
0.06608183679883399
