0.5241206030150753
0.02291457286432161
0.4553768844221106
0.6990954773869347
0.3927638190954774
0.2269346733668342
0.1410050251256282
0.3295477386934673
0.3703517587939699
0.06613065326633166
0.9026130653266332
0.76
0.4077386934673367
-0.06572864321608041
0.5058291457286432
0.2325628140703518
0.98
0.4867336683417086
0.2408040201005025
0.5778894472361809
0.2690452261306533
0.98
0.601608040201005
0.8584924623115577
0.114572864321608
0.5332663316582914
0.1347738693467337
0.5263316582914573
0.2645226130653267
-0.08693467336683416
0.03798994974874372
-0.0685427135678392
0.5240201005025126
0.1516582914572864
0.4159798994974874
0.141608040201005
-0.04814070351758794
0.3327638190954774
0.2038190954773869
0.6488442211055276
0.5366834170854271
0.6436180904522613
0.3180904522613066
0.2528643216080402
0.2512562814070352
0.3298492462311558
0.2669346733668342
0.8543718592964824
0.2135678391959799
0.567035175879397
0.4921608040201005
0.7197989949748743
0.4709547738693468
0.3068341708542713
0.2753768844221106
0.08743718592964825
0.03155778894472362
-0.2910552763819095
0.9732663316582915
0.9020100502512562
0.4768844221105528
0.5845226130653266
0.9360804020100503
0.2787939698492462
0.1815075376884422
0.6812060301507538
0.2559798994974875
0.458391959798995
0.2839195979899498
0.7589949748743718
0.07396984924623115
0.6833165829145729
0.3641206030150754
0.08763819095477388
-0.07577889447236182
0.6458291457286433
0.7788944723618091
0.6431155778894473
0.2346733668341709
0.1521608040201005
0.08211055276381909
0.1592964824120603
0.2236180904522613
0.4815075376884422
0.2425125628140704
0.5380904522613066
0.1810050251256281
0.7363819095477387
0.3675376884422111
0.1817085427135678
0.2802010050251256
0.1614070351758794
0.8168844221105528
0.1606030150753769
0.6004020100502513
0.5461306532663317
0.4076381909547739
0.2568844221105528
0.5369849246231155
0.05849246231155779
