0.2379396984924623
0.4885427135678392
0.2723115577889447
0.1504522613065327
0.3036180904522613
0.3865326633165829
0.4294974874371859
0.3352261306532663
0.3148241206030151
0.4669346733668342
0.04869346733668341
0.12
0.2961306532663316
0.5328643216080402
0.2470854271356784
0.3837185929648241
0.01
0.2566331658291457
0.3795979899497487
0.2110552763819095
0.3654773869346734
0.01
0.1991959798994975
0.0707537688442211
0.442713567839196
0.2333668341708543
0.4326130653266332
0.2368341708542714
0.3677386934673367
0.5434673366834171
0.4810050251256281
0.5342713567839196
0.2379899497487437
0.4241708542713568
0.2920100502512563
0.4291959798994975
0.524070351758794
0.3336180904522613
0.3980904522613065
0.1755778894472362
0.2316582914572864
0.1781909547738693
0.3409547738693468
0.3735678391959799
0.3743718592964824
0.3350753768844221
0.3665326633165829
0.0728140703517588
0.3932160804020101
0.2164824120603015
0.2539195979899497
0.1401005025125628
0.2645226130653267
0.3465829145728643
0.3623115577889447
0.4562814070351759
0.4842211055276382
0.6455276381909548
0.01336683417085427
0.04899497487437186
0.2615577889447236
0.2077386934673367
0.03195979899497487
0.3606030150753769
0.4092462311557789
0.1593969849246231
0.3720100502512563
0.2708040201005025
0.3580402010050251
0.1205025125628141
0.4630150753768844
0.1583417085427136
0.3179396984924623
0.4561809045226131
0.5378894472361809
0.1770854271356784
0.1105527638190955
0.1784422110552764
0.3826633165829146
0.4239195979899498
0.4589447236180905
0.4203517587939699
0.3881909547738693
0.2592462311557789
0.3787437185929649
0.2309547738693467
0.4094974874371859
0.1318090452261307
0.3162311557788945
0.4091457286432161
0.3598994974874372
0.4192964824120603
0.09155778894472362
0.4196984924623116
0.1997989949748744
0.2269346733668342
0.2961809045226131
0.3715577889447236
0.2315075376884422
0.4707537688442211
