0.7620603015075377
0.5114572864321608
0.7276884422110553
0.8495477386934673
0.6963819095477387
0.6134673366834171
0.570502512562814
0.6647738693467337
0.6851758793969849
0.5330653266331659
0.9513065326633166
0.88
0.7038693467336683
0.4671356783919598
0.7529145728643216
0.6162814070351759
0.99
0.7433668341708543
0.6204020100502513
0.7889447236180904
0.6345226130653266
0.99
0.8008040201005026
0.9292462311557789
0.557286432160804
0.7666331658291458
0.5673869346733669
0.7631658291457286
0.6322613065326633
0.4565326633165829
0.5189949748743719
0.4657286432160804
0.7620100502512562
0.5758291457286432
0.7079899497487437
0.5708040201005025
0.475929648241206
0.6663819095477387
0.6019095477386934
0.8244221105527638
0.7683417085427136
0.8218090452261306
0.6590452261306533
0.6264321608040201
0.6256281407035176
0.6649246231155779
0.633467336683417
0.9271859296482412
0.6067839195979899
0.7835175879396985
0.7460804020100502
0.8598994974874372
0.7354773869346733
0.6534170854271357
0.6376884422110553
0.5437185929648242
0.5157788944723618
0.3544723618090452
0.9866331658291457
0.9510050251256281
0.7384422110552764
0.7922613065326634
0.9680402010050251
0.6393969849246232
0.5907537688442211
0.8406030150753769
0.6279899497487437
0.7291959798994975
0.6419597989949749
0.8794974874371859
0.5369849246231155
0.8416582914572864
0.6820603015075377
0.5438190954773869
0.4621105527638191
0.8229145728643216
0.8894472361809045
0.8215577889447236
0.6173366834170855
0.5760804020100503
0.5410552763819095
0.5796482412060302
0.6118090452261307
0.7407537688442211
0.6212562814070351
0.7690452261306533
0.5905025125628141
0.8681909547738693
0.6837688442211055
0.5908542713567839
0.6401005025125628
0.5807035175879397
0.9084422110552763
0.5803015075376884
0.8002010050251256
0.7730653266331659
0.703819095477387
0.6284422110552764
0.7684924623115578
0.5292462311557788
