1 -0.898456 0.728519 
1 0.187731 -0.226686 
1 -13.0333 -1.89711 
1 -10.3482 -1.5448 
1 -1.23149 -0.379469 
1 -6.75268 -1.09473 
1 -3.81057 -0.718981 
1 13.6907 2.33104 
1 -1.52513 1.07765 
1 -6.42629 -1.08403 
1 12.3831 3.766 
1 -1.49235 1.03858 
1 -8.91782 -0.458912 
1 -4.27782 1.10293 
1 12.5475 3.35421 
1 12.7468 3.00948 
1 -11.4619 -1.32887 
1 12.7249 3.32443 
1 -5.19356 0.766848 
1 -5.4102 -0.977645 
1 -6.6831 0.275973 
1 -7.18824 -1.17485 
1 -8.78481 -0.405572 
1 13.774 1.76083 
1 -10.8829 -1.11159 
1 -12.5319 -1.69867 
1 12.0102 4.01219 
