1 9.72416 6.75092 
1 -2.46347 1.6507 
1 -6.94488 0.253571 
1 2.41161 3.42529 
1 -6.17686 -1.05937 
1 -10.9221 -1.12168 
1 -5.87424 -1.02707 
1 -8.31981 -0.280297 
1 4.03418 3.91365 
1 -8.41884 -0.343752 
1 3.36754 3.72851 
1 4.26272 4.08661 
1 -9.05106 -0.49949 
1 10.2108 6.15399 
1 5.3959 5.41797 
1 -2.95358 -0.626728 
1 -3.16906 1.44261 
1 0.928211 2.90539 
1 -4.37691 1.11034 
1 -10.4368 -0.95092 
1 3.39561 3.73675 
1 1.79648 2.51511 
1 0.516167 2.74142 
1 4.93742 4.94022 
1 10.2721 6.22257 
1 -5.12067 -0.943167 
1 3.76005 3.65976 
1 -9.20933 -0.526755 
1 4.09541 3.96868 
