1 -0.898456 0.728519 
1 0.408058 0.030827 
1 -6.94488 0.253571 
1 -11.8387 -1.47711 
1 -6.17686 -1.05937 
1 -10.9221 -1.12168 
1 -1.40729 -0.458198 
1 -11.3104 -1.28747 
1 -13.0333 -1.89711 
1 -5.87424 -1.02707 
1 -10.3482 -1.5448 
1 -1.76274 -2.25514 
1 -9.05106 -0.49949 
1 -6.92921 0.23256 
1 -5.35696 0.7409 
1 13.6907 2.33104 
1 -1.52513 1.07765 
1 2.40629 2.19133 
1 -6.42629 -1.08403 
1 1.28059 3.08912 
1 12.3831 3.766 
1 -0.522215 -0.952144 
1 -8.91782 -0.458912 
1 -0.0910713 0.259938 
1 -4.27782 1.10293 
1 12.5475 3.35421 
1 -8.69923 -0.40145 
1 12.7468 3.00948 
1 -2.95358 -0.626728 
1 -10.4081 -0.950337 
1 6.9715 0.599107 
1 -2.00769 -2.51426 
1 -4.34896 -0.841782 
1 -11.4619 -1.32887 
1 12.7249 3.32443 
1 -5.4102 -0.977645 
1 -7.18824 -1.17485 
1 0.428267 -0.0289439 
1 -10.4368 -0.95092 
1 4.76206 -0.73526 
1 -8.78481 -0.405572 
1 0.516167 2.74142 
1 13.774 1.76083 
1 15.052 0.406485 
1 4.37462 0.278014 
1 14.8027 0.604882 
1 -12.5319 -1.69867 
1 12.0102 4.01219 
1 -0.368168 0.420474 
1 1.94923 1.71222 
