1 9.72416 6.75092 
1 2.41161 3.42529 
1 -10.6085 -1.07353 
1 -8.31981 -0.280297 
1 -2.59079 1.72321 
1 -8.41884 -0.343752 
1 0.0539546 4.37379 
1 4.26272 4.08661 
1 6.64306 6.74513 
1 -6.75268 -1.09473 
1 -3.81057 -0.718981 
1 7.29184 7.48047 
1 10.2108 6.15399 
1 8.76092 7.86127 
1 1.0756 2.94046 
1 -0.78417 5.24989 
1 -3.48477 1.40172 
1 0.928211 2.90539 
1 -5.19356 0.766848 
1 -6.6831 0.275973 
1 -0.314717 4.74483 
1 3.90018 5.86461 
1 -10.8829 -1.11159 
1 10.2721 6.22257 
1 -5.12067 -0.943167 
1 1.18727 3.18078 
1 -8.6428 -0.380953 
1 -1.59818 2.09163 
1 -9.20933 -0.526755 
1 -3.36836 1.42084 
1 4.09541 3.96868 
