1 -5.44877 3.35034 
1 -5.37391 3.30293 
1 3.68859 -1.94316 
1 -2.46347 1.6507 
1 1.44643 -0.0976234 
1 -6.32201 3.86003 
1 4.18863 -2.87248 
1 -4.51029 2.81014 
1 -0.159982 0.311106 
1 5.12492 -2.78657 
1 8.95646 -5.27228 
1 8.3424 -4.54365 
1 -4.68505 2.92071 
1 -1.23149 -0.379469 
1 6.54995 -3.58439 
1 9.04112 -5.07177 
1 5.47461 -2.93929 
1 3.51807 -1.83041 
1 5.20655 -2.7778 
1 8.23703 -4.57803 
1 4.83229 -2.64675 
1 4.21915 -1.98501 
1 3.49515 -1.85729 
1 1.08784 -0.115067 
1 3.15449 -1.68022 
1 5.00279 -0.981904 
1 1.64035 -0.720758 
1 3.48454 -1.83208 
1 -1.49235 1.03858 
1 2.50448 -1.29035 
1 5.50575 -2.99986 
1 7.82497 -4.33491 
1 -7.24444 4.37117 
1 -0.596301 2.43134 
1 -3.52735 2.25032 
1 8.57873 -4.77883 
1 8.46839 -4.65864 
1 6.11642 -3.35059 
1 6.23842 -3.4479 
1 -3.92169 2.42044 
1 -3.16906 1.44261 
1 -8.05537 4.84117 
1 6.07004 -3.28906 
1 7.63862 -3.74871 
1 2.33859 -1.15499 
1 -6.36465 3.8751 
1 6.69817 -3.66828 
1 -7.21651 4.40004 
1 -5.30233 3.32366 
1 -5.40561 3.33836 
1 7.4357 -4.14135 
1 -1.17639 2.18366 
1 -7.64978 4.60182 
1 7.00752 -3.85415 
1 1.41099 -0.0712497 
1 -7.91498 4.74335 
1 -4.37691 1.11034 
1 -2.93522 1.91206 
1 -3.67433 1.2977 
1 -3.54755 2.28541 
1 7.86923 -4.31655 
1 0.235349 -0.153616 
1 -6.08072 3.69464 
1 1.86122 -0.890534 
1 -4.77786 3.00476 
1 -4.99829 3.12238 
1 -1.8576 1.26379 
1 1.56018 -0.719164 
1 6.11833 -3.33722 
1 -5.82536 3.5576 
1 -7.71655 4.61269 
1 4.90419 -2.65459 
1 8.89825 -5.18107 
1 -5.94889 3.64166 
1 4.79417 -0.739106 
1 6.08968 -3.3665 
1 -6.65018 4.0171 
1 -0.453531 0.407177 
1 -6.30711 3.84488 
1 -1.71503 1.18284 
1 6.75827 -3.70266 
1 2.45205 -1.19847 
1 -1.16304 0.84034 
1 -4.34186 2.70561 
1 1.20501 -0.486434 
1 1.34511 -0.599436 
1 7.8265 -4.33927 
