1 0.863463 2.31779 
1 -0.389882 -7.92131 
1 -0.298597 -7.37066 
1 1.09872 3.97836 
1 -0.311557 -7.2945 
1 1.25589 5.2031 
1 0.414987 -1.16339 
1 1.04012 3.69277 
1 0.126144 -3.82636 
1 0.0075599 -4.656 
1 0.791073 1.78667 
1 1.89023 10.4352 
1 1.40402 6.49885 
1 1.05252 3.6666 
1 1.38971 6.44312 
1 1.14407 4.27471 
1 1.91474 10.2885 
1 -0.512937 -8.65168 
1 0.222321 -2.88658 
1 0.119194 -3.76776 
1 0.902386 2.52466 
1 0.122184 -3.60299 
1 -0.10345 -5.55275 
1 1.50565 7.21528 
1 1.33386 5.77734 
1 0.209508 -3.15146 
1 0.349196 -1.87625 
1 -0.013201 -4.66215 
1 0.299915 -2.18739 
1 0.49034 -0.466869 
1 -0.464127 -8.4631 
1 -0.384424 -7.82652 
1 1.36699 6.23056 
1 1.38943 6.35574 
1 1.67009 8.52099 
