3.92413 -0.592737 -0.707232 
3.07157 -0.866706 -0.701166 
3.40548 -0.806289 -1.68991 
3.89968 -0.836629 -0.726226 
2.90238 0.124257 -1.1905 
3.87699 -0.866348 -1.70818 
2.90195 -0.836647 -0.958598 
2.91514 -0.780891 -1.70718 
3.18169 -0.845017 -0.729884 
3.90039 -0.216437 -1.7065 
3.89968 -0.827045 -1.4488 
3.90546 -0.203338 -1.70389 
3.92709 0.112172 -1.11874 
2.90566 0.184412 -0.881766 
3.89531 0.126375 -1.3985 
3.90736 -0.662605 -0.716773 
2.91557 0.134907 -0.718162 
2.92812 0.14995 -1.16055 
3.44851 -0.779712 -1.68896 
3.23084 0.142191 -0.719323 
2.87278 -0.805459 -0.956982 
2.90113 -0.640185 -1.72579 
3.90461 -0.845729 -1.37685 
3.15064 0.156351 -1.7059 
2.92231 0.163302 -0.699304 
2.90793 -0.760826 -0.722615 
2.89166 -0.801237 -0.83793 
3.28184 0.216016 -1.70743 
2.90396 0.152815 -1.57185 
2.92444 -0.186249 -1.71378 
3.08503 0.182498 -1.69766 
2.90088 -0.865632 -1.29662 
2.92 -0.844856 -1.56816 
3.77133 0.119785 -1.72015 
2.90054 -0.830712 -1.56985 
3.89806 0.122371 -0.923933 
3.48242 0.130683 -1.69898 
2.92421 -0.827913 -1.48858 
2.9207 -0.619524 -1.72308 
3.90455 -0.62041 -0.698184 
2.87628 -0.847791 -1.53312 
3.88745 -0.853224 -0.727577 
3.01754 0.116665 -0.741541 
3.91874 0.157813 -1.11812 
3.89559 -0.369049 -1.7294 
3.91087 -0.788663 -1.65514 
3.90435 -0.837133 -1.07844 
2.91717 -0.439047 -0.722077 
3.9052 0.0676194 -1.72255 
3.34269 0.158772 -1.72189 
2.91116 -0.576662 -0.696013 
