-6.55188 -0.417742 2.25284 
-6.89412 -0.386639 1.64792 
-6.6679 0.587832 1.2368 
-5.86563 -0.402792 1.43243 
-6.6103 -0.395588 2.23893 
-5.84941 0.604565 1.75741 
-5.91099 -0.0784774 2.2342 
-5.85364 -0.344931 1.2178 
-5.86057 0.59796 1.54879 
-5.87941 0.590955 1.62229 
-5.88791 0.469571 1.21506 
-5.89654 -0.238239 2.21508 
-5.97381 -0.408811 2.27798 
-6.82169 0.608233 2.23688 
-6.3939 0.59798 1.22014 
-5.89477 -0.395799 1.77059 
-6.91916 0.524957 1.24062 
-5.88678 0.554214 2.2237 
-6.91701 0.0477847 2.22168 
-6.87459 -0.333964 2.21687 
-5.95229 0.589148 1.90647 
-6.92417 -0.382509 2.10635 
-5.94139 0.358459 2.23491 
-6.92672 -0.116302 1.23503 
-6.16793 -0.400184 2.22622 
-5.883 -0.000406844 2.18669 
-6.92607 0.62388 1.98484 
-6.94629 -0.399199 1.86064 
-6.826 0.602792 2.22226 
-6.11507 -0.403865 1.23058 
-6.68778 0.587534 1.20751 
-6.10078 0.612654 2.2114 
-6.41043 0.613998 1.16974 
-6.87477 -0.415219 1.21031 
-6.6944 -0.414886 2.2462 
-6.88065 -0.404545 1.25316 
-5.87499 -0.396075 1.68125 
-6.45383 0.598733 2.24648 
-5.85231 -0.374209 1.19725 
-6.93118 0.577512 1.60804 
-6.38607 0.594316 1.2373 
-5.89779 0.483837 1.23173 
-6.29129 -0.409234 1.21948 
-6.22846 0.588576 1.2433 
-6.90796 0.0945229 2.19845 
-6.97975 0.208698 1.26147 
-5.92349 0.573824 2.08195 
-5.95897 -0.251879 1.23466 
-6.90288 -0.398458 1.78738 
-5.94293 -0.398086 2.20683 
-6.738 0.585983 2.26196 
-5.82617 0.616093 1.6415 
-6.84196 0.596765 2.22779 
-6.88086 -0.194539 2.24368 
-6.63828 0.592801 1.25084 
-6.58166 -0.387155 2.186 
-6.30542 0.612504 1.24212 
-6.90624 0.610169 1.98729 
