1.26157 -1.49014 -3.38756 
0.53893 -1.50707 -3.43108 
0.307436 -1.0099 -3.40209 
0.304806 -0.478526 -3.36813 
1.32643 -0.911663 -3.37362 
0.338832 -1.46532 -4.26953 
0.690054 -2.19161 -1.14844 
0.277107 -1.31043 -4.39563 
1.31657 -1.48279 -3.42368 
0.683013 -0.5084 -4.3999 
0.340849 -2.16094 -0.323686 
1.32783 -1.00002 -3.41005 
0.328852 -0.669828 -3.3806 
0.270266 -0.477378 -3.44561 
0.321733 -1.49211 -3.6058 
0.283423 -0.665235 -3.36707 
1.2621 -1.47179 -3.50561 
1.33776 -1.45741 -3.76835 
1.31928 -0.500169 -3.80538 
1.31224 -0.481096 -3.61725 
0.35418 -1.4653 -4.22169 
1.25105 -1.47484 -3.4042 
0.309375 -0.580312 -3.37931 
1.29342 -1.49074 -4.25854 
1.31387 -1.36796 -3.38362 
0.324397 -1.45854 -4.01565 
0.327049 -0.951678 -4.36954 
0.294638 -1.45656 -3.38917 
1.1467 -0.50399 -4.38423 
1.29921 -1.2458 -3.37555 
0.345547 -0.46272 -3.80143 
1.32563 -0.469887 -3.47091 
0.843657 -1.46641 -4.37549 
0.312186 -1.17851 -4.38707 
1.33105 -0.463579 -3.7364 
-1.35563 -3.07043 -4.85999 
1.25722 -1.48185 -3.36637 
-0.749943 -1.81218 0.243573 
0.632385 -1.49652 -3.39171 
1.06528 -1.46829 -3.36203 
1.28 -1.08719 -4.36734 
0.325411 -1.31674 -4.36958 
1.20583 -0.494165 -4.41806 
1.34081 -0.849867 -4.36763 
0.296017 -0.492875 -3.33307 
1.34192 -1.46249 -3.70285 
0.944773 -0.476696 -3.41028 
1.3042 -0.831506 -4.37856 
1.26307 -0.515539 -4.4351 
1.33382 -2.18101 -0.876758 
0.313564 -0.590287 -4.40252 
1.32957 -1.22649 -3.37962 
1.05652 -1.47487 -4.37512 
0.482628 -3.15997 -1.22047 
0.770696 -1.45257 -3.34716 
0.519352 -0.489481 -4.37977 
1.05146 -1.46999 -3.38517 
0.327248 -0.472827 -3.87222 
0.284045 -1.42747 -3.36738 
1.28554 -0.476501 -4.20842 
0.300805 -1.47755 -3.6217 
1.28742 -0.495761 -3.3892 
0.30104 -0.97348 -4.35117 
1.35225 -0.468613 -4.31751 
0.337222 -1.04657 -4.39962 
-1.55785 -3.05037 -5.31527 
1.00744 -1.46686 -4.3458 
0.757104 -0.505752 -4.41404 
1.32685 -1.30247 -4.35813 
1.00362 -0.47928 -4.39486 
