1 -4.54618 2.21609 
1 1.08985 0.570238 
1 -6.24583 2.81898 
1 0.403977 0.531467 
1 -1.27749 1.89481 
1 0.380753 0.529379 
1 0.275337 0.263737 
1 3.66992 -0.689819 
1 3.99858 -3.55934 
1 7.15831 -6.74619 
1 7.04828 -6.72219 
1 -6.30461 6.83146 
1 -1.08061 1.03964 
1 2.84723 -0.376708 
1 2.73857 -2.30182 
1 1.19761 0.291795 
1 -0.417416 0.745589 
1 3.75467 -3.3749 
1 -0.643068 1.20201 
1 0.850882 0.359766 
1 3.6529 -0.600943 
1 6.31785 -1.54866 
1 -2.37633 2.78878 
1 -0.876121 1.21182 
1 6.54681 -6.19039 
1 -3.93623 4.59986 
1 -6.21908 2.73412 
1 -2.98079 3.40051 
1 -4.76269 5.28162 
1 -2.92939 3.47635 
1 1.63291 0.117852 
1 -1.37778 1.86679 
1 6.03798 -1.45774 
1 -4.48239 4.9686 
1 2.1225 -1.80161 
1 3.46336 -0.563102 
1 1.54271 -1.0761 
1 1.25018 0.227328 
1 0.988283 0.259844 
1 -6.19076 2.84499 
1 -1.40592 1.15728 
1 -0.926989 1.0001 
1 -0.826295 0.866732 
1 4.09086 -0.745317 
1 2.9578 -2.62675 
1 -5.71667 6.17168 
1 2.60685 -2.22294 
1 0.677304 -0.265595 
1 -0.163325 0.700117 
1 -1.07547 1.50938 
1 4.51734 -0.891889 
1 4.27214 -0.760293 
1 -4.71959 5.2077 
1 -1.4397 1.12709 
1 -1.53401 2.00301 
1 -3.15593 3.62378 
1 1.18661 0.275523 
1 6.61513 -6.26409 
1 2.20135 -1.78633 
1 -3.86561 4.3251 
1 1.51483 -1.03672 
1 -1.13709 1.04201 
1 -5.4453 5.99886 
1 -6.30743 6.76149 
1 -3.97537 2.06584 
1 0.223836 0.528142 
1 0.539226 -0.148142 
1 -6.12 6.67702 
1 -2.56967 3.04072 
1 0.145278 0.407259 
1 -4.40842 2.13494 
1 3.48766 -0.576887 
1 6.7619 -6.34711 
1 1.97414 -1.49076 
1 -5.18371 5.66716 
1 -5.69754 6.27035 
1 3.24598 -0.425269 
1 -1.47857 1.16699 
1 3.14983 -0.420986 
1 -4.22786 4.72291 
1 6.58967 -6.27936 
1 6.49051 -1.56932 
1 -3.46058 3.96658 
1 -0.338851 0.713093 
1 2.01201 -0.026515 
1 -5.47073 6.0804 
1 0.308662 0.110307 
1 1.01898 -0.578192 
1 -3.80336 1.99541 
1 -3.9999 4.47591 
1 -2.19571 2.73802 
1 1.58426 -1.10327 
1 -5.57381 6.27013 
1 5.82766 -1.35031 
1 -6.0841 6.63792 
1 2.5982 -0.270154 
1 -1.80351 2.19351 
1 -2.1369 2.73805 
1 -4.80633 5.39027 
1 2.17934 -1.77943 
1 2.68517 -2.30612 
1 -0.221744 0.666699 
1 -1.08425 1.54382 
1 5.26645 -4.87521 
1 0.966115 0.280682 
1 -1.36537 1.72953 
1 -0.402318 0.76283 
1 1.15119 0.305626 
1 1.11477 -0.684653 
1 -6.16123 2.78614 
1 -1.22674 1.08694 
1 -4.31238 4.84611 
1 2.0321 -0.0495804 
1 -4.37881 5.0468 
1 0.67394 0.465194 
1 -2.04233 1.33826 
1 2.54518 -2.16366 
1 7.0183 -6.74926 
1 -5.11306 2.41011 
1 2.36292 0.700491 
