3.49614 0.898298 -3.53676 
4.23709 0.894347 -3.31086 
3.21392 1.91569 -3.18862 
4.22003 1.16598 -2.51637 
3.82988 1.88431 -2.521 
3.20677 1.90181 -3.27294 
3.19286 1.16906 -3.50537 
4.16052 0.902682 -3.47372 
3.9084 0.897693 -3.50797 
4.23195 1.07277 -3.53861 
3.21304 0.89332 -3.24626 
3.28545 1.92653 -2.87857 
4.24713 0.906747 -3.31212 
4.24972 1.71768 -2.52037 
3.2415 1.68623 -2.55982 
3.2368 1.08403 -2.50715 
3.30791 1.90769 -3.39076 
3.24506 1.70434 -3.53433 
4.21409 1.89943 -3.23998 
4.22807 1.92546 -2.5092 
4.24726 1.51157 -3.52258 
4.23585 1.89141 -2.70657 
3.24585 1.78607 -2.5312 
3.20048 0.883328 -3.49937 
4.18439 1.06021 -3.47827 
3.22665 1.75208 -2.51739 
4.21776 1.82992 -3.51276 
3.34578 0.897903 -2.5534 
3.26592 1.06361 -2.54437 
4.08489 1.91391 -2.53779 
4.28482 1.90065 -2.58047 
3.21077 1.2269 -3.48178 
3.53837 1.9083 -2.50089 
3.53588 0.879848 -2.51107 
3.20033 0.994075 -3.48557 
3.22128 1.45132 -3.50346 
4.0569 0.907283 -3.52938 
3.22577 1.89018 -2.53885 
3.25296 0.996423 -2.54337 
3.84068 1.90471 -2.49167 
3.925 0.887283 -2.47465 
3.40878 0.903241 -3.49625 
3.42943 1.90846 -2.49099 
3.20599 1.2338 -2.49467 
3.22561 0.923247 -2.99729 
4.26021 1.91376 -2.9019 
3.20028 1.61953 -2.50155 
3.96126 0.914943 -3.55309 
3.27282 0.905907 -2.76331 
3.85472 0.900074 -3.50774 
3.27957 1.77533 -3.57301 
3.28342 1.91324 -3.27233 
4.25211 0.925801 -3.09773 
4.21307 1.1484 -2.5119 
3.27274 1.92505 -3.50714 
4.19739 1.88176 -3.25082 
4.24985 1.91088 -2.73388 
3.51165 1.90584 -2.54381 
4.2148 0.896107 -2.94081 
3.7402 1.89889 -3.55685 
4.22522 1.9077 -2.94 
4.19182 1.0435 -2.47499 
3.97367 1.88212 -2.51487 
4.17998 1.90507 -2.91916 
4.18039 1.90071 -3.54221 
3.49699 0.92673 -3.54828 
4.24528 1.1399 -3.54542 
4.21096 1.83613 -2.47421 
4.2804 0.911048 -2.74642 
3.23952 1.89273 -3.53375 
4.18612 0.905756 -2.54287 
3.27862 1.89828 -3.42601 
3.43904 0.900346 -2.5572 
3.24287 0.892153 -2.47862 
4.23813 1.07951 -2.53018 
3.20402 1.91864 -2.79224 
3.27226 1.92054 -3.53609 
3.18981 1.00035 -3.48483 
4.21385 0.888132 -3.34283 
3.15073 1.90349 -3.06286 
3.20163 1.71446 -2.49314 
3.24392 1.55129 -3.52583 
4.21717 1.91164 -3.45558 
3.90804 0.910893 -3.50892 
4.27382 1.91746 -2.77312 
3.18932 1.58811 -3.49594 
4.21727 0.889514 -2.76291 
4.22818 1.08742 -3.51168 
3.23562 1.4543 -2.51246 
3.57156 1.91384 -2.54248 
4.27407 0.910712 -2.85422 
3.66092 0.911757 -3.52292 
4.2121 0.886654 -2.63166 
3.20496 0.892568 -2.52845 
3.30961 1.89504 -2.53424 
4.21351 1.09235 -3.50952 
4.23787 1.58151 -2.52217 
4.25746 1.76985 -3.53683 
4.2439 1.63198 -3.52884 
3.2094 1.89816 -3.2234 
3.54099 1.88468 -3.53755 
3.21795 1.24051 -3.51063 
4.11155 0.906216 -2.53293 
3.22678 1.89808 -3.11904 
4.27999 1.15098 -2.56149 
3.20052 0.971878 -2.51464 
4.27401 1.92452 -2.81319 
3.24662 1.80399 -3.53716 
3.88166 0.93102 -3.56698 
3.64441 1.89823 -3.49937 
3.23246 1.05284 -3.5274 
3.24632 1.04758 -3.51904 
4.25963 0.940919 -3.16251 
3.99006 1.91569 -3.47406 
3.55704 0.906664 -3.48967 
3.2249 1.90379 -2.51431 
3.23697 1.77361 -2.52014 
4.19538 1.91766 -2.92413 
3.5798 0.895172 -2.47716 
3.44689 0.896581 -2.48952 
4.11861 0.925953 -2.52959 
3.24946 0.918047 -2.46498 
4.25776 1.9207 -3.16496 
4.20828 1.37766 -2.49482 
3.79598 1.90237 -2.49619 
4.19963 1.90313 -2.97238 
4.19453 1.30393 -3.5009 
3.27246 1.92233 -3.5372 
3.60255 0.892599 -3.50688 
4.24613 1.21339 -3.55799 
3.20937 0.899317 -3.05811 
4.22437 0.907379 -2.95947 
4.20511 0.968181 -3.50802 
3.32306 1.8852 -2.5166 
3.24015 1.90681 -3.41891 
3.24274 0.898647 -3.51294 
3.98232 1.89577 -2.49563 
3.2402 1.83817 -3.54049 
3.21763 0.885928 -2.5799 
3.40651 0.867554 -2.5024 
3.21282 1.10252 -3.50229 
3.46718 1.89155 -2.51382 
3.91315 1.88839 -3.52693 
4.27222 1.92985 -2.85688 
3.22429 1.34111 -2.51866 
4.23876 1.40508 -2.54573 
3.26307 0.947569 -3.23293 
4.18941 1.0689 -2.47693 
4.01766 1.90318 -2.50744 
4.19584 1.88451 -2.53158 
3.252 1.9233 -3.37169 
4.29018 1.35988 -3.57478 
3.31692 0.907334 -3.55745 
3.74139 1.89029 -2.49894 
3.2142 1.88169 -2.51938 
4.24993 1.06935 -2.53634 
4.27149 0.896698 -3.13583 
3.30764 0.903625 -2.51209 
4.20787 1.34627 -2.50755 
4.25207 1.85617 -2.5297 
4.27852 1.88062 -3.42002 
4.25797 1.58886 -3.54139 
4.18755 1.5852 -2.48339 
4.20679 1.90326 -2.54285 
4.25379 0.897775 -2.61302 
3.37703 1.91745 -2.56974 
4.21657 0.899439 -2.84197 
3.2746 1.91123 -2.66714 
4.25968 1.91943 -2.55013 
4.25192 0.900919 -2.78043 
3.18526 0.91112 -2.65904 
4.27138 1.0983 -2.55873 
3.42376 1.89581 -2.5139 
3.22 1.30555 -3.51407 
3.33826 0.897642 -2.50785 
4.31075 0.926027 -2.68985 
4.20408 1.76797 -2.48267 
