-9.67611 0.643609 3.49522 
-9.23209 0.654575 2.77713 
-10.2312 0.565252 2.46485 
-9.27489 -0.345563 3.09471 
-9.16436 0.460866 2.48579 
-10.2 -0.33576 3.47288 
-10.0261 -0.344318 2.47194 
-10.1615 -0.352758 3.04211 
-10.1723 -0.246528 3.4687 
-10.2054 -0.25218 2.47206 
-9.3903 0.65582 2.47076 
-10.2044 0.660773 2.99548 
-9.23053 -0.0306023 3.48031 
-10.0493 -0.349425 2.447 
-9.21113 -0.223504 2.50687 
-9.56462 -0.348386 3.49918 
-9.76433 -0.356091 2.50589 
-9.39191 -0.36063 3.47296 
-10.1845 -0.33718 3.02858 
-10.2766 0.293463 3.4873 
-9.19676 -0.331159 2.67188 
-9.94437 -0.373708 2.49031 
-10.2769 -0.359818 3.2162 
-9.19576 -0.316052 2.90569 
-9.668 -0.343383 3.46853 
-10.2272 0.672096 3.43774 
-10.2919 0.0494289 3.4829 
-9.77305 -0.369618 2.47545 
-10.0203 -0.343767 2.47937 
-10.1599 0.655211 3.4219 
-9.22361 0.397337 2.49656 
-9.34634 0.64584 2.47537 
-10.1839 -0.344752 2.84378 
-9.80981 -0.33397 2.47448 
-9.24629 -0.285049 2.49054 
-9.90059 0.649127 3.47822 
-10.0762 0.65251 3.50795 
-10.2634 0.45795 3.47445 
-9.13763 -0.32395 2.66843 
-9.9904 -0.348802 2.47577 
-9.66194 0.652504 2.46248 
-10.2732 0.310559 3.4774 
-10.184 0.599627 3.47372 
-9.62299 0.666767 3.45867 
-9.22433 0.0543263 3.48392 
-9.14233 0.297533 3.51639 
-10.2596 -0.241868 3.48321 
-9.32674 -0.359372 2.49706 
-9.18346 -0.336668 2.683 
-9.24481 0.474335 3.4682 
-9.40611 0.637782 3.49258 
-9.13406 0.1705 2.43416 
-10.1758 0.648199 2.82547 
-9.23371 0.465717 2.50812 
-9.19227 0.660153 2.7203 
-9.37083 0.651454 2.475 
-9.60665 0.649175 2.49801 
-9.21116 0.666698 3.49113 
-10.1961 0.363197 3.47132 
-9.16722 0.0383708 2.49081 
-9.40645 0.640576 3.4782 
-9.17319 -0.346794 2.49759 
-10.2016 -0.324701 3.46407 
-9.22436 0.64293 2.71293 
-10.2045 0.337401 3.50197 
-9.13171 0.655205 2.74839 
-9.7024 -0.349141 2.48331 
-9.19706 0.675538 3.45082 
-10.1294 -0.320766 3.32472 
-9.21328 -0.341781 2.99831 
-9.79328 -0.33347 2.49289 
-10.2069 -0.359722 2.69505 
-9.13957 0.187132 2.50346 
-10.2221 0.651957 3.12392 
-10.2049 -0.0785022 3.50669 
-9.24595 0.646809 2.76198 
-9.22281 -0.295633 2.48422 
-9.49941 0.660623 3.48919 
-9.22985 0.43787 3.50593 
-9.17682 -0.324597 3.00356 
-9.24269 0.00275374 3.49433 
-9.1989 -0.326532 2.6339 
-9.61804 0.69111 2.47746 
-9.23134 0.424198 3.49205 
-10.2488 0.241085 2.49005 
-9.18987 -0.314827 2.58541 
-10.2113 0.369506 3.48528 
-10.1691 -0.121877 2.4765 
