-0.980197 0.0310601 -0.575183 
2.1222 0.51817 -0.943666 
-1.19498 0.820929 -0.576676 
0.679021 0.976711 0.94682 
0.804163 -1.3356 0.478822 
1.70099 0.357698 1.94832 
1.10934 1.56958 -0.995174 
2.1275 0.857133 -0.887061 
1.69135 -0.00825722 1.81808 
1.68946 1.53427 -1.90212 
-0.200235 0.054548 0.0826144 
2.12656 1.05972 -0.889156 
1.72915 0.531259 -1.89865 
1.11684 0.538115 -1.44549 
-1.19253 0.0209296 -0.475751 
0.668101 0.373836 0.972884 
2.13199 0.510645 -1.62211 
1.14196 1.53334 -1.11009 
1.12271 1.44478 -1.88267 
1.68844 0.660861 1.94568 
1.14857 0.853734 -0.871942 
0.680536 0.572416 0.948251 
0.995006 1.02243 0.930659 
1.91434 0.534945 -1.86083 
1.70513 0.220792 0.961676 
-0.190114 1.08353 0.34371 
1.79946 -1.46099 0.296997 
-0.362863 0.0461919 -0.566226 
0.677835 0.854411 0.947837 
-0.694037 1.0291 0.431341 
1.25115 0.980659 1.92848 
2.14189 1.0664 -0.85729 
1.83433 -0.468803 0.0760597 
1.70102 0.750666 1.96134 
1.81096 -0.65467 -0.523924 
1.14911 1.32926 -0.885528 
-0.168151 1.03559 0.274637 
0.642761 0.0141118 1.78509 
-0.199224 0.0409389 0.389552 
0.64721 0.739789 1.92574 
1.68019 -0.0212584 1.83874 
1.11887 0.547103 -0.896206 
1.1299 1.5122 -1.78671 
0.869466 1.00455 0.939256 
-1.15751 0.746699 -0.598184 
0.706151 0.447367 0.94901 
1.50014 1.00132 0.984789 
1.79366 1.52187 -0.867299 
1.63786 1.54468 -0.915614 
0.695518 1.00935 1.54239 
1.69004 0.0683911 1.92849 
1.00307 1.006 1.95874 
0.854955 0.986161 1.97682 
1.16649 1.49913 -0.868005 
1.43238 -0.0104283 0.926751 
2.1316 1.24737 -0.881723 
0.697793 1.0186 1.46312 
1.84118 -1.25904 -0.532536 
1.66728 -0.00290143 1.84581 
1.13849 1.50031 -1.815 
1.68466 0.034451 0.983715 
0.811338 -1.29433 -0.528099 
-1.17798 0.334518 0.429351 
1.18519 0.991935 0.936884 
-0.171009 0.146782 0.419379 
0.686182 0.0150677 1.52242 
-1.16398 1.04647 0.121465 
0.924856 -0.00754333 1.95239 
-0.468427 0.0366571 0.414087 
1.66999 -0.0200456 1.04889 
1.38923 1.51411 -1.85589 
-0.185156 0.794761 0.410918 
1.2816 1.53245 -0.857456 
2.13851 1.49446 -1.18696 
-1.20535 1.0345 0.207733 
