-0.944545 -3.7117 -0.404666 
-0.523154 -3.18902 -0.416177 
-1.09881 -3.90844 0.596417 
-0.468704 -4.13423 0.58618 
-0.0165208 -3.15107 -0.365902 
0.0213429 -4.03648 0.587167 
0.0321703 -3.60834 -0.423871 
-0.0481831 -3.45033 -0.40787 
-0.993844 -3.1266 -0.0339185 
-0.0261945 -3.12298 0.169285 
0.00669349 -3.52545 -0.425361 
-0.0136425 -4.07631 0.389531 
-0.018904 -3.2777 0.600675 
-0.362509 -4.05154 0.593923 
-0.0421581 -3.15434 0.0900867 
-0.0199808 -3.14717 -0.250424 
-0.0106368 -4.09356 0.594274 
-0.831501 -3.18413 0.586946 
-0.741352 -3.10752 0.593109 
-0.166582 -3.07927 0.576755 
-1.02669 -4.12157 0.417698 
-0.0124447 -3.73078 0.585068 
-1.01654 -3.8329 0.586119 
-1.0076 -4.11998 -0.265446 
-1.01325 -4.09339 -0.0548833 
-0.971653 -3.03654 -0.224337 
-0.809761 -3.1597 0.586109 
-1.03776 -3.19961 -0.409443 
-0.109434 -3.20725 -0.423801 
-0.740731 -3.04686 -0.416987 
-0.860759 -3.10734 0.59416 
-0.969428 -3.08671 0.0714377 
-1.02084 -3.95603 0.587872 
-1.00189 -4.14719 0.370493 
-0.98686 -3.839 -0.414468 
-0.0771674 -3.05787 -0.405717 
