1 1.59491 -2.72918 
1 1.1997 -2.15325 
1 -2.46235 6.65783 
1 -2.48528 3.80774 
1 -2.50308 6.81246 
1 -2.61951 3.3106 
1 -2.52417 6.16617 
1 1.80657 -0.14575 
1 0.329034 -1.08582 
1 -0.114236 -0.285317 
1 -0.34608 0.0191779 
1 2.32082 -3.73084 
1 -2.51855 6.60688 
1 0.796726 -1.5665 
1 3.95066 -6.0955 
1 -2.43253 4.24622 
1 -1.07692 3.69124 
1 2.90749 -4.59868 
1 -0.386436 0.0998263 
1 -2.51427 7.89803 
1 0.0289933 -0.490395 
1 -2.51071 7.68707 
1 -2.44953 5.93608 
1 -2.45766 6.72839 
1 -2.59495 6.84645 
1 -2.49269 4.42298 
1 -2.49447 7.0668 
1 2.02269 -3.30737 
1 -0.781216 0.659684 
1 -2.52979 6.50096 
1 -2.49552 5.01357 
1 -2.52112 7.93415 
1 -2.5537 5.43585 
