1.04757 -4.13527 -1.11649 
1.05407 -4.14679 -1.31339 
0.04173 -3.13583 -1.01454 
1.02754 -4.13122 -1.60076 
0.0537307 -3.30945 -0.769951 
0.0587372 -3.14431 -1.77523 
0.544503 -3.15936 -1.72285 
0.0682997 -3.45355 -1.74808 
1.06317 -3.6652 -1.79272 
0.0461638 -3.96918 -1.68703 
0.521825 -3.14177 -0.736302 
1.06122 -4.12975 -1.54434 
0.0312643 -3.88595 -0.708755 
1.0348 -4.13786 -1.07188 
1.04132 -4.1275 -1.43114 
0.0257533 -3.50849 -1.70013 
0.0399106 -4.12306 -0.945119 
1.04202 -3.15667 -1.08911 
0.0570321 -3.75567 -0.760827 
0.0476992 -3.13677 -0.961958 
0.0558389 -3.13037 -1.43535 
1.05546 -3.17331 -1.72257 
0.0523603 -4.0444 -0.732105 
0.278487 -3.15123 -1.78504 
0.0387784 -4.11078 -0.81991 
1.03846 -3.1137 -1.76467 
0.793891 -3.14544 -0.713234 
1.04786 -3.95711 -1.78162 
0.299075 -3.13323 -1.72641 
0.233936 -4.10465 -1.80066 
1.05063 -4.08526 -1.84597 
1.05944 -4.10502 -1.69275 
1.05037 -4.11497 -1.29337 
0.928948 -3.14325 -0.741162 
0.561914 -4.1287 -1.77776 
0.574579 -3.15074 -1.78763 
1.0393 -3.19016 -0.759309 
0.944088 -4.11458 -1.70214 
1.03 -3.11659 -1.50848 
0.319196 -4.12945 -1.76926 
0.0476037 -4.15192 -1.23737 
1.0408 -3.44342 -0.759663 
0.0551467 -4.05488 -0.764345 
1.05607 -4.12976 -1.3049 
0.0480532 -4.1095 -1.47245 
0.0467721 -3.51112 -0.816071 
0.0284464 -4.11591 -1.73954 
0.151197 -3.14478 -1.73248 
1.05507 -4.17448 -0.948356 
0.0434922 -3.30091 -1.73208 
0.55016 -4.11872 -0.773646 
1.06139 -3.70123 -0.766604 
0.056975 -3.61562 -0.759482 
1.05799 -4.10425 -1.77542 
0.136582 -4.13882 -0.762903 
0.0589093 -4.12406 -1.61748 
0.561108 -3.14789 -0.722657 
1.05212 -4.14195 -1.68442 
0.0414469 -4.05152 -0.766432 
1.05852 -3.16066 -1.26704 
1.05026 -3.15829 -1.19506 
0.865593 -4.11366 -1.76722 
1.04534 -3.11438 -0.882417 
0.048788 -3.39057 -1.78328 
0.0658753 -3.66558 -1.7347 
1.04728 -3.13831 -1.2358 
0.0531606 -3.71431 -1.75533 
1.03499 -3.14765 -1.75677 
0.63715 -4.12014 -0.862349 
0.0427638 -3.14907 -1.81219 
0.673295 -3.11142 -0.737175 
1.04917 -3.61811 -0.75502 
0.980396 -3.13561 -0.788008 
0.886023 -3.12456 -0.8224 
0.368637 -3.14146 -0.734043 
1.04175 -3.97712 -0.758144 
1.05372 -3.43817 -1.78771 
0.0622225 -3.64172 -1.72051 
0.0804804 -3.14786 -1.2601 
0.04041 -3.68733 -0.761918 
1.04555 -3.38442 -1.76759 
0.0649969 -3.51651 -1.76298 
1.04865 -3.52426 -0.758014 
0.0417136 -3.14583 -0.736661 
1.04912 -4.14713 -1.17944 
0.0348541 -3.50815 -1.69127 
1.06277 -4.15184 -0.958244 
0.411273 -3.10946 -0.783082 
1.05978 -4.14829 -0.99701 
0.0456571 -4.1414 -1.5367 
1.05318 -3.1559 -1.71553 
0.580162 -4.13947 -0.745942 
0.92732 -3.13693 -1.76012 
0.447931 -4.18866 -1.74419 
1.0491 -3.96541 -1.82256 
0.0328235 -3.11495 -0.913993 
1.06174 -3.1367 -1.81648 
1.04947 -3.77137 -0.751856 
0.0548083 -3.41112 -0.673775 
1.05167 -3.39423 -1.78099 
0.092151 -4.15256 -1.69385 
1.04111 -3.12187 -1.76332 
0.062406 -4.17405 -0.908215 
1.05551 -4.12313 -1.42818 
1.04447 -3.74579 -1.71573 
0.0460168 -4.1275 -1.60983 
1.05465 -3.53863 -0.781327 
0.536328 -4.14341 -0.788535 
0.117237 -3.14159 -0.776643 
0.56455 -4.15638 -1.76431 
0.0465057 -3.66866 -0.738489 
0.04607 -3.90156 -0.734922 
1.03345 -3.1264 -1.80022 
1.04072 -3.14008 -1.17104 
0.062104 -3.13633 -0.909634 
0.830482 -3.14561 -0.684379 
1.03546 -4.09986 -1.65523 
0.242718 -4.14233 -1.74524 
1.05505 -3.88268 -0.780606 
1.05138 -3.13665 -1.32939 
1.05821 -4.16639 -1.29339 
1.04188 -3.43043 -1.76098 
1.04649 -3.15724 -1.07157 
1.03044 -3.10857 -1.00569 
1.054 -3.68045 -0.789257 
0.0411997 -3.61995 -0.744318 
1.0567 -4.0081 -0.748062 
0.792315 -4.13613 -1.83554 
0.0429382 -3.48194 -1.68229 
1.0468 -3.44487 -1.76237 
1.05115 -4.13065 -0.840921 
1.04824 -3.14939 -1.47346 
0.0411826 -3.12374 -1.27247 
1.0373 -3.28194 -0.767471 
1.05078 -4.1508 -1.01643 
0.60692 -4.11289 -1.79578 
0.0586444 -3.22406 -1.73797 
0.05596 -3.90044 -0.832525 
0.0383568 -3.46607 -0.730736 
1.04682 -3.11513 -1.53667 
0.921184 -4.11125 -1.76397 
0.334876 -4.1408 -0.78606 
0.822054 -3.15902 -1.74054 
