0.38399 -0.462139 2.12221 
0.689111 -0.420127 1.50256 
0.709778 0.523908 1.35803 
0.718028 0.526173 1.22015 
0.242863 0.540727 1.10962 
-0.280524 -0.249128 1.15581 
-0.32187 0.166594 2.13564 
0.651482 0.280627 2.07958 
0.667196 0.583681 1.28691 
-0.312109 0.561025 1.64686 
-0.0952025 0.566444 1.1306 
0.657281 0.608368 1.43394 
0.684122 -0.0600633 1.08034 
-0.128347 0.539839 1.10072 
0.698428 0.548851 1.70181 
-0.329205 -0.411417 1.11512 
0.46861 -0.456848 2.1255 
0.704962 -0.417601 2.13195 
-0.200171 0.514493 2.15234 
-0.300496 -0.455763 1.77675 
-0.127313 -0.494995 2.15471 
-0.294354 -0.462346 1.89059 
-0.30981 0.399842 1.14007 
0.301355 -0.424354 1.11307 
0.658569 0.559761 2.11394 
-0.189159 0.550453 2.13334 
-0.298554 0.167128 2.1428 
-0.29443 -0.430018 1.13929 
-0.297169 -0.101594 2.14108 
-0.296224 0.522619 1.43919 
0.437244 -0.509826 1.15136 
0.679397 0.302883 2.13587 
0.698417 0.525647 2.1646 
0.655149 -0.126202 2.13724 
-0.266681 0.472585 1.31844 
0.716729 -0.445698 1.56132 
0.703046 -0.376539 2.16919 
0.705665 0.540367 2.13092 
-0.274133 0.516969 2.10354 
-0.28893 0.484423 1.15962 
0.423959 0.55013 2.14158 
0.69906 0.491387 1.14825 
-0.285451 0.521009 1.43928 
0.593477 0.486564 2.16465 
0.696447 -0.363835 2.11109 
-0.300079 -0.240267 1.15583 
-0.0725438 0.559953 1.09614 
0.698821 0.499733 1.37051 
-0.282544 0.203168 2.14317 
0.690134 0.552774 1.45446 
-0.191724 0.529486 2.13859 
-0.303892 -0.0266311 2.15995 
0.0587247 0.556321 2.13693 
0.685584 0.135853 1.11735 
-0.180696 -0.493188 1.16223 
