1 0.55929 -4.68834 
1 -0.0684913 -3.63011 
1 -6.16311 -3.99438 
1 -0.0161519 -3.73287 
1 -9.00689 -5.64942 
1 -8.40534 -5.27322 
1 -0.0198471 -3.70737 
1 -8.75384 -5.54351 
1 -8.42031 -5.3301 
1 0.458157 -4.50678 
1 -7.82213 -5.0209 
1 -0.345819 -3.2057 
1 -3.92846 -3.5355 
1 -6.92836 -4.44148 
1 0.457254 -4.50389 
1 -9.08129 -5.71181 
1 -5.93132 -5.29317 
1 0.933907 -5.30986 
1 0.1263 -3.95551 
1 -0.162002 -3.47464 
1 0.275381 -4.22828 
1 -9.00778 -5.73155 
1 -8.91227 -5.6272 
1 -5.98966 -5.4586 
1 0.380004 -4.37138 
1 -0.395672 -3.10502 
1 0.959571 -5.33901 
1 -0.529036 -2.88652 
1 -9.63385 -6.05747 
