1 -6.6171 7.13605 
1 -5.98067 6.12233 
1 -5.44734 5.23253 
1 -5.81231 5.80178 
1 -6.13722 6.33123 
1 -6.62981 7.12908 
1 -3.8386 2.57922 
1 -4.53379 3.77034 
1 -5.56878 5.45544 
1 -6.46886 6.90377 
1 -5.77514 5.75003 
1 -6.27853 6.59578 
1 -4.26598 3.24281 
1 -4.70465 4.01852 
1 -6.61953 7.1385 
1 -4.73209 4.08859 
1 -7.16118 8.06773 
1 -6.29201 6.59857 
1 -5.01695 4.54994 
1 -5.71679 5.66739 
1 -6.7329 7.31638 
1 -6.42013 6.80542 
1 -6.01885 6.20008 
1 -4.4025 3.4978 
1 -5.01237 4.48878 
1 -6.56748 7.02826 
1 -6.83776 7.51259 
1 -6.83964 7.52895 
1 -4.75666 4.12441 
1 -5.90538 5.98111 
1 -6.05604 6.22058 
1 -5.83922 5.86092 
1 -7.23121 8.13194 
1 -4.62655 3.86419 
1 -7.13492 7.99798 
1 -5.11042 4.66647 
