1 -2.48465 0.349753 
1 -4.50436 -3.01889 
1 -0.58292 -2.79682 
1 0.0194379 0.158221 
1 -3.73141 2.38434 
1 2.71123 1.2853 
1 -2.80528 0.841447 
1 -6.58052 -4.29612 
1 2.65265 1.28125 
1 2.44302 0.237817 
1 -3.28843 1.64226 
1 -3.57737 2.12662 
1 -2.67261 -2.31025 
1 -2.51175 0.370623 
1 -1.38336 -1.11947 
1 -1.55628 -1.1934 
1 3.82465 3.78306 
1 -1.29212 -1.09833 
1 -3.68753 2.2983 
1 5.79031 3.16186 
1 -3.66696 2.26229 
1 0.45202 -0.0706861 
1 1.30352 0.470989 
1 2.53482 1.24756 
1 -3.10735 1.38109 
1 -1.29304 -1.00678 
1 0.617091 0.0306438 
1 -5.39227 -3.51578 
1 4.97471 4.88099 
1 -1.34433 -1.52272 
1 -2.67857 0.665608 
1 -0.611196 -0.699385 
1 -2.26523 -1.61864 
1 -3.76725 2.42658 
1 -1.34819 -1.0798 
1 -1.5244 -1.25019 
1 -3.84945 2.58792 
1 0.211075 -0.19913 
1 -3.06033 1.31658 
1 0.914845 1.11483 
1 -3.04608 1.31962 
1 -5.27325 -0.0506227 
1 5.49575 0.378368 
1 -1.18557 -1.00227 
1 0.525676 1.51985 
1 -2.12734 -1.81189 
1 -3.60101 2.19927 
1 2.45549 1.15517 
1 -2.39208 0.19534 
1 -0.482143 -0.556838 
1 0.264645 0.394632 
1 -3.70606 2.39437 
1 -1.86552 -0.710051 
1 -1.51637 -1.22032 
1 -2.0815 -1.51496 
1 -1.83632 -0.713963 
1 -1.08555 -2.0135 
1 3.35066 1.65447 
1 3.37224 1.65398 
1 -1.02185 -2.01536 
1 0.813284 0.207149 
1 -0.292737 -0.529497 
1 1.13716 1.22417 
1 -3.63437 -2.44339 
