1 -2.48465 0.349753 
1 0.0194379 0.158221 
1 1.46908 0.586208 
1 -3.73141 2.38434 
1 -2.80528 0.841447 
1 -3.8386 2.57922 
1 2.65265 1.28125 
1 -3.28843 1.64226 
1 -3.57737 2.12662 
1 -2.67261 -2.31025 
1 -2.51175 0.370623 
1 -1.29212 -1.09833 
1 -3.68753 2.2983 
1 5.00766 4.86456 
1 5.79031 3.16186 
1 -3.66696 2.26229 
1 -0.952215 -2.1894 
1 0.45202 -0.0706861 
1 1.30352 0.470989 
1 -3.10735 1.38109 
1 -1.29304 -1.00678 
1 0.617091 0.0306438 
1 0.93033 1.00919 
1 -2.67857 0.665608 
1 -0.611196 -0.699385 
1 -3.76725 2.42658 
1 -3.84945 2.58792 
1 -3.06033 1.31658 
1 0.0596169 -0.267684 
1 0.914845 1.11483 
1 -3.04608 1.31962 
1 -5.27325 -0.0506227 
1 0.525676 1.51985 
1 3.44908 1.72999 
1 -3.60101 2.19927 
1 2.45549 1.15517 
1 -2.39208 0.19534 
1 -0.482143 -0.556838 
1 -3.70606 2.39437 
1 -1.83632 -0.713963 
1 3.35066 1.65447 
1 3.37224 1.65398 
1 4.89719 4.73468 
1 -4.30862 3.31358 
1 0.813284 0.207149 
1 1.13716 1.22417 
