1 -0.0684913 -3.63011 
1 -5.95295 -3.8922 
1 -6.16311 -3.99438 
1 -0.0161519 -3.73287 
1 -4.13553 -3.70288 
1 -9.00689 -5.64942 
1 -8.40534 -5.27322 
1 -5.93856 -3.8293 
1 -0.0198471 -3.70737 
1 -6.58052 -4.29612 
1 2.44302 0.237817 
1 -7.35708 -4.70248 
1 -0.901966 -2.23095 
1 -1.38336 -1.11947 
1 -8.75384 -5.54351 
1 -1.55628 -1.1934 
1 -0.748619 -2.54289 
1 -8.42031 -5.3301 
1 -7.82213 -5.0209 
1 -0.345819 -3.2057 
1 -9.08129 -5.71181 
1 -1.34433 -1.52272 
1 -3.21505 -2.84025 
1 -2.26523 -1.61864 
1 -1.5244 -1.25019 
1 0.211075 -0.19913 
1 -5.93132 -5.29317 
1 0.1263 -3.95551 
1 5.49575 0.378368 
1 0.275381 -4.22828 
1 -1.18557 -1.00227 
1 -2.12734 -1.81189 
1 -9.00778 -5.73155 
1 -8.91227 -5.6272 
1 1.33579 0.519073 
1 0.264645 0.394632 
1 -1.86552 -0.710051 
1 -1.51637 -1.22032 
1 -2.0815 -1.51496 
1 -0.395672 -3.10502 
1 -0.529036 -2.88652 
1 -1.02185 -2.01536 
1 -9.63385 -6.05747 
