1 0.55929 -4.68834 
1 2.81774 -8.41384 
1 1.83461 -6.76826 
1 -4.50436 -3.01889 
1 1.54873 -6.32927 
1 2.29922 -7.52763 
1 1.06133 -5.52271 
1 1.56785 -6.31392 
1 1.21577 -5.75713 
1 1.38947 -6.01617 
1 0.458157 -4.50678 
1 -3.92846 -3.5355 
1 -6.92836 -4.44148 
1 0.457254 -4.50389 
1 1.07539 -5.53111 
1 1.85791 -6.79774 
1 2.1071 -7.21826 
1 1.76083 -6.62092 
1 -5.39227 -3.51578 
1 2.11788 -7.26589 
1 2.48846 -7.86313 
1 1.59378 -6.41318 
1 0.933907 -5.30986 
1 -5.59948 -3.69021 
1 2.41718 -7.7396 
1 -4.88417 -3.19821 
1 2.53601 -7.92184 
1 -3.5985 -3.14198 
1 -5.98966 -5.4586 
1 0.380004 -4.37138 
1 1.80327 -6.71946 
1 1.79604 -6.70599 
1 0.959571 -5.33901 
1 1.4589 -6.14927 
1 1.67625 -6.49003 
1 0.892207 -5.19287 
1 -6.83926 -4.41994 
1 1.10186 -5.57644 
1 -3.63437 -2.44339 
1 0.778985 -5.07562 
