1 -1.61754 -0.956036 
1 4.85008 -4.44113 
1 5.52184 -4.82024 
1 4.20729 -4.10116 
1 -6.94793 1.88926 
1 -5.83577 1.3149 
1 -5.22154 0.986238 
1 -1.5239 -1.00449 
1 -8.76626 2.87268 
1 -1.83621 -0.860508 
1 -2.25977 -0.61593 
1 -2.2228 -0.609486 
1 3.99382 -3.97061 
1 6.71446 -5.43371 
1 -2.31833 -0.602572 
1 7.87351 -6.08309 
1 5.52945 -4.7822 
1 5.60456 -4.84965 
1 4.26035 -4.10149 
1 -5.77936 1.29187 
1 -6.05342 1.45224 
1 3.15555 -3.54038 
1 3.27791 -3.59929 
1 4.95788 -4.45479 
1 5.49546 -4.78608 
1 -8.9816 2.96221 
1 6.15883 -5.10259 
1 5.42566 -4.79289 
1 -3.4192 0.00414311 
1 -6.36682 1.54937 
1 5.90977 -4.99025 
1 6.03973 -5.06889 
1 -1.73324 -0.889584 
1 5.47642 -4.77195 
1 -3.90398 0.251774 
1 4.05052 -3.97566 
1 -7.58707 2.2482 
1 0.924692 -2.32755 
1 2.65576 -3.27024 
1 -6.97388 1.90135 
1 3.40311 -3.67644 
1 -6.15085 1.48201 
1 -6.17719 1.51424 
1 -9.48068 3.23394 
1 -6.27937 1.53023 
