1 3.50139 6.49972 
1 -1.69421 -1.51296 
1 -2.6964 -3.11025 
1 -4.31063 -5.55783 
1 -3.41725 -4.20354 
1 1.33518 3.1744 
1 -6.17499 -8.46915 
1 -2.90994 -3.40198 
1 -3.01959 -3.53544 
1 3.64677 6.73246 
1 -6.88366 -9.51573 
1 -4.52258 -5.89381 
1 2.18967 4.47044 
1 -4.3843 -5.7061 
1 -1.40602 -1.08147 
1 -1.16964 -0.735004 
1 1.04695 2.68205 
1 -4.38662 -5.73925 
1 -3.6892 -4.59203 
1 3.37496 6.25927 
1 -2.76041 -3.19823 
1 -1.97847 -1.9814 
1 -4.7303 -6.26579 
1 1.70798 3.72361 
1 -4.90297 -6.48936 
1 -0.0516421 1.0401 
1 -5.76231 -7.77971 
1 -5.79609 -7.8578 
1 -5.69718 -7.7072 
1 -2.2859 -2.46131 
1 2.15686 4.40435 
1 3.00557 5.74471 
1 -4.16569 -5.27543 
1 2.72554 5.32201 
1 -2.01302 -1.99605 
1 2.53499 4.97514 
1 -5.1981 -6.93418 
1 -4.77401 -6.27467 
1 -0.074942 1.47402 
1 2.97181 5.65183 
1 -4.3956 -5.68629 
1 0.261306 1.47335 
1 -0.159322 0.914764 
1 -2.48293 -2.72376 
1 -4.86319 -6.39767 
1 1.67798 3.64342 
1 3.64122 6.70544 
1 -5.74688 -7.78098 
1 1.70528 3.69321 
1 2.6813 5.24825 
1 -1.8438 -1.77854 
1 -4.01973 -5.09499 
1 1.66888 3.63286 
1 -6.18784 -8.42827 
1 -4.81375 -6.31664 
1 2.53327 4.97503 
1 -1.27625 -0.890043 
1 0.885659 2.43414 
1 -5.35704 -7.13858 
1 1.51637 3.46214 
1 1.76628 3.82844 
1 -5.56283 -7.50231 
1 3.70566 6.84147 
1 3.74468 6.85063 
1 3.06262 5.80478 
1 -4.01746 -5.11468 
1 -0.330996 1.43752 
1 3.37105 6.26006 
1 -1.80982 -1.68325 
1 -4.35281 -5.60906 
1 2.63703 5.16177 
1 -3.23026 -3.89267 
1 -3.36857 -4.03963 
1 -5.70323 -7.70565 
1 2.02732 4.23188 
1 0.589801 1.50318 
1 -6.78469 -9.42008 
1 -0.624761 0.123351 
1 -0.20608 0.752852 
1 2.04452 4.24238 
1 -4.53198 -5.9235 
1 -2.47895 -2.73544 
1 1.80469 3.84968 
1 2.29214 4.65251 
1 2.04994 4.23684 
1 0.453481 1.76899 
1 -0.572387 0.217654 
1 0.48452 1.52394 
1 -1.6386 -1.42886 
1 1.79355 3.85909 
1 0.826355 2.35874 
1 -5.51557 -7.39914 
1 1.82146 3.94573 
1 -6.77918 -9.35945 
1 1.73997 3.76666 
1 -1.97368 -1.92374 
1 -2.04852 -2.06247 
1 -6.05803 -8.28187 
1 3.42802 6.36143 
1 -4.68773 -6.14177 
1 1.03946 2.67801 
1 -6.21592 -8.47273 
1 -5.94515 -8.06532 
1 -6.52302 -8.96989 
1 -1.96679 -1.90823 
1 3.10876 5.92621 
1 -4.86892 -6.42229 
1 -6.93098 -9.62795 
1 3.58827 6.67176 
1 -6.04706 -8.1892 
1 -5.20191 -6.93883 
1 -1.27025 -0.882912 
1 -3.84733 -4.83161 
1 -1.68062 -1.47715 
1 -2.41713 -2.60816 
1 3.35566 6.28067 
1 -0.214876 0.737178 
1 2.18011 4.49436 
1 -0.695742 0.0267609 
1 2.65573 5.20102 
1 3.87224 7.11223 
1 -0.70268 -0.0510221 
1 -3.11611 -3.67246 
1 0.987906 2.62737 
1 -4.44785 -5.72283 
1 1.48914 3.39219 
1 -4.6496 -6.06161 
1 1.6472 3.67232 
1 -1.07287 -0.537822 
1 0.112216 1.29856 
1 2.48152 4.87238 
1 -1.87554 -1.83344 
1 3.83778 7.04133 
1 -4.6033 -5.99024 
1 -2.59121 -2.88223 
1 -6.31499 -8.64326 
1 -0.587907 0.180215 
1 -5.96611 -8.18024 
1 3.21226 6.08715 
1 -3.97065 -5.0223 
1 -3.70883 -4.6228 
1 3.63984 6.7147 
1 -5.08165 -6.70977 
1 -4.91838 -6.46939 
1 -0.53351 0.294714 
1 2.95194 5.67248 
1 -4.94607 -6.52163 
1 3.78543 6.95795 
1 -0.389818 0.526294 
