0.649512 -0.998164 0.194447 
-0.325204 -1.02856 0.57624 
0.644939 0.0117873 0.148349 
-0.591343 1.38799 -1.33673 
0.674361 -0.635526 0.0941223 
0.655245 -0.624284 0.105573 
0.673399 -0.990635 0.138467 
0.671845 -1.03019 0.995389 
0.37347 -1.0052 0.104037 
-0.00105633 -1.00898 0.117313 
0.332613 -0.0154368 0.104326 
-0.160334 -0.98438 0.107445 
0.672677 -0.99744 1.07996 
-0.0698827 -1.02082 1.09998 
-0.349781 -0.993527 0.381255 
-0.315643 -0.134229 0.10888 
2.18481 0.13849 -0.754731 
-0.339973 -1.03122 0.743918 
-0.346973 -0.906149 0.0843334 
-0.339003 0.797826 -2.33297 
-0.336374 -0.776115 0.108192 
-0.314875 -0.839243 0.092223 
0.393598 1.70487 -1.34812 
-0.613428 1.55612 -1.33697 
0.677283 -0.984668 1.03794 
-0.343054 -0.19865 1.10215 
0.676034 -1.0159 0.420982 
0.413048 1.19999 -2.32594 
0.25809 -0.0243112 1.10467 
0.0655565 -1.01402 0.0896032 
-0.345188 -0.0948193 0.100865 
-0.487276 1.82011 -2.32587 
-0.319144 -0.00290566 0.45405 
-0.600438 1.06483 -2.35371 
2.32678 0.15615 0.116208 
-0.610246 1.49998 -2.3265 
-0.602607 0.905465 -2.32729 
0.650071 7.46816e-05 0.277977 
0.420352 1.39956 -1.35404 
1.36762 0.789445 -0.754866 
-0.338791 -1.03098 1.05892 
-0.103748 0.801064 -2.33352 
2.33079 1.17298 0.252719 
-0.597513 1.8059 -2.25207 
-0.312356 -0.475929 0.121217 
0.664612 -0.483278 0.0922399 
-0.0465463 0.0165167 1.1162 
-0.0436782 1.8212 -1.31057 
-0.209274 -0.0327948 0.100787 
1.33232 1.04791 0.264225 
0.554108 -0.999223 1.12238 
0.28397 1.80703 -1.35509 
0.684389 -0.150396 1.11205 
0.00574674 0.817643 -1.33008 
-0.330973 -0.467337 1.10792 
0.404351 1.31196 -1.33267 
-0.344544 -0.763228 1.11003 
0.688785 -0.194636 0.0826989 
-0.606091 1.14448 -2.29877 
-0.26069 -1.01496 1.08794 
-0.571691 0.77751 -1.42728 
-0.186295 -1.03814 1.08677 
2.01361 0.126802 0.283941 
0.690452 -1.01341 0.787369 
-0.340185 -0.261663 0.0959506 
-0.323514 -1.01346 0.863987 
0.685647 -0.437583 0.111573 
0.63871 -0.985105 0.282469 
-0.615616 1.83259 -2.00468 
0.654934 -0.0603483 1.09455 
-0.158122 -1.02414 0.0790181 
0.676778 -0.982475 1.08769 
-0.311033 -0.273553 1.08656 
2.33452 0.857731 -0.78057 
0.668484 0.00706979 0.544863 
0.425439 1.12567 -1.35607 
-0.607118 1.61868 -1.34326 
-0.337421 -0.839301 1.10994 
2.35097 0.682606 0.242657 
-0.338869 0.802677 -1.35869 
-0.612713 1.32036 -2.32481 
0.66802 -0.472789 0.105327 
0.667855 -1.00906 0.589838 
-0.342643 -0.109982 1.12251 
2.33733 1.13529 -0.19135 
0.398453 1.05829 -1.3441 
0.627662 -1.02266 1.10077 
-0.342934 -0.381007 0.107368 
0.264917 1.80495 -2.36737 
2.31606 0.138289 -0.63528 
0.665438 -0.998922 0.65109 
0.135378 -1.00669 0.100509 
0.556632 -0.00146254 0.115214 
0.265922 -0.0027311 0.0998515 
-0.342072 -0.722626 1.11886 
0.668117 -0.610217 0.0770298 
0.414827 1.26946 -1.33676 
0.676679 -0.0224834 0.857617 
0.648493 -0.451405 1.11563 
-0.359078 -1.01741 0.676188 
-0.331893 -0.00597651 0.757887 
0.406843 0.957224 -2.32126 
2.40176 0.805754 -0.788986 
0.654328 0.0167865 0.714746 
0.654911 0.0029989 0.75783 
-0.33662 -0.0257694 0.894504 
-0.373354 0.784591 -2.3368 
0.408819 1.78295 -2.27177 
0.405955 0.944537 -1.33683 
1.35637 0.152111 -0.177548 
-0.527146 1.80471 -1.31766 
0.33654 -0.993959 1.11071 
0.684653 -1.0269 0.460366 
-0.320004 -0.887705 0.083894 
-0.331312 -0.492903 1.09801 
0.405675 1.13754 -2.36515 
-0.0722348 1.77992 -1.35371 
-0.343312 -9.35423e-05 0.110435 
0.405923 0.865635 -1.33848 
-0.25792 -1.0238 0.0683368 
-0.345711 -0.305841 0.0901553 
-0.595561 0.850707 -2.34136 
0.689636 -0.00624987 0.220717 
0.416404 1.75153 -2.31002 
0.649562 -0.982538 0.844927 
-0.348701 -0.361523 1.10433 
-0.338282 -0.00937639 0.292013 
0.657337 -0.679567 0.120246 
-0.266033 0.00215917 0.0984663 
-0.328275 -0.944582 0.109097 
-0.324089 -0.937592 0.0896202 
-0.322589 -1.00055 1.116 
-0.343045 0.0109231 0.669603 
0.405061 1.40172 -1.32204 
1.42911 0.769638 -0.696686 
-0.579351 0.78632 -2.29389 
-0.180944 0.810683 -2.34469 
0.0314506 -0.0138475 0.0926285 
0.13633 -0.00185401 0.106211 
-0.320512 -0.961558 0.0984053 
-0.307923 -1.02938 0.310516 
0.675012 -0.563256 1.07645 
0.6598 -0.0536937 1.08833 
0.260918 0.814525 -1.34546 
-0.176592 -0.00933614 1.10747 
0.010551 -1.01406 1.07583 
-0.31398 -0.958394 1.09687 
-0.361233 -0.165483 0.115223 
0.694727 -1.00852 1.02534 
0.394748 1.02701 -2.34872 
0.656806 -0.877787 0.112938 
-0.343611 -0.19774 0.112164 
0.679148 -0.621174 0.100673 
0.414913 1.79401 -1.82991 
-0.338074 -0.22582 1.08652 
0.646527 -0.332074 0.0929491 
-0.599471 0.812056 -2.06363 
-0.24246 -0.027952 1.09657 
-0.353893 -0.0786023 0.108236 
-0.324391 -1.00666 1.1104 
2.33232 1.15625 -0.0884604 
-0.337797 -0.0329475 0.30765 
0.535634 -0.017063 1.11069 
-0.337317 -0.837969 0.112485 
-0.0889219 -0.0413369 1.08363 
-0.595745 1.18692 -2.33647 
0.667971 -0.0316575 0.556424 
0.669608 -0.0116471 1.03453 
-0.3532 -0.00389099 0.182392 
-0.34092 -0.784379 0.116297 
0.678274 -0.705309 0.0912942 
0.317856 1.81115 -2.35019 
0.649295 -0.959924 0.10581 
0.597846 0.00632854 0.104136 
0.132386 -0.0484981 1.08236 
-0.326696 -1.02457 0.635095 
0.647168 -0.838105 0.0928555 
0.187256 -1.00155 0.0963492 
-0.0458013 -1.00659 1.09373 
2.37291 1.1298 -0.489744 
0.680979 -0.98791 0.702192 
0.473714 -0.0410776 0.0950116 
0.681286 -0.0164092 1.01609 
0.413503 1.38878 -1.33696 
1.50636 0.150339 0.259117 
-0.331339 -0.0153867 1.09646 
0.404107 1.30269 -1.3363 
0.248941 1.81247 -2.30946 
