1 -5.62086 -2.27541 
1 -5.78436 -2.39467 
1 -1.60348 -0.574298 
1 -5.88788 -2.46994 
1 -1.18946 -1.43161 
1 -0.858143 -0.784527 
1 -3.86241 -0.724937 
1 -5.32877 -2.04383 
1 -2.3566 -3.70992 
1 -2.11715 -1.58005 
1 1.48975 -0.346363 
1 11.0489 0.166319 
1 -2.48586 -0.642866 
1 -1.72734 -1.87673 
1 -0.348005 0.254899 
1 -0.145984 -0.481322 
1 10.2481 0.179299 
1 -6.52876 -3.19817 
1 -4.04624 -0.450078 
1 7.56726 -0.0435041 
1 3.52495 -0.219565 
1 4.08385 -0.21332 
1 -11.9711 -4.14304 
1 -5.86179 -2.51949 
1 -0.816384 -0.749152 
1 0.319564 -0.432745 
1 -6.55051 -3.31634 
1 -6.44626 -3.17485 
1 -5.77139 -2.4666 
1 -1.1725 -0.528996 
1 6.82752 -0.082033 
