1 -0.171026 4.14176 
1 -2.46708 0.529918 
1 0.997577 5.41081 
1 -5.76737 -2.38196 
1 -5.06739 -1.58295 
1 0.93365 5.26425 
1 -1.40934 2.58356 
1 -7.70822 -4.6832 
1 2.04784 4.23297 
1 -0.660045 3.40724 
1 -7.55753 -4.37066 
1 0.419886 1.94022 
1 -4.47552 -0.454125 
1 -7.37753 -4.26758 
1 -0.17123 4.05536 
1 -7.9087 -4.93357 
1 -3.68977 -0.280328 
1 -1.62175 2.28001 
1 1.58385 6.13388 
1 -8.22113 -5.37962 
1 -2.84462 1.00381 
1 -8.30185 -5.31524 
1 -4.29973 -0.705426 
1 -1.1147 2.91855 
1 1.34952 5.80064 
1 -0.570931 3.56866 
1 -1.37852 2.67849 
1 1.5868 6.02589 
1 -3.41265 0.389563 
1 2.21573 6.75884 
1 -4.46271 -0.946248 
1 1.28902 4.32969 
1 -4.00837 -0.345028 
1 2.30838 6.7484 
1 -7.94852 -4.88257 
1 2.06235 6.47737 
1 -8.32145 -5.30685 
1 3.46402 8.28763 
1 -4.04516 -0.46972 
1 -2.90806 0.905808 
1 -0.980773 3.07974 
1 -8.78615 -5.78616 
1 -0.567708 3.67199 
1 -2.43474 1.39163 
1 0.582391 4.93235 
1 -3.09624 0.575824 
1 4.32032 9.52122 
1 2.3367 6.89918 
1 -8.68975 -5.8177 
1 0.506914 4.86102 
1 -8.00947 -4.9326 
1 -3.97591 -0.273568 
1 0.406777 4.72003 
1 3.1241 7.84821 
1 0.891025 3.59799 
1 -8.27575 -5.26506 
1 -1.93605 2.02062 
1 -3.97029 -0.391722 
1 0.134755 4.38227 
1 -1.87809 2.00085 
1 3.88985 8.6168 
1 -1.13571 2.98 
1 -4.33115 -0.777752 
1 -8.61855 -5.57997 
1 0.41129 4.8277 
1 -0.828178 3.34179 
1 3.37458 7.60337 
1 2.12858 6.659 
1 1.44568 3.80173 
1 0.311152 4.70846 
1 -2.66074 1.19639 
1 -1.57234 2.46834 
1 -6.51241 -3.22522 
1 -2.43337 1.5503 
1 -1.18758 2.73969 
1 1.17 5.53286 
1 2.12971 6.70232 
1 3.80834 8.5989 
1 -1.36814 2.65689 
1 2.53768 5.98981 
1 4.00701 8.90786 
1 -3.95635 -0.0571704 
1 2.753 7.44138 
1 1.36538 5.89305 
1 2.94228 7.67634 
1 -0.736528 3.35511 
1 -8.78493 -5.90854 
1 1.31394 5.72589 
1 1.69364 6.20731 
1 -9.00273 -5.96042 
1 -0.176079 3.92775 
1 -1.69289 2.19544 
1 3.06015 7.82589 
1 -4.79286 -0.752352 
1 -8.81767 -5.83317 
1 1.96301 6.56306 
1 3.58703 8.34829 
1 -8.23739 -5.35149 
1 -3.92371 -0.345949 
1 -0.100616 4.15612 
1 -0.535275 3.74621 
1 0.400089 4.70354 
1 -0.928648 3.1405 
1 1.09702 5.3421 
1 -4.27594 0.225324 
1 1.63214 4.12965 
1 1.73229 6.20389 
1 -3.94775 -0.346047 
1 4.98616 10.8549 
1 4.18425 9.01124 
1 2.13607 6.73717 
1 -1.50736 2.50146 
1 -8.35775 -5.36424 
1 2.87501 6.62042 
1 3.3691 8.06981 
1 -8.28253 -5.27398 
1 -8.704 -5.74024 
1 -7.18413 -4.0757 
1 -1.43238 1.03896 
1 -2.1298 1.80222 
1 1.90813 6.46918 
1 1.71256 6.2767 
1 -8.37956 -5.32925 
1 -3.08134 0.61268 
1 -1.29608 2.67062 
1 -2.53227 1.2631 
1 -0.357635 3.80059 
1 -8.81597 -6.01608 
1 3.82883 8.55646 
1 -3.99967 -0.292462 
1 -2.78954 0.958481 
1 -0.38923 3.77704 
1 1.32055 5.80133 
1 -8.24925 -5.22264 
1 -8.25295 -5.28777 
1 -2.15348 1.87611 
1 -3.48659 0.34067 
1 3.13871 7.93492 
1 4.12549 8.85822 
1 -8.24028 -5.25905 
1 -5.12247 -1.62947 
1 -8.71754 -5.70253 
1 0.224978 4.53966 
1 -5.6536 -2.26588 
1 -7.54633 -4.48345 
1 -8.39217 -5.43829 
