1 -9.88233 -3.50089 
1 -5.95066 -3.93818 
1 2.20658 -0.464386 
1 2.66572 -0.333858 
1 -1.53724 -1.39385 
1 -4.51109 -2.18275 
1 1.88701 -0.636241 
1 -10.0369 -3.56676 
1 4.3205 0.104682 
1 -8.26972 -3.12221 
1 6.39018 0.610128 
1 -4.1651 0.158333 
1 -0.657927 -1.24829 
1 -1.46555 -0.65342 
1 -7.30421 -2.86953 
1 4.85888 -1.03438 
1 -4.37798 -3.70935 
1 5.03856 0.273868 
1 -6.12558 0.428985 
1 -0.718048 -1.22571 
1 -6.22881 -2.56865 
1 1.50915 -0.61961 
1 -0.505537 -1.15898 
1 -3.07763 -1.78104 
1 -10.0853 -3.55145 
1 6.05656 0.499723 
1 -4.16414 -2.08698 
1 6.54658 0.613476 
1 -6.85819 -2.76315 
1 -4.44569 -2.1572 
1 -2.59132 -1.70633 
1 -0.392441 -1.08285 
1 -7.00919 -2.81006 
1 3.26504 -0.802578 
1 6.92645 0.735196 
1 0.862595 -0.762116 
1 4.55848 0.0942832 
1 -6.1704 -0.210628 
1 -5.199 -2.36312 
1 -1.12553 -1.29194 
1 -4.16005 -2.07224 
1 -0.941531 0.532892 
1 7.75191 0.940544 
1 7.07619 0.785566 
1 0.445318 0.939765 
1 -5.9906 -2.54498 
1 -10.3081 -3.64376 
1 -0.470343 -0.817977 
1 -0.0479954 0.513381 
1 -0.454153 -1.15546 
1 -1.0468 -1.25945 
1 -9.95591 -3.55433 
1 -5.66908 -2.45104 
1 -0.949624 -1.26801 
1 -5.61648 0.348577 
1 2.26142 -0.462685 
1 -5.49196 -0.929847 
1 5.02644 0.230094 
1 0.939965 -0.801064 
1 7.53189 0.877052 
1 -10.3931 -3.69431 
1 -7.18653 -2.82718 
1 0.76019 -0.843835 
1 -0.189428 -1.07563 
1 2.66051 -0.349552 
1 -10.1543 -2.95134 
1 -5.43621 -0.977499 
1 4.44647 0.0990059 
1 -1.30878 -0.238962 
1 3.11249 -0.229288 
1 -2.26685 -1.60312 
1 6.11944 0.488372 
1 -7.90449 -3.02399 
1 0.526184 -0.452539 
1 -0.407484 -1.13222 
1 1.70423 -0.613674 
1 -1.52194 -1.41215 
1 -5.78188 -4.25595 
1 -3.40784 -1.86561 
1 8.47795 1.12392 
1 6.49843 0.644033 
1 -7.9196 -0.267685 
1 4.12194 -0.919035 
1 -10.0089 -3.622 
1 3.9925 -0.0366782 
1 0.0638187 -0.994282 
1 -1.86122 -1.46267 
1 5.73407 0.431976 
1 -8.26205 -3.11398 
1 -1.27965 1.3697 
1 -1.08764 0.720784 
1 6.43953 0.635523 
1 5.63711 0.409744 
1 -5.72072 -4.22174 
1 -4.41685 -1.95461 
1 -8.23079 -3.12837 
1 -4.7515 0.2398 
1 1.71721 -0.572266 
1 4.53414 -0.979174 
1 6.17266 -1.18767 
1 7.22702 0.811845 
1 -5.46744 -0.955669 
1 8.32445 1.02591 
1 -10.3644 -3.6598 
1 3.77608 -0.0717573 
1 -2.44048 -1.63784 
1 -8.82638 -3.30754 
1 -0.796186 0.0974803 
1 0.60337 -0.884407 
1 -1.42209 -1.37116 
1 -8.69537 -3.25527 
1 -6.12869 -0.466436 
1 3.30949 -0.221512 
1 -8.73556 -3.21912 
1 2.79686 -0.331555 
1 8.14419 1.05112 
1 8.64459 1.17651 
1 -2.31347 -1.60734 
1 -4.27908 -2.12751 
1 -10.0725 -3.6092 
1 -6.64138 -2.71128 
1 -2.94873 -0.0262311 
1 -0.824177 -1.23205 
1 -10.0521 -3.59057 
1 -2.05727 -1.5533 
1 -0.538268 -0.549279 
1 -7.36567 -2.90601 
1 -6.43752 -2.70545 
1 8.77416 1.21292 
1 2.44497 -0.414198 
1 -4.87508 -2.29286 
1 4.88109 0.224665 
1 -4.56589 -0.681065 
1 0.67428 -0.47997 
1 -4.58508 -2.22895 
1 7.24823 0.825304 
