1 5.18092 4.88409 
1 10.5469 -1.79501 
1 8.96038 -1.54769 
1 3.65352 3.60441 
1 4.50435 0.0950406 
1 5.10008 0.293657 
1 12.3657 -2.00848 
1 12.0057 -1.82752 
1 -1.98211 3.4279 
1 -5.69531 4.42486 
1 -1.81163 2.86542 
1 10.8041 -1.79526 
1 10.5764 -1.73406 
1 5.65621 0.431695 
1 4.33094 4.15617 
1 2.78443 2.91834 
1 8.44032 -1.47775 
1 10.8012 -1.80066 
1 9.43598 -1.60961 
1 8.39058 1.06224 
1 12.8265 -2.0722 
1 10.0113 -1.6966 
1 12.2526 -1.96737 
1 10.8439 -1.80869 
1 -1.81242 2.90375 
1 6.66373 -1.22861 
1 5.37301 -1.07048 
1 6.60743 0.68768 
1 6.55152 -2.49004 
1 -4.64754 0.149828 
1 8.92728 -2.13204 
1 -7.39761 0.981245 
