-0.756425 -3.95572 4.4705 
-1.76262 -4.67381 3.50371 
-1.76542 -4.27227 4.47685 
-0.751856 -3.68654 3.40256 
-0.748737 -4.76881 4.06845 
-1.69721 -3.75867 4.45748 
-0.742922 -4.40653 4.42583 
-0.75135 -4.75739 3.6172 
-0.756155 -4.49466 3.4668 
-1.27054 -3.77128 4.47595 
-1.7563 -4.71854 3.50354 
-1.63301 -3.7061 3.40497 
-0.75991 -3.89649 4.45632 
-0.73374 -4.71519 4.28277 
-0.752167 -4.76494 4.49502 
-1.36257 -3.79582 4.51329 
-0.744646 -4.75383 3.90648 
-0.740731 -4.22593 4.4611 
-0.738731 -4.24879 3.39911 
-1.7372 -3.72786 4.21478 
-0.760489 -4.70561 3.70456 
-1.75461 -3.71594 3.97691 
-1.77737 -3.87694 4.52551 
-1.39432 -4.77602 3.47602 
-0.761791 -4.83745 4.45651 
-1.7491 -3.70226 4.14845 
-0.758464 -4.73741 4.45628 
-1.75423 -4.72853 3.45535 
-0.745067 -3.72389 3.41564 
-0.754932 -4.7842 4.0212 
-1.75885 -3.76074 3.54999 
-1.74031 -3.68816 3.63352 
-1.33341 -3.7586 3.45263 
-0.75411 -4.72019 3.68429 
-1.42911 -3.71947 3.40267 
-1.74871 -4.47653 3.43205 
-1.73867 -3.72763 3.6317 
-1.0369 -3.75112 3.43947 
-0.739354 -3.74345 4.37832 
-1.7346 -4.69726 3.7367 
-1.50596 -3.75913 3.45425 
-0.773969 -4.43595 4.52426 
-1.21947 -4.77104 3.45371 
-0.85964 -4.76445 4.44848 
-1.77967 -3.74276 3.64892 
-1.59136 -3.72539 4.40776 
-1.74727 -3.73445 3.4801 
-0.751285 -4.70375 3.54083 
-1.75971 -4.27046 3.51992 
-0.759791 -4.7539 4.30856 
-0.752102 -3.70702 4.26028 
-0.745933 -3.72601 3.61978 
-0.767568 -3.77653 3.70585 
-1.13788 -3.81455 4.48958 
-0.75069 -4.18306 4.44576 
-0.786511 -4.73877 4.4269 
-1.74774 -4.76013 3.7796 
-1.73902 -4.75725 4.0615 
-1.75399 -4.75101 3.72565 
-1.7504 -4.72221 4.4582 
-1.76768 -3.7696 3.62706 
-1.76618 -3.71884 4.21346 
-1.20893 -3.71829 4.38128 
-0.76207 -3.79978 4.44734 
-1.74569 -4.66763 4.25335 
-0.767283 -3.71297 3.99212 
-1.74438 -4.27443 4.42973 
-0.755679 -4.74594 3.82711 
-0.763666 -3.76873 4.1893 
-1.7519 -3.86469 3.47265 
-1.74835 -3.72805 4.09979 
-0.748888 -4.40269 4.49547 
-1.28158 -3.74169 4.42081 
-0.758959 -3.74857 4.15246 
-0.985184 -4.74183 3.44479 
-1.72667 -3.66442 4.29797 
-0.746482 -3.72629 4.28547 
-1.77152 -4.62592 4.54942 
-0.740445 -4.73095 3.4607 
-1.65924 -3.73151 4.42835 
-0.728158 -4.18647 3.42264 
-0.759521 -3.72178 3.60638 
-1.14765 -4.72713 3.43468 
-1.01341 -3.71867 4.44109 
