-1.37188 -0.0639962 -0.0628094 
1.26721 -2.01636 -0.542648 
0.281596 -0.976622 -0.128188 
0.265588 -1.01366 -0.140475 
1.259 -2.00211 -0.38273 
1.36439 0.0557254 2.69752 
1.20441 -2.0092 0.0187852 
0.138855 -1.16067 0.753514 
-0.850315 0.668468 0.38057 
-0.025035 -1.53548 1.78941 
-0.316982 -0.549091 1.77832 
0.117146 0.705448 -0.348356 
0.247196 -1.53788 -0.966936 
0.252791 -1.96644 -0.113699 
-0.9221 -0.564769 0.791662 
0.275963 -1.99786 -0.261921 
1.2632 -1.99325 -0.760948 
1.2432 -1.97904 -0.358614 
0.244824 -1.99933 -0.771198 
-1.5507 -1.0338 0.791064 
1.26638 -1.16318 -0.0110198 
-0.850871 0.660325 0.165922 
-2.38102 -1.05269 -0.0341679 
1.25344 -1.00155 -0.954038 
1.1278 -1.99165 0.039188 
0.844481 -0.995366 0.0677291 
-1.32649 -0.979831 -0.220483 
0.411632 -0.973854 0.0530937 
0.277076 -1.37439 0.0742567 
0.781371 -2.031 0.0250084 
0.263421 -1.16469 -0.0975319 
1.28278 -2.01562 -0.496984 
0.257998 -1.30578 0.0283118 
0.934068 -1.00229 0.0669096 
0.132138 1.68464 -0.446345 
0.348714 -0.972549 0.0513134 
0.267198 -1.43186 -0.995468 
0.560075 -0.996053 -0.949243 
1.25873 -1.50751 0.0249854 
-2.32749 -1.06125 0.020178 
1.24664 -1.46522 -0.961308 
0.164671 1.21539 -0.417593 
1.22974 -1.99177 0.00391492 
0.293594 -1.43573 -0.0383761 
0.256323 -1.98578 -0.465693 
1.27089 -1.0482 -0.974671 
-0.394761 -1.55622 1.76922 
0.116963 1.59197 0.70595 
-0.913117 -1.52371 1.28761 
