1 5.13997 1.33223 
1 8.81227 1.23576 
1 -2.28914 1.0189 
1 -5.17965 1.01267 
1 3.55294 1.13567 
1 -10.9984 0.314118 
1 -5.20325 0.957907 
1 -4.97567 0.971498 
1 -2.79979 1.02617 
1 0.404125 1.08847 
1 -8.73771 0.92146 
1 4.47309 1.17514 
1 -7.85879 0.893725 
1 1.22394 0.40642 
1 5.63719 1.16385 
1 1.5492 1.08777 
1 -5.67667 0.97582 
1 -7.62768 0.916802 
1 -9.56885 -0.0179609 
1 3.0793 1.10892 
1 -11.0785 0.297179 
1 9.72657 1.28182 
1 6.51411 1.17729 
1 0.164948 0.155078 
1 -7.7024 -0.545053 
1 1.82235 0.549587 
1 8.13229 1.23852 
1 -1.40906 1.06856 
1 6.36818 1.61224 
1 -3.40589 1.01322 
1 -0.313001 0.0299176 
1 6.02669 1.54079 
1 10.1756 1.25251 
1 6.57758 1.6931 
1 3.19897 1.11871 
1 -7.09725 0.941658 
1 5.34673 1.18314 
1 -1.34572 1.04004 
1 2.3776 0.670963 
1 0.10781 1.03017 
1 -3.74309 0.992951 
1 -0.0781811 0.0772697 
1 -5.00491 0.983441 
1 -3.01061 1.02729 
1 -11.4309 0.469073 
1 5.93818 1.52248 
1 4.41724 1.17595 
