1 7.69746 -3.61726 
1 2.23422 -0.340504 
1 2.27588 0.430356 
1 3.82319 -0.788379 
1 -1.95634 3.48771 
1 0.845097 1.33693 
1 4.482 -1.2779 
1 -1.68924 6.47394 
1 -4.38741 6.2685 
1 0.0675741 0.389275 
1 2.22695 2.8107 
1 8.01885 -3.93204 
1 3.30074 -0.353367 
1 2.19677 3.10062 
1 2.33377 0.284903 
1 3.04104 -0.208337 
1 -1.2006 2.91524 
1 0.642808 1.56155 
1 2.19448 1.84789 
1 2.11001 3.03128 
1 6.57711 -2.85708 
1 -4.07875 4.99963 
1 -4.45805 5.31311 
1 1.71826 0.760253 
1 5.52676 -2.04368 
1 0.944669 1.25151 
1 -1.48194 3.0978 
1 2.29396 0.334626 
1 -2.99506 4.32056 
1 3.6316 -0.646161 
1 8.98099 -4.56665 
1 -4.52037 5.3931 
1 -3.60008 6.6631 
1 2.1848 0.378595 
1 -3.409 4.47991 
1 8.56723 -4.36226 
1 -3.13591 4.31733 
1 -2.08025 3.5948 
1 3.87117 -0.847344 
1 0.555928 1.63091 
1 0.982661 2.1987 
1 -1.44341 2.98872 
1 -0.4855 3.27512 
1 0.543646 0.552976 
1 5.09083 -1.6817 
1 4.92133 -1.61223 
1 -1.57489 3.20559 
1 5.20588 -1.76651 
1 2.05305 0.535023 
1 -6.04014 6.4782 
1 -3.81241 7.10274 
1 2.06755 9.21367 
1 2.17138 4.39366 
1 -6.15633 6.50639 
1 2.25726 0.954275 
1 4.76733 -1.44117 
1 0.887028 1.33345 
1 -2.64521 2.09491 
1 -2.51388 3.84658 
