1 8.11163 1.52178 
1 -6.1917 2.57917 
1 0.266205 2.03182 
1 -4.04955 2.43076 
1 -1.68468 2.21642 
1 0.798764 2.02208 
1 -6.00818 2.55704 
1 2.22773 1.91802 
1 -6.91849 2.68646 
1 -7.93987 2.7412 
1 5.96076 1.65619 
1 3.31307 1.88273 
1 7.82602 1.52618 
1 -3.94457 2.34843 
1 3.2765 3.32121 
1 0.351739 1.88667 
1 -6.02494 2.57472 
1 5.84913 1.65666 
1 0.781283 2.10399 
1 5.44511 1.68035 
1 -0.765254 2.18113 
1 -8.14347 2.74157 
1 -1.34873 3.07532 
1 2.6735 2.68794 
1 4.34263 4.11181 
1 -7.94404 2.72308 
1 -5.79784 2.59813 
1 -1.0705 3.38821 
1 4.344 1.78693 
1 -4.69953 2.49415 
