1 3.58321 2.84492 
1 4.09234 3.66717 
1 -5.25361 -11.8428 
1 -0.580986 -4.12982 
1 4.04897 3.61675 
1 2.23316 0.613531 
1 0.697937 -2.00215 
1 -3.11929 -8.27009 
1 6.06818 6.54898 
1 -4.99971 -11.4096 
1 -0.103176 -3.29599 
1 4.04888 4.22002 
1 -3.8666 -9.48173 
1 -3.10172 -8.30556 
1 4.93552 5.0756 
1 -3.66919 -9.17558 
1 2.10977 0.350671 
1 -2.18405 -6.76015 
1 -2.66956 -7.56992 
1 1.46812 -0.92538 
1 -2.64253 -7.55426 
1 -1.19773 -5.14264 
1 1.52537 -1.22533 
1 -4.71759 -10.9491 
1 1.09612 -1.25914 
1 3.35981 3.43284 
1 1.91673 0.13072 
1 -2.09266 -6.59119 
1 3.38992 2.50092 
1 5.0987 5.42157 
1 -2.21508 -6.80919 
