1 9.00979 1.47482 
1 6.37976 -0.83693 
1 -4.90419 -1.74831 
1 9.913 -0.542875 
1 -8.01729 -3.77769 
1 4.191 -1.03091 
1 -3.29213 -1.61023 
1 5.36538 -0.905964 
1 4.87018 1.75803 
1 7.09252 -1.21949 
1 -0.813472 -1.33013 
1 0.303031 -2.61662 
1 -8.13644 -3.96196 
1 -9.31207 -3.7939 
1 3.32207 -1.82369 
1 6.31959 -0.847568 
1 5.07095 -0.937491 
1 -6.4963 -2.17345 
1 4.40522 -0.166938 
1 7.055 -0.783654 
1 11.4364 1.23153 
1 7.94694 -0.704691 
1 7.8955 -0.721953 
1 11.2618 1.23803 
1 -4.15757 -1.69024 
