1 -4.56448 -5.59751 
1 -4.64974 -5.6609 
1 -2.98041 -3.78854 
1 6.87456 7.41655 
1 -0.397462 -0.85094 
1 -2.95331 -3.79301 
1 -0.865581 -1.39753 
1 -2.81857 -3.63176 
1 4.63443 4.88383 
1 -2.79066 -3.5104 
1 -0.518145 -0.972201 
1 6.06818 6.54898 
1 -0.813472 -1.33013 
1 -3.69094 -4.64758 
1 -2.83531 -3.64051 
1 6.49441 7.00503 
1 -3.03541 -3.83594 
1 7.50308 8.19323 
1 3.59567 3.68092 
1 3.2765 3.32121 
1 -5.12527 -6.25224 
1 0.781283 2.10399 
1 -3.93279 -4.9009 
1 4.93552 5.0756 
1 0.743093 0.452072 
1 -1.78862 -1.50551 
1 -4.82595 -5.8835 
1 5.07756 5.394 
1 -5.13812 -6.26471 
1 5.94272 6.40846 
1 7.76149 8.46333 
1 2.6735 2.68794 
1 4.34263 4.11181 
1 -4.83298 -5.88453 
1 6.35077 6.85479 
1 5.0987 5.42157 
