1 -9.60036 -5.4755 
1 1.60374 6.18296 
1 -1.34163 3.13034 
1 -4.90419 -1.74831 
1 -6.81161 -1.89331 
1 -6.4245 -2.1752 
1 -8.01729 -3.77769 
1 -3.29213 -1.61023 
1 2.06359 6.68441 
1 0.719841 5.30305 
1 -0.324746 4.25721 
1 -2.9715 1.41749 
1 -10.3024 -6.18615 
1 1.47706 6.00107 
1 -2.51992 1.91172 
1 2.09131 6.69611 
1 -7.43736 -3.20022 
1 -6.29438 -2.12311 
1 -4.02072 0.315844 
1 -0.92828 5.08321 
1 -6.09895 -1.88479 
1 -8.15504 -4.01437 
1 -5.49081 -1.80254 
1 -0.423528 4.0573 
1 1.08714 5.5833 
1 -0.298756 4.18291 
1 -9.93913 -5.81612 
1 -8.13644 -3.96196 
1 -0.588423 3.87928 
1 -6.57246 -1.89346 
1 -9.31207 -3.7939 
1 -1.74035 2.70355 
1 -4.94663 -0.678396 
1 2.79494 7.3959 
1 -0.125722 4.37029 
1 1.92596 6.51199 
1 -7.21456 -2.94341 
1 -7.24444 -3.003 
1 0.68485 5.22393 
1 -7.62676 -3.4249 
1 -6.4963 -2.17345 
1 -0.765254 2.18113 
1 0.232422 4.75023 
1 -1.53196 2.29549 
1 -7.60972 -3.41374 
1 -0.60561 4.27032 
1 -8.69096 -4.51867 
1 -3.8617 0.458494 
1 -1.34873 3.07532 
1 0.144423 2.12839 
1 -4.50895 -1.71674 
1 2.98721 7.64664 
1 1.01386 5.46187 
1 0.287071 4.76893 
1 0.590579 5.12369 
1 -1.01263 5.27478 
1 -0.95204 3.44566 
1 -8.53796 -4.35542 
1 -6.03868 -1.77647 
1 -3.69101 0.628181 
1 -0.266178 4.25147 
1 -0.324672 4.17025 
1 -5.14933 -0.863526 
1 -5.38514 -1.79054 
1 -1.05405 3.40063 
1 -1.0705 3.38821 
1 1.68779 6.33932 
1 -4.15757 -1.69024 
1 -1.32287 3.23677 
1 2.08826 6.70322 
