1 3.58321 2.84492 
1 4.09234 3.66717 
1 -5.25361 -11.8428 
1 -0.580986 -4.12982 
1 5.40562 5.76802 
1 4.04897 3.61675 
1 0.697937 -2.00215 
1 -3.11929 -8.27009 
1 6.40499 6.93844 
1 0.303031 -2.61662 
1 -4.99971 -11.4096 
1 4.28374 4.44833 
1 -0.103176 -3.29599 
1 4.33841 4.52427 
1 4.04888 4.22002 
1 -3.8666 -9.48173 
1 -3.10172 -8.30556 
1 -3.66919 -9.17558 
1 2.10977 0.350671 
1 -2.18405 -6.76015 
1 -2.66956 -7.56992 
1 3.17516 3.23276 
1 -2.64253 -7.55426 
1 -1.19773 -5.14264 
1 1.52537 -1.22533 
1 -4.71759 -10.9491 
1 1.09612 -1.25914 
1 -2.09266 -6.59119 
1 4.592 4.51615 
1 -2.21508 -6.80919 
