1 -2.43001 -7.23472 
1 4.29655 4.93521 
1 3.01329 2.60404 
1 5.13155 6.37707 
1 2.29702 1.27751 
1 -2.60726 -7.57519 
1 3.27208 3.13373 
1 2.35309 1.44992 
1 0.883739 -1.28754 
1 1.59617 0.0648422 
1 2.39151 1.43908 
1 4.89622 6.00004 
1 3.26769 3.12641 
1 -1.32925 -5.26421 
1 3.15416 2.91785 
1 0.532949 -1.87026 
1 5.42909 6.96124 
1 -0.291714 -3.38736 
1 5.24493 6.68508 
1 -3.20374 -8.63884 
1 3.06166 2.67383 
1 5.51736 7.0687 
1 -0.0404641 -2.95991 
1 0.424138 -2.12536 
1 -3.29851 -8.83749 
1 -2.48205 -7.4276 
1 -2.31923 -6.98242 
1 4.02121 4.51283 
1 -0.197257 -3.29987 
1 -0.0621841 -5.6675 
1 3.72827 3.96027 
1 2.2181 0.620131 
1 5.04969 6.40234 
1 -2.67909 -7.72498 
1 -1.1775 -5.0497 
1 3.35582 3.1982 
1 0.902395 -1.18623 
1 2.37847 0.603773 
1 3.42819 3.33362 
1 -0.0445869 -2.99426 
1 4.77419 5.76095 
1 -3.60014 -9.42621 
1 -1.86718 -6.21715 
1 2.19265 1.12718 
1 -0.87936 -4.50789 
1 0.482267 -2.01445 
1 -2.12835 -6.72583 
1 -3.4235 -9.07411 
1 0.916641 -1.19513 
1 2.80943 2.2846 
1 4.51928 5.33768 
1 2.78668 2.14065 
1 -2.29094 -7.08808 
1 1.68042 0.897555 
1 3.90378 4.16587 
1 -1.00573 -4.71096 
1 5.23657 6.67161 
1 3.92025 4.22754 
1 1.11518 -0.838666 
1 5.81997 7.72351 
1 5.45491 7.01944 
1 1.43419 -0.222547 
1 -0.315054 -3.41449 
1 -1.59627 -5.75996 
1 -0.51373 -3.7917 
1 -0.703398 -4.17481 
1 -3.15211 -8.6285 
1 -0.45015 -3.6746 
1 5.94143 7.92438 
1 0.456191 -2.09199 
1 -2.46801 -7.42077 
1 1.24262 -0.559704 
1 6.01763 8.05577 
1 -2.28105 -7.09273 
1 -1.16175 -4.94679 
1 5.4783 7.17012 
1 2.46928 1.71604 
1 3.12503 2.81094 
1 0.813062 -1.41455 
1 -1.85937 -6.34443 
1 -2.71479 -7.8496 
1 -0.728614 -4.14958 
1 1.45156 -0.339467 
1 -0.708159 -4.18741 
1 -1.01957 -4.66511 
1 2.39467 1.49633 
1 1.69467 0.133935 
1 -0.404808 -3.58416 
1 0.93286 -1.16661 
1 4.50964 5.34309 
1 3.53602 3.48776 
1 2.61764 1.87768 
1 -1.01765 -4.68623 
1 -0.847712 -4.43513 
1 3.71414 3.89335 
1 2.95276 2.37651 
1 0.655416 -1.80916 
1 -0.0925169 -3.07359 
1 5.98834 7.93828 
1 3.14664 2.811 
1 1.3695 -0.455686 
1 4.89739 6.00657 
1 -1.16737 -5.0032 
1 4.12098 4.52904 
1 -1.67684 -5.91688 
1 3.80602 4.13364 
1 1.86264 0.49698 
1 -1.9079 -6.30387 
1 4.61809 5.58318 
1 5.89367 7.75209 
1 4.94532 6.11749 
1 0.381593 -2.16676 
1 -0.304221 -3.4697 
1 0.134154 -2.67176 
1 -0.0810464 -5.43432 
1 -0.486185 -3.73329 
1 -2.7276 -7.81316 
1 4.80038 5.86413 
1 5.57985 7.26465 
1 1.99442 0.738865 
1 1.90142 0.67849 
1 4.09 4.65902 
1 2.98764 2.52151 
1 3.78354 3.97595 
1 -0.107245 -3.08819 
1 3.60781 3.70551 
1 5.05141 6.25667 
1 0.593482 -1.89963 
1 -3.34 -9.0014 
1 5.76985 7.68667 
1 -0.951359 -4.59025 
1 -1.085 -4.84208 
1 -2.25367 -7.04566 
1 4.56691 5.471 
1 1.49663 -0.133601 
1 1.50454 -0.186803 
