0.125548 -0.55521 0.994636 
0.114999 -0.948074 1.89824 
1.1692 -1.04458 2.30926 
1.1671 -0.902233 2.31412 
2.15649 -0.786209 2.2984 
-0.265012 -0.571572 0.865694 
-0.880058 -1.09891 0.905715 
-0.870085 -1.55885 1.19107 
-0.760145 -0.564631 1.9179 
2.11364 -0.74749 2.31278 
1.16636 -0.9921 2.31771 
2.17739 -1.5363 2.31132 
2.16436 -1.04117 3.30501 
2.16077 -1.71018 2.97339 
0.113118 -1.06914 0.889752 
-0.873774 -0.572014 1.64423 
1.15434 -1.38244 3.29392 
0.00907117 -1.56416 1.90371 
-0.860825 -0.582991 1.00333 
2.14796 -1.70906 3.11415 
0.124654 -1.12906 0.902816 
1.16604 -0.898957 2.32105 
1.15069 -0.728812 2.4368 
1.1629 -0.720806 3.0025 
0.107311 -0.560263 1.78172 
1.15778 -0.903567 2.3107 
-0.040688 -0.58303 0.874259 
-0.856229 -0.573386 1.19465 
1.92206 -0.712363 3.34061 
-0.877502 -0.701608 1.88462 
-0.86917 -0.675379 0.897674 
-0.868434 -0.576272 1.91326 
2.1143 -1.71481 2.30145 
1.60193 -0.703232 3.2886 
0.00887263 -0.540324 0.928546 
-0.162242 -1.57898 1.87019 
-0.896172 -1.56612 1.41696 
1.15433 -1.64613 3.29731 
-0.720601 -0.552269 1.88202 
2.12098 -0.713101 2.53975 
2.16408 -1.16874 3.32356 
-0.685769 -1.56825 1.89316 
-0.0655453 -1.56691 1.87718 
-0.238683 -1.55697 0.927505 
1.14931 -1.64028 3.28229 
-0.582833 -1.5449 1.88495 
0.112422 -1.60669 1.17518 
1.84766 -1.70445 3.30183 
2.141 -1.27398 3.28321 
-0.482104 -0.556806 1.88709 
1.28881 -1.71299 2.32384 
1.16826 -0.703058 2.32405 
2.18905 -0.788892 3.3209 
1.24179 -0.708243 3.30991 
0.107959 -0.576348 0.944843 
-0.340473 -0.553924 1.88726 
-0.617786 -1.57005 0.893433 
2.14491 -1.69543 3.00886 
-0.895397 -1.57812 1.01517 
0.151475 -1.54056 1.68164 
1.13584 -1.71039 2.54242 
1.79836 -0.719941 3.30204 
-0.658542 -1.58975 0.863437 
-0.222102 -0.57555 1.87104 
1.14402 -1.22301 3.31262 
0.0857036 -1.59194 0.868875 
-0.667509 -0.568866 0.877477 
1.14865 -0.72772 3.12713 
-0.883288 -1.49013 1.90496 
2.14136 -1.4278 2.30365 
0.109386 -1.0112 1.91111 
0.111832 -1.43902 0.878496 
1.15032 -1.07697 2.30681 
2.0335 -1.71117 2.29665 
-0.316641 -0.553867 1.8865 
0.124777 -0.551922 1.85658 
0.137543 -0.565045 1.46826 
0.126768 -0.557673 0.920819 
0.117323 -0.572336 1.61767 
1.66089 -1.70102 2.31879 
1.15741 -1.70161 2.50162 
1.64254 -1.7086 3.32118 
