4.04524 -3.54502 -1.21656 
3.29334 -3.71133 -2.25081 
3.56151 -2.7386 -2.28166 
3.0316 -3.72974 -1.56848 
4.05115 -3.44151 -2.23492 
3.37224 -2.70681 -2.26655 
3.01108 -3.73174 -1.65268 
3.5521 -3.73575 -1.32187 
2.99928 -2.71955 -2.25003 
4.01825 -3.09156 -1.25972 
3.46126 -2.70289 -1.2413 
3.46677 -3.73204 -2.28153 
4.00342 -3.64106 -2.26045 
3.59067 -2.73111 -2.29937 
3.23494 -2.71698 -2.23323 
3.99678 -3.72203 -1.5941 
3.02693 -3.49599 -1.27787 
4.01791 -2.71737 -1.36812 
3.01242 -3.12406 -2.24136 
3.03495 -2.81181 -1.27202 
3.9023 -3.7216 -2.26002 
3.03575 -2.72294 -1.83048 
3.17716 -2.7311 -1.24027 
3.46968 -3.7213 -2.26021 
3.3462 -2.72066 -1.28654 
4.00477 -3.74761 -2.28209 
3.9799 -2.72036 -2.1614 
4.0191 -3.60967 -1.21265 
2.9883 -3.71543 -1.26838 
3.27708 -3.70691 -1.2613 
3.99281 -3.52429 -1.28254 
3.03698 -3.70591 -1.25629 
3.99494 -3.72475 -1.96605 
3.01842 -2.7316 -1.38943 
4.0215 -3.20027 -1.23916 
4.03809 -3.73366 -1.94117 
3.40201 -2.74113 -1.2804 
2.99857 -2.70087 -1.62909 
3.84267 -3.73395 -1.26927 
