-0.363889 1.49312 0.4269 
-0.344833 2.48617 1.39111 
-0.330396 1.91111 0.416662 
-0.344453 2.01248 1.45328 
-0.318845 1.52317 1.44253 
-0.367012 1.46022 0.989423 
-0.963547 1.48425 1.42279 
-0.365402 2.45363 1.33887 
-0.794955 2.46078 0.447814 
-1.32043 2.49048 1.33772 
-0.425467 1.48699 0.431029 
-1.23322 2.49622 0.436372 
-0.740629 2.43752 1.44867 
-0.483683 1.46904 1.43762 
-0.316941 2.47374 1.43811 
-0.344852 1.49243 0.582559 
-0.344338 1.66986 1.42614 
-0.394259 1.48652 0.454296 
-0.781097 2.51149 1.43229 
-0.946078 1.48291 1.46256 
-1.34351 2.2086 0.462355 
-1.33935 1.78077 0.445313 
-1.35774 1.50601 0.739452 
-0.345668 2.49342 1.24183 
-1.27024 1.51934 1.41971 
-0.367793 2.15292 1.43229 
-1.32716 1.71979 1.42503 
-0.817498 2.45215 1.439 
-0.321929 1.75959 0.433197 
-1.16482 1.46539 1.44823 
-0.353467 2.46917 1.4314 
-0.945422 1.48627 0.439825 
-0.304283 2.30963 0.434881 
-0.319435 1.5054 0.610924 
-1.31059 1.49066 1.22569 
-1.36008 1.60137 1.45128 
-1.3391 1.60418 1.44799 
-1.30526 2.50451 0.93949 
-0.333476 1.4531 0.863839 
-0.925612 1.47762 1.43163 
-0.737279 2.51376 1.44756 
-0.870092 1.4552 1.4546 
-1.32349 1.45461 0.829971 
-0.606263 2.4969 1.4377 
-0.312453 2.51608 0.493013 
-0.67961 1.45795 0.460349 
-1.34131 1.76108 0.453284 
-0.335693 2.47527 0.478288 
-1.32726 1.50537 1.4066 
-0.328445 1.48483 0.900497 
-1.34714 2.20853 1.44077 
-0.3465 1.51103 1.46579 
