1 -7.74133 2.86046 
1 -8.93956 3.6889 
1 -2.74324 2.28181 
1 -9.57816 4.26409 
1 -1.26532 2.62554 
1 -5.94264 6.28536 
1 -9.09814 3.85768 
1 -8.68944 4.42964 
1 -9.85855 4.47523 
1 -8.98716 3.80398 
1 0.94256 3.28891 
1 -9.26217 3.99561 
1 -7.17905 2.39243 
1 -9.50111 4.22702 
1 -9.18102 3.99458 
1 -9.90051 4.44502 
1 -7.67599 2.81976 
1 4.38323 1.15743 
1 -9.1504 3.9571 
1 5.48282 0.882542 
1 0.0654954 2.27284 
1 6.57804 0.680606 
1 -8.34481 3.32051 
1 -4.04822 4.90624 
1 -8.46162 3.40234 
1 2.05245 3.52516 
1 -9.73804 4.33152 
1 3.70881 1.29819 
