1 -0.44803 -19.8417 
1 0.0765263 -31.8701 
1 -0.10167 -28.0026 
1 0.270814 -36.7031 
1 -0.342257 -22.3925 
1 -0.223324 -25.5879 
1 0.239577 -35.79 
1 -0.151157 -27.2417 
1 -0.218018 -25.0904 
1 0.284065 -36.8678 
1 0.246477 -35.6439 
1 0.08052 -31.8642 
1 -0.351586 -21.9947 
1 -0.054927 -29.7441 
1 0.315657 -37.6581 
1 -0.254061 -24.1807 
1 -0.422579 -21.2695 
1 -0.117636 -27.6823 
1 -0.394632 -21.2189 
1 -0.101146 -27.8027 
1 0.0797923 -32.0297 
1 -0.420596 -20.9621 
1 -0.300105 -23.7083 
1 -0.16033 -26.9194 
1 -0.487998 -19.2602 
1 -0.303677 -23.3726 
1 -0.0965131 -28.5975 
1 0.321651 -37.172 
1 0.119539 -32.675 
1 0.307656 -37.2935 
1 0.00382528 -30.7275 
1 -0.447169 -21.0774 
1 0.0341046 -30.8634 
1 -0.337586 -23.0628 
1 -0.116089 -27.3668 
1 -0.439503 -20.2695 
1 0.226866 -35.5217 
1 -0.0609745 -28.7248 
1 -0.486515 -19.4411 
1 -1.12082 -3.95046 
1 -0.271714 -23.5065 
1 -0.385374 -22.0364 
1 -0.34468 -23.0441 
1 -0.246545 -24.4576 
1 0.2018 -34.9676 
1 0.234472 -35.7653 
1 -1.16112 -4.08119 
1 -0.023921 -30.1582 
1 -0.00494908 -30.3713 
1 0.33843 -38.3371 
1 -0.298272 -23.3651 
1 -0.390982 -21.3499 
1 -0.147676 -26.9777 
1 0.064613 -31.8753 
1 -0.41257 -21.131 
1 -0.00414013 -30.089 
1 -0.380343 -21.9246 
1 0.357948 -38.8661 
1 0.113096 -33.2516 
1 -0.251423 -24.9493 
1 0.348298 -38.5478 
1 -0.329597 -22.8984 
1 -0.267463 -24.5376 
1 -0.164263 -26.1072 
1 0.254464 -36.3996 
1 0.02242 -30.4967 
1 -0.0863271 -28.4269 
1 0.178942 -34.2676 
1 -0.166432 -26.4287 
1 -0.0504831 -28.8419 
1 -0.386726 -21.6775 
1 0.259749 -36.4259 
1 0.222926 -35.3588 
1 -0.0856149 -28.4218 
1 0.0477907 -31.2684 
1 0.304827 -36.8385 
1 0.287935 -36.6066 
1 0.129848 -33.1931 
