1 2.42037 2.51349 
1 0.294647 0.266296 
1 5.29121 5.50165 
1 6.22788 6.49847 
1 2.09728 2.15936 
1 3.25248 3.33869 
1 2.3888 2.47149 
1 3.25373 3.37704 
1 0.368576 0.322741 
1 0.63053 0.624748 
1 -0.531206 -0.627187 
1 0.171664 0.130018 
1 2.42527 2.48558 
1 3.16581 3.28973 
1 1.30361 1.34166 
1 2.14088 0.75896 
1 1.08803 1.11522 
1 0.107564 0.0765333 
1 4.22428 4.37526 
1 -2.50153 -2.63296 
1 -0.634038 -0.677357 
1 -3.04167 -3.22027 
1 1.22256 1.21992 
1 -0.473566 -0.512961 
1 -1.49868 -1.60495 
1 -5.18185 -5.47816 
1 1.29651 1.32941 
1 -4.17092 -4.40062 
1 5.91962 6.1093 
1 -3.61002 -3.80122 
1 -1.05836 -1.12163 
1 6.98608 7.32312 
1 6.46394 6.72608 
1 6.67444 6.98385 
1 2.7949 2.90762 
1 3.77008 3.89967 
1 8.20266 8.60101 
1 7.02479 7.35214 
1 4.0692 4.25069 
1 0.286258 0.20828 
1 6.62418 6.92477 
1 7.15689 7.4741 
1 0.718716 0.741889 
1 3.21836 3.35231 
1 7.71177 8.07203 
1 0.923126 0.922476 
1 0.894622 -0.384464 
1 6.49622 6.80322 
1 0.646458 0.625531 
1 2.00088 2.03528 
1 -2.34781 -2.52277 
1 3.6042 3.76425 
1 1.37472 1.38233 
1 5.55361 5.82876 
1 4.35239 4.53288 
1 -2.12062 -2.28783 
1 5.05726 5.28904 
1 4.78932 4.95192 
1 7.39505 7.70543 
1 -5.20704 -5.52866 
1 -0.176039 -0.231932 
1 6.89971 7.23331 
1 4.99693 5.20574 
1 4.65267 4.85634 
1 -0.182317 -0.231862 
1 -0.358394 -0.430704 
1 -1.30069 -1.40987 
