1 -0.377264 0.407609 
1 -5.90984 4.7396 
1 -6.05545 4.86736 
1 1.21357 -0.816983 
1 -4.21714 3.44816 
1 -2.22313 1.94779 
1 -2.9877 2.47323 
1 5.222 -3.90701 
1 4.63391 -3.4785 
1 2.85224 -2.06407 
1 8.23479 -6.30289 
1 4.89276 -3.70168 
1 -4.31108 3.4862 
1 5.27678 -3.98485 
1 0.308141 -0.0154493 
1 -2.32647 0.677866 
1 0.197601 1.23764 
1 -5.66044 4.56049 
1 0.987415 -0.63543 
1 -5.02229 4.06638 
1 8.59129 -6.5659 
1 2.70445 -1.95958 
1 5.06637 -3.79606 
1 5.78378 -5.29052 
1 -5.88543 4.71395 
1 -5.90673 4.73764 
1 -2.34544 1.94961 
1 -5.86916 4.77778 
1 -6.27935 5.05388 
1 -0.408988 0.441897 
1 -3.29329 2.68986 
1 -0.000436027 0.726645 
1 5.01311 -3.81573 
1 -6.00004 4.78204 
1 -3.17879 2.6195 
1 3.67451 -2.73832 
1 3.48135 -2.56056 
1 -1.1687 1.09123 
1 -3.35439 2.74527 
