1 1.89493 1.46113 
1 0.829602 0.658852 
1 4.31785 -1.26012 
1 7.80013 -5.94703 
1 -0.727012 4.39461 
1 0.385252 3.11339 
1 -0.141149 3.65372 
1 1.54207 1.58209 
1 -3.70667 7.61548 
1 1.99809 1.43685 
1 -6.26226 10.336 
1 -2.97471 6.88819 
1 6.25606 -4.76763 
1 5.222 -3.90701 
1 3.53165 -0.400712 
1 5.12736 -2.14243 
1 8.23479 -6.30289 
1 0.264741 3.2013 
1 -6.29473 10.4284 
1 1.73295 1.59445 
1 -1.35656 5.05972 
1 5.27678 -3.98485 
1 5.41136 -2.43767 
1 -5.0153 9.09595 
1 -4.82714 8.85124 
1 -5.52233 9.58849 
1 0.783953 2.66381 
1 -3.42814 7.27462 
1 -3.28799 7.12748 
1 -3.66205 7.6006 
1 -6.47807 10.697 
1 1.35397 2.02225 
1 -4.86041 8.90026 
1 -6.00888 10.1628 
1 4.45181 -1.45478 
1 6.00564 -3.09528 
1 1.23836 2.086 
1 -5.86732 9.98108 
1 3.74263 -0.602011 
1 -5.52171 9.58776 
1 -1.80899 5.48453 
1 -5.91678 10.0231 
1 5.16741 -2.22113 
1 -3.51044 7.36591 
1 4.14262 -1.05754 
1 8.25502 -6.29999 
1 -5.30376 9.28228 
1 8.59129 -6.5659 
1 5.1809 -2.21728 
1 2.05376 0.743112 
1 -2.32721 6.02608 
1 -2.61267 6.30095 
1 -3.97206 7.8656 
1 8.34268 -6.39011 
1 -2.84885 6.62405 
1 -2.17408 5.48123 
1 -0.997776 3.40276 
1 -3.94625 7.91602 
1 7.53192 -5.73245 
1 -5.10736 9.14999 
1 -0.906441 4.49829 
1 -1.49464 5.13427 
1 -2.75868 6.62253 
1 5.63331 -2.63379 
1 -6.54294 10.697 
1 1.78337 1.50453 
1 5.01311 -3.81573 
1 5.16216 -2.18611 
1 0.299735 3.11932 
1 0.585571 2.93213 
1 -5.88146 10.0959 
1 4.66659 -1.60049 
1 3.48135 -2.56056 
1 -0.837433 4.41757 
1 -3.22085 7.05509 
1 -2.86399 6.7236 
1 2.63586 0.591137 
1 1.71399 1.59047 
1 6.7082 -5.12005 
1 -1.74163 5.4562 
1 -0.542481 4.10859 
1 4.19117 -1.06565 
1 2.66508 0.749759 
1 -6.47579 10.6673 
