1 -2.40572 0.708001 
1 -7.51827 0.687466 
1 -2.97336 0.713088 
1 -0.377264 0.407609 
1 8.29351 0.662236 
1 4.27833 0.644901 
1 -6.89374 0.741876 
1 5.59187 3.91512 
1 1.30637 1.34136 
1 -4.66277 0.708645 
1 -2.22313 1.94779 
1 -7.30412 0.722841 
1 7.99377 0.710518 
1 -8.08322 0.711395 
1 9.13809 0.681049 
1 10.821 0.682073 
1 0.347261 0.982888 
1 0.769901 0.565588 
1 -8.7944 -3.33455 
1 2.13831 1.15264 
1 -5.79453 0.72627 
1 2.65208 0.910371 
1 0.308141 -0.0154493 
1 -7.49116 0.688578 
1 -2.32647 0.677866 
1 5.30194 0.692919 
1 0.197601 1.23764 
1 -8.33082 0.738687 
1 8.013 0.68579 
1 9.54017 0.697819 
1 -4.65137 0.686429 
1 8.36287 0.697162 
1 -0.108832 0.215177 
1 4.41716 0.648502 
1 -2.11975 0.69512 
1 4.00681 0.720924 
1 -8.50989 0.714449 
1 -5.26008 0.705969 
1 -3.74939 0.71766 
1 1.57364 0.668894 
1 7.30493 2.42391 
1 -1.1687 1.09123 
1 8.03154 0.682137 
1 -8.48655 0.671503 
1 -1.55935 0.744283 
1 -4.89926 0.722296 
