1 -5.90984 4.7396 
1 -6.05545 4.86736 
1 -4.2026 3.44687 
1 -4.21714 3.44816 
1 7.52844 -5.74488 
1 -2.9877 2.47323 
1 2.85224 -2.06407 
1 4.89276 -3.70168 
1 -1.67322 0.655209 
1 -4.31108 3.4862 
1 6.66081 -5.0381 
1 -2.05628 0.714487 
1 0.661676 -0.378366 
1 -5.66044 4.56049 
1 -3.51429 2.89977 
1 -5.02229 4.06638 
1 1.06975 0.727672 
1 2.70445 -1.95958 
1 5.06637 -3.79606 
1 5.78378 -5.29052 
1 5.24376 -3.9577 
1 -5.88543 4.71395 
1 -5.90673 4.73764 
1 -5.86916 4.77778 
1 -6.27935 5.05388 
1 -0.408988 0.441897 
1 -3.29329 2.68986 
1 -0.000436027 0.726645 
1 -6.00004 4.78204 
1 -3.17879 2.6195 
1 0.551868 0.652903 
1 2.08529 -1.47378 
1 0.879544 -0.513945 
1 -3.35439 2.74527 
1 -4.1455 3.39731 
