1 2.95183 1.21785 
1 5.57853 3.34658 
1 2.88692 1.15941 
1 1.63903 0.113489 
1 -3.63631 -4.17329 
1 1.66608 -0.0388691 
1 -7.2504 -7.076 
1 -7.1049 -6.95797 
1 3.43258 1.57383 
1 -3.68187 -4.16626 
1 0.671911 -0.658814 
1 -2.2942 -3.05999 
1 -7.79292 -7.51749 
1 -0.129698 -1.30863 
1 4.4769 2.41924 
1 2.56386 0.874632 
1 -4.08484 -4.49902 
1 -8.01153 -7.70849 
1 -2.48625 -3.21527 
1 1.56119 -0.0350473 
1 1.93832 0.391758 
1 -1.10051 -2.1111 
1 -2.82064 -3.49548 
1 3.24068 1.45307 
1 -6.95232 -6.84414 
1 -4.95774 -5.20996 
1 -7.09793 -6.96917 
1 3.62328 1.74528 
1 -5.48972 -5.64551 
1 -2.8339 -3.50493 
1 -3.40266 -3.95271 
1 -6.70399 -6.63164 
1 3.76666 1.89726 
1 -2.02663 -1.81634 
1 0.807756 -0.543556 
1 1.77257 -0.073623 
1 -3.39504 -3.96935 
1 5.54615 3.30546 
1 1.9935 -0.180588 
1 -5.51723 -5.69449 
1 5.16545 2.97429 
1 -1.31627 -2.27361 
1 3.83973 1.89946 
1 5.75471 3.48261 
1 -0.936159 -1.96314 
1 -2.94432 -2.16924 
1 -3.98615 -4.47315 
1 -0.0995694 -1.12067 
1 3.99042 2.05656 
1 2.70393 0.979146 
1 -7.54133 -7.32943 
1 3.56976 1.71896 
1 1.0449 -0.352503 
1 -5.45205 -5.58646 
1 -8.57874 -8.1674 
1 -5.65992 -5.82871 
1 -2.34031 -3.09017 
1 1.3575 0.143272 
1 -5.93022 -6.03091 
1 3.0032 1.24169 
1 5.79824 3.50223 
1 -2.62342 -3.32359 
1 -2.50054 -3.25559 
1 4.73196 2.66076 
1 0.966307 -0.404353 
1 -5.91202 -5.99738 
1 -2.12114 -2.90015 
1 -6.33091 -5.51297 
1 -5.45941 -5.62972 
1 -8.4929 -8.06916 
1 -6.5721 -6.54305 
1 -6.09718 -6.14024 
1 3.74686 1.84451 
1 -4.77435 -5.09326 
1 -2.12597 -2.92705 
1 -0.526621 -1.63934 
1 -8.25291 -7.93052 
1 -6.87962 -6.81585 
