1 -4.92178 2.63479 
1 -2.42818 2.87246 
1 5.92839 -1.72165 
1 -0.224928 0.749001 
1 -0.972772 1.05994 
1 -1.41098 1.24707 
1 8.9703 -2.97837 
1 -2.14757 1.54457 
1 -3.65418 2.18462 
1 -1.37865e-05 0.67026 
1 -3.29355 1.13918 
1 2.63165 -0.434269 
1 9.31478 -3.13252 
1 0.517827 0.417422 
1 7.71145 -2.38681 
1 0.907485 -0.432592 
1 -4.48482 2.43267 
1 -0.503277 0.848813 
1 5.42172 -1.55225 
1 5.20712 -1.46429 
1 2.99695 -0.576185 
1 -2.61654 1.70972 
1 -2.58315 1.67093 
1 4.35778 -1.11427 
1 7.61004 -2.39055 
1 5.55696 -1.62261 
1 0.219353 0.586895 
1 -7.61801 3.70309 
1 1.11484 0.192233 
1 1.62124 0.120582 
1 -4.42508 2.44601 
1 -1.73563 1.34478 
1 -6.26322 3.20041 
1 -2.32064 2.97136 
1 -1.03624 1.0775 
1 -2.87797 1.87155 
1 -3.72443 2.17664 
1 5.59436 -1.59041 
1 1.02946 -0.360188 
1 4.14086 -1.04368 
1 9.35027 -3.12734 
1 0.705999 0.337639 
1 3.54579 -0.758239 
1 -3.45127 1.99174 
1 6.21045 -1.89511 
1 3.76661 0.360149 
1 10.2897 -3.49795 
1 -6.64152 3.36883 
1 0.176635 0.570511 
1 -6.14603 3.12624 
1 2.94554 -0.548309 
1 7.0573 -2.21341 
1 6.37235 -1.95835 
1 -6.30205 3.17905 
1 -4.85297 2.61895 
1 -1.68478 1.32073 
1 2.0315 -0.190679 
1 -6.1982 3.11686 
1 -5.33792 2.80945 
1 -1.022 1.01178 
1 10.3509 -3.53739 
1 0.129972 0.597979 
1 -3.49005 2.08981 
1 10.4685 -3.59268 
1 -6.53584 3.31787 
1 5.46349 -1.59314 
1 -2.45129 1.65111 
1 -2.29509 1.62311 
1 6.31109 -1.90207 
1 -2.38283 1.63858 
1 0.0679966 0.642463 
1 -0.864919 0.974034 
1 -0.657672 0.961829 
1 1.22141 0.22448 
1 2.72533 -0.465017 
1 6.50121 -1.99914 
1 1.9607 -0.347123 
1 6.63987 -2.00868 
1 -5.29014 2.82469 
1 1.49652 0.0314556 
1 8.83016 -2.90032 
1 1.22018 -0.598452 
1 3.05337 -0.568842 
1 -0.113165 0.652636 
1 -6.33421 3.23111 
1 0.919502 0.270908 
1 -2.6939 2.39691 
1 -1.31116 1.12993 
1 -6.88514 3.41245 
1 9.14536 -3.03595 
1 7.72068 -2.46559 
1 8.51203 -2.77912 
1 6.98832 -2.1525 
1 1.83036 -0.0881502 
1 -2.5824 1.67793 
1 -7.93272 3.79922 
1 -4.32769 2.34793 
1 8.33319 -2.73467 
1 -1.51309 1.20163 
1 -6.46269 3.2775 
1 10.5858 -3.6204 
1 -3.10578 1.90467 
1 -4.9972 2.64487 
1 -2.52879 1.69086 
1 8.13516 -2.67806 
1 5.78186 -1.69158 
1 10.0972 -3.43905 
1 7.72226 -2.51169 
1 4.62123 -1.22454 
