1 -3.40698 8.71676 
1 -0.322692 0.357309 
1 -2.92501 7.41821 
1 1.31953 -4.10466 
1 -2.94263 7.44753 
1 0.764721 -2.60699 
1 -2.03141 4.97224 
1 0.806619 -2.71916 
1 2.45827 -7.22629 
1 -0.846389 1.79972 
1 2.16534 -6.41834 
1 -1.47043 3.45134 
1 -2.97584 7.57219 
1 -2.15711 5.35027 
1 1.78845 -5.38881 
1 -3.00029 7.62953 
1 2.62563 -7.68728 
1 -1.16703 2.60009 
1 -3.01813 7.63589 
1 1.50809 -4.64857 
1 -0.73228 1.45606 
1 -3.62394 9.3157 
1 0.571521 -2.052 
1 -4.02408 10.4358 
1 -2.13449 5.26232 
1 -0.513037 0.855301 
1 1.94603 -5.86258 
1 -1.50485 3.56435 
1 2.32553 -6.83061 
1 1.28105 -4.00609 
1 -0.201462 -0.000844428 
1 0.834729 -2.79015 
1 2.44761 -7.2039 
1 0.271766 -1.24825 
1 0.285753 -1.28411 
1 0.85559 -2.86311 
1 1.54145 -4.71535 
1 1.35383 -4.23823 
1 -3.07361 7.78081 
1 1.50568 -4.59324 
1 0.0924819 -0.74293 
1 -1.94547 4.74148 
1 -3.47266 8.87034 
1 2.54805 -7.42161 
1 -2.09936 5.15825 
1 1.95676 -5.8725 
1 1.24434 -3.89629 
1 -1.25549 2.85463 
1 -2.90195 7.37953 
1 -0.167945 -0.0465823 
1 -2.47535 6.20992 
1 -1.16261 3.22626 
1 -2.66896 6.70244 
1 -2.90574 7.39509 
1 -1.92244 4.74354 
1 -3.68835 9.43256 
1 2.62475 -7.63459 
1 -0.408141 0.588204 
1 0.373904 -1.5083 
1 -3.22971 8.24841 
1 1.63236 -4.93821 
1 0.766148 -2.62282 
1 2.25323 -6.70844 
1 -2.61596 6.52814 
1 1.50227 -4.58128 
1 0.781785 -2.64595 
1 2.30734 -6.7975 
1 -3.55018 9.12222 
1 1.83703 -5.51854 
1 -1.9566 4.76636 
1 0.819321 -2.74496 
1 -3.36405 8.6479 
1 -2.97563 7.5849 
1 -3.63098 9.34991 
1 -2.97657 7.61209 
1 -2.77502 7.04204 
1 -3.22884 8.29344 
1 1.98509 -5.93222 
1 1.69381 -5.16391 
1 -3.28395 8.45372 
1 1.32713 -4.13287 
1 2.52175 -7.40401 
1 2.03849 -6.1191 
1 -0.494377 0.813722 
1 1.49445 -4.57504 
1 1.64616 -4.9907 
1 -0.252632 0.168918 
1 1.66053 -5.04777 
1 -0.645001 1.20962 
1 -0.0616344 -0.442484 
1 -3.97888 10.3011 
1 2.62452 -7.66851 
1 -3.64706 9.38074 
1 0.983727 -3.17048 
1 -2.74755 6.91688 
1 -3.05733 7.80399 
1 -2.19933 5.4133 
1 2.01669 -6.04057 
1 2.29349 -6.79909 
1 -0.240932 0.151664 
1 -3.95958 10.2434 
1 0.29708 -1.31962 
1 -2.64177 6.63871 
