1 -6.07087 1.60198 
1 3.7903 4.99621 
1 -8.28164 -0.869209 
1 -5.36011 0.54313 
1 -9.40117 0.91675 
1 7.9744 4.2287 
1 -9.45707 0.914719 
1 1.9322 3.14423 
1 4.26964 3.66131 
1 -3.63403 1.37885 
1 4.5759 5.38075 
1 1.89023 3.07621 
1 -5.44067 1.64603 
1 -5.62154 1.58608 
1 -5.61343 0.332576 
1 -1.52252 2.40751 
1 0.0307716 2.79041 
1 -2.77446 0.890383 
1 -4.82424 1.81999 
1 -10.6592 -2.10277 
1 -3.15262 2.11608 
1 -2.78813 2.2317 
1 -1.53065 2.47457 
1 4.62392 5.35713 
1 5.26337 5.71941 
1 1.13983 2.94777 
1 -3.10437 1.62689 
1 -9.63032 -1.57131 
1 -4.47669 1.90882 
1 2.12336 4.15317 
1 -5.21023 0.60031 
1 1.06219 2.86822 
1 -5.99094 0.173966 
1 -3.37183 2.00779 
1 -2.26279 2.04914 
1 -9.23726 -1.36368 
1 -6.25941 1.43449 
1 -7.75727 1.20511 
1 3.41747 4.7895 
1 -8.1467 1.13333 
1 -4.0774 1.10293 
1 -4.81358 1.84835 
1 4.74902 3.75447 
1 -3.04488 1.63279 
1 5.64357 5.89388 
1 -3.9319 1.97033 
1 -1.31804 2.45993 
1 3.28536 4.69789 
1 5.43769 5.75064 
1 0.467115 3.36141 
1 -1.1084 2.47507 
1 -8.5274 -1.03865 
1 0.0631388 2.77396 
1 4.08205 5.11831 
1 1.91419 3.10804 
1 -9.7055 -1.59044 
1 0.306019 2.84105 
1 -4.65158 -0.96579 
1 -4.38983 -0.469601 
1 -6.94798 -0.270438 
1 -1.23236 2.52731 
1 -7.38371 1.29761 
1 -7.2799 1.3165 
1 -5.24544 0.576478 
1 -2.73287 2.17299 
1 -0.854093 2.58646 
1 -5.00595 1.72689 
1 -3.12402 2.12745 
1 0.240039 3.21367 
1 -7.9595 1.14174 
1 3.25983 3.39081 
1 -4.8989 1.75878 
1 -0.4211 2.72183 
1 3.97653 3.56216 
1 -2.8592 2.23774 
1 -6.86257 1.30497 
1 -3.14297 2.1542 
1 -4.68008 1.747 
1 -0.222916 2.98862 
1 -0.229621 2.71707 
1 -5.32442 0.526434 
1 -1.08249 2.52214 
1 1.5804 2.99972 
1 -6.73685 -0.152146 
1 -5.04463 1.7384 
1 -9.28439 0.878767 
1 -6.11826 0.123821 
1 4.59459 5.34137 
1 -2.63271 2.23284 
1 -1.82415 2.41051 
1 -2.78039 1.78135 
1 5.15852 5.67209 
1 -5.05048 1.79984 
1 -5.05776 1.70537 
1 -1.14798 2.52867 
1 5.94875 3.93644 
1 -7.34004 -0.435465 
1 -1.20771 2.57623 
1 -0.67081 2.78609 
1 5.51767 5.80809 
1 2.5849 3.35199 
1 1.54611 3.89013 
1 1.9617 3.24226 
1 4.50873 5.32996 
1 -0.964477 2.64315 
1 3.45573 4.80528 
1 5.5951 3.83009 
1 -10.4731 -2.00948 
1 3.16275 3.41421 
1 0.0167367 2.82325 
1 0.894017 3.5289 
1 2.96119 3.40415 
1 -2.43614 2.29371 
1 -6.52458 1.43281 
1 -2.60177 2.25638 
1 -1.33429 2.45249 
1 -3.5916 2.18202 
1 -3.44853 1.4753 
1 -0.703829 2.60029 
1 4.05612 3.5838 
1 -5.29412 1.71872 
1 -1.61262 2.32541 
1 -5.48656 1.70949 
1 -8.85644 0.990056 
1 -4.34404 0.972605 
1 4.88855 3.71684 
1 -5.21886 1.77166 
1 -7.39824 1.2995 
1 -2.18333 4.23949 
1 8.77303 4.51193 
1 3.20404 4.73357 
1 3.91757 3.51331 
1 5.41178 3.93413 
1 -7.69735 1.2285 
1 -4.22268 1.05059 
1 3.3353 4.75293 
