1 6.21058 4.03599 
1 5.59018 3.90288 
1 7.21913 4.24578 
1 7.83311 4.288 
1 6.23107 4.04755 
1 -0.0973241 2.73813 
1 9.43413 4.68872 
1 8.85165 4.47638 
1 1.97366 3.0866 
1 9.70604 4.7377 
1 9.54549 4.69373 
1 -9.84078 -1.6987 
1 4.17282 3.56986 
1 1.77777 3.12632 
1 7.69143 4.34055 
1 8.47281 4.42893 
1 -0.292142 2.68893 
1 7.3707 4.21878 
1 1.51271 3.00498 
1 6.33329 4.08535 
1 9.22681 4.5267 
1 9.40152 4.67019 
1 8.57621 4.4512 
1 -6.03095 0.147226 
1 -7.89095 -0.697179 
1 4.28662 3.63128 
1 -6.18049 1.49376 
1 8.90336 4.54766 
1 3.61551 3.46984 
1 -0.825365 2.55789 
1 -4.1102 0.306879 
1 -10.0088 -1.76002 
1 3.99107 3.48735 
1 -6.613 -0.0597667 
1 0.772015 2.87185 
1 -1.80287 2.28163 
1 -4.16492 0.0588279 
1 -8.40414 -0.989406 
1 6.1303 4.02951 
1 -8.64168 -1.09204 
1 5.99287 3.91188 
1 -3.57647 2.00776 
1 7.41151 4.14745 
1 9.54196 4.71701 
1 5.52795 3.83356 
