1 -6.08088 12.4252 
1 -3.8728 11.822 
1 -0.140631 10.6317 
1 -0.241101 10.6937 
1 3.55874 9.50718 
1 3.24516 9.6121 
1 -10.0188 13.5645 
1 6.65059 8.53356 
1 -5.65619 12.3224 
1 6.09308 8.71801 
1 -7.50048 12.874 
1 -2.60331 11.4146 
1 -2.01025 11.1721 
1 -5.59358 12.2422 
1 -6.3912 12.488 
1 -2.96376 11.4413 
1 -10.3403 13.7956 
1 -7.30393 12.9337 
1 -4.96298 12.1689 
1 -7.12826 12.7869 
1 0.327278 10.5691 
1 3.07306 9.78103 
1 3.59922 9.54249 
1 4.70763 9.12394 
1 -0.131737 10.6904 
1 -7.35648 12.834 
1 3.04932 9.70271 
1 -8.16166 13.1244 
1 2.98208 9.80445 
1 8.21781 8.20839 
1 -2.54676 11.3406 
1 -7.24764 12.7937 
1 -3.73913 11.8048 
1 -6.20247 12.5219 
1 7.70736 8.31756 
1 -4.62383 11.9665 
1 -7.6292 12.9714 
