1 0.725228 -2.79062 
1 -5.04906 4.48074 
1 -2.72063 1.56614 
1 -6.68893 6.54527 
1 -0.944384 -0.729879 
1 -5.44541 5.86771 
1 -3.18229 2.13774 
1 -1.59627 0.104625 
1 -4.96511 4.37582 
1 -5.54326 5.12297 
1 -2.13187 0.782246 
1 -2.99891 1.89062 
1 1.59417 -3.8891 
1 -5.23323 4.70398 
1 -3.22184 2.19114 
1 -1.99487 0.614441 
1 -2.75828 1.58923 
1 -6.09576 5.76154 
1 -3.86246 2.97797 
1 -2.28351 0.986139 
1 -5.36823 6.22407 
1 -5.54974 5.11758 
1 -4.05957 3.20041 
1 -5.65035 5.242 
1 -3.48782 2.52607 
1 -5.21661 4.72143 
1 4.23397 -7.20854 
1 -0.42275 -1.3566 
1 1.09812 -3.25441 
1 -3.12549 2.05024 
1 -3.31858 2.34351 
1 -3.47738 2.50192 
1 -5.71383 4.05481 
1 -5.17408 4.62307 
1 -3.74064 2.83648 
1 -4.9585 4.34521 
1 2.75822 -5.35368 
1 -6.20381 5.94473 
1 -3.65618 2.72033 
1 -6.78413 6.67305 
1 -4.37181 3.61557 
1 -5.46322 5.57861 
1 -6.27631 6.0285 
1 -6.26991 6.02497 
1 -6.00673 5.68375 
1 -0.230854 -1.56476 
1 -2.43583 1.17994 
1 -6.91721 6.81073 
1 -5.97999 5.63505 
1 -2.02164 0.641308 
