1 -4.93027 4.32851 
1 -4.65299 4.00943 
1 -3.90949 3.04269 
1 0.939707 -3.09304 
1 -5.48386 5.05843 
1 2.77261 -5.41459 
1 -6.50579 6.28454 
1 3.47262 -6.24464 
1 -0.606197 -1.14093 
1 3.15795 -5.85017 
1 5.09231 -8.28226 
1 2.38608 -4.89738 
1 -5.83999 5.47374 
1 4.11058 -7.09932 
1 3.83784 -6.75534 
1 2.61908 -5.23059 
1 2.91668 -5.52084 
1 4.56149 -7.63071 
1 -0.274729 -1.53398 
1 5.16654 -8.42055 
1 2.53513 -5.10275 
1 -0.520869 -1.26338 
1 1.76943 -4.12783 
1 3.01731 -5.68519 
1 1.35938 -3.61608 
1 -1.17437 -0.410365 
1 3.68066 -6.53544 
1 -3.42186 2.45283 
1 -1.30502 -0.264348 
1 3.50523 -6.30934 
1 1.47412 -3.74987 
1 -3.51315 2.55978 
1 -2.28125 0.997526 
1 5.07897 -8.28799 
1 4.09922 -7.04963 
1 4.98105 -8.12674 
1 0.805659 -2.89537 
1 2.99072 -5.66468 
1 -4.7569 4.09207 
1 -0.785422 -0.901 
1 4.4293 -7.49507 
1 3.17605 -5.91837 
1 1.93471 -4.33511 
1 -5.8383 3.12758 
1 -3.834 2.96679 
1 2.86245 -5.50721 
1 -5.7879 5.39005 
1 0.67272 -2.74283 
1 0.639169 -2.72242 
1 -0.408396 -1.36238 
1 2.08464 -4.52704 
1 1.55228 -3.83086 
1 2.86898 -5.53191 
1 -1.18678 -0.410399 
1 2.94374 -5.64495 
1 -6.06646 1.82607 
1 0.693139 -2.7597 
1 1.82214 -4.24181 
1 2.83464 -5.44942 
1 3.49812 -6.28339 
1 -5.21051 4.67262 
1 -3.4089 2.40641 
1 -4.85744 4.20787 
1 1.64483 -3.99431 
1 -0.57404 -1.17147 
1 2.54611 -5.10643 
1 -5.87771 3.24319 
1 4.55926 -7.66693 
1 5.25093 -8.4793 
1 2.49595 -5.04279 
1 -1.98898 0.61524 
1 -3.67735 2.72995 
1 2.45894 -4.97818 
1 3.67049 -6.53702 
1 3.85308 -6.7828 
1 -0.723543 -0.976259 
1 1.87814 -4.27015 
1 3.55803 -6.38034 
1 -6.00728 2.42467 
1 -5.23181 4.71762 
1 3.32265 -6.10163 
1 1.31764 -3.51006 
1 3.51487 -6.27569 
1 -2.76797 1.61887 
1 -2.68072 1.47456 
1 4.22019 -7.22783 
1 3.56974 -6.37055 
1 -5.81792 3.34306 
1 -5.22111 4.69336 
1 3.02328 -5.72232 
1 -2.21816 0.886388 
1 2.52189 -5.07749 
1 -0.489864 -1.26888 
