2.20629	-2.21186	1.22478	 0
2.2047	-1.19852	0.979731	 0
2.21032	-1.97609	1.94999	 0
2.20242	-2.22505	1.55851	 0
2.20614	-1.44898	1.94957	 0
1.20979	-1.21623	0.979366	 0
2.20183	-2.11508	1.9557	 0
1.20808	-1.16785	1.12589	 0
1.20608	-2.16692	1.68434	 0
2.18538	-1.89898	1.9447	 0
1.20185	-1.39895	0.939972	 0
1.20342	-2.10096	0.941098	 0
1.82391	-1.18748	1.91634	 0
2.20072	-1.96151	0.923403	 0
1.19606	-2.15854	1.44104	 0
2.19297	-1.20036	1.63271	 0
-0.0605337	2.66599	1.26875	 1
0.969589	3.69855	1.76201	 1
0.444705	3.68868	0.98348	 1
-0.0703428	3.65345	0.97028	 1
0.948091	3.51487	0.961457	 1
0.0360665	2.66526	0.986654	 1
-0.0425993	3.66414	1.57707	 1
-0.0686732	3.19692	0.972453	 1
0.947356	2.66247	1.45174	 1
-0.0444221	2.66934	1.27599	 1
0.957155	2.67864	1.16215	 1
0.955899	2.8945	0.961658	 1
0.934625	2.81932	1.98661	 1
-0.0488009	3.65448	1.7438	 1
-0.0377791	2.64722	1.92041	 1
0.838059	2.69165	0.983874	 1
0.288911	3.66409	1.98501	 1
0.941737	3.03845	0.979323	 1
0.951788	3.27945	1.99007	 1
0.825549	2.6559	0.96606	 1
-0.0676034	2.67814	1.29222	 1
0.475894	2.67129	0.990331	 1
0.636544	3.64491	1.97864	 1
0.79257	2.64091	1.95437	 1
0.672451	3.65013	1.95799	 1
0.860783	0.738876	0.437148	 1
2.20662	-1.22034	1.26033	 2
3.80477	6.77979	4.41129	 3
3.76796	7.38216	3.51334	 3
3.76532	7.52592	4.4852	 3
4.74835	7.81568	4.37815	 3
4.24287	6.83178	4.47072	 3
4.47942	6.80066	3.44131	 3
4.22102	6.80431	3.4675	 3
3.72298	7.73861	3.45365	 3
3.80692	6.90961	4.46922	 3
4.13546	7.81738	3.47592	 3
4.7314	7.88269	3.53856	 3
3.78948	6.87968	3.65263	 3
3.75498	7.64197	4.41582	 3
4.77404	7.81502	4.50046	 3
4.76388	6.89198	4.53672	 3
4.7709	7.51504	4.44435	 3
3.74016	6.77648	4.12982	 3
4.19265	6.75253	3.41632	 3
4.71789	7.19833	3.41409	 3
3.78584	7.2442	3.47134	 3
4.77742	7.17549	4.53073	 3
4.67656	6.8917	3.55428	 3
3.71363	7.50192	4.46321	 3
4.77475	7.34776	4.49469	 3
4.76858	6.84379	3.56783	 3
4.58422	7.86178	4.53087	 3
3.72773	6.78501	4.40294	 3
4.27511	7.81393	4.45206	 3
4.09687	7.86199	3.49785	 3
4.81461	7.33714	4.56638	 3
3.755	6.97899	3.51147	 3
4.73577	6.78961	3.70744	 3
4.44964	7.87985	3.50068	 3
3.74487	6.8772	3.42534	 3
3.75301	6.91772	3.46544	 3
4.34671	6.8751	4.54793	 3
3.71296	7.78295	3.8132	 3
3.75222	7.8226	3.82606	 3
3.75061	7.22194	4.48434	 3
3.89562	6.81976	4.4944	 3
4.45159	7.84311	4.4975	 3
4.76964	7.84151	4.30554	 3
4.09852	7.86875	3.52032	 3
4.77047	7.61086	4.47077	 3
4.74426	7.81011	4.27945	 3
4.73746	6.86077	3.4851	 3
4.75118	7.27392	4.44998	 3
4.77913	7.89051	4.31818	 3
3.72151	7.77874	4.43589	 3
4.75065	6.93518	3.49137	 3
4.29837	7.85669	4.49944	 3
4.73224	7.81109	4.18265	 3
3.77569	7.22706	4.50572	 3
4.7645	7.8403	4.03033	 3
4.59654	6.75547	3.40467	 3
4.72508	6.86131	3.5162	 3
4.36037	6.88314	3.53602	 3
4.76935	6.84638	3.66846	 3
4.76171	6.88929	4.48935	 3
3.78363	7.84874	3.50547	 3
4.73987	6.94169	3.47802	 3
4.21541	6.75406	4.37633	 3
3.76936	7.61901	3.5028	 3
4.6353	7.80809	3.4534	 3
4.70688	7.22701	3.42999	 3
3.75798	6.84026	4.40586	 3
4.01063	6.79149	3.445	 3
4.74475	7.15033	4.44539	 3
4.74577	7.8003	4.39535	 3
3.72621	7.7701	3.59375	 3
4.7729	7.19519	3.48981	 3
4.81529	7.92418	4.35469	 3
4.77132	6.85132	4.0843	 3
4.72901	7.08327	4.47244	 3
3.99599	6.83176	3.48362	 3
4.75472	7.474	3.49776	 3
4.77909	6.84262	3.76602	 3
4.76392	6.865	4.35927	 3
3.87238	7.81315	4.47439	 3
3.71558	7.57611	3.43934	 3
3.7774	6.82774	3.76799	 3
4.74204	6.77978	4.29974	 3
3.74506	7.82365	4.24163	 3
4.24818	7.851	3.48207	 3
4.07401	7.89298	3.55375	 3
4.68925	6.87481	4.49792	 3
3.73738	6.89903	4.43611	 3
4.01349	7.86728	4.53376	 3
4.76001	6.81211	4.20178	 3
4.76909	7.84988	4.04406	 3
4.76498	7.86483	4.37042	 3
4.77232	7.0165	4.52473	 3
4.74371	7.80248	4.03795	 3
4.7856	7.89356	4.15637	 3
3.77191	7.34927	3.50122	 3
3.75457	6.81524	4.45215	 3
4.62305	6.82796	4.49804	 3
4.76355	7.75271	3.47642	 3
3.72052	7.53974	4.39281	 3
3.75634	6.81027	3.51092	 3
4.72627	6.77443	3.81443	 3
4.17238	7.84057	4.48843	 3
3.73748	7.51668	3.41516	 3
4.7905	6.87892	4.47663	 3
3.7648	7.07132	3.50983	 3
4.1532	7.84943	4.52778	 3
4.74704	6.79434	4.24387	 3
3.76032	7.84521	3.82955	 3
4.71674	6.73352	4.03543	 3
3.7393	7.42493	3.45269	 3
4.70394	7.6036	3.39203	 3
3.80752	7.26543	3.55946	 3
3.77093	6.84599	4.40939	 3
4.76142	7.12513	3.48473	 3
3.94413	7.83731	4.48883	 3
3.76464	6.83266	4.34119	 3
4.74263	7.03305	4.39139	 3
4.52632	6.78363	4.42798	 3
3.76217	7.19794	3.4548	 3
3.75972	6.83583	3.55461	 3
4.66894	6.69587	3.92909	 3
4.73906	7.53354	3.43296	 3
4.11517	6.79923	3.44303	 3
3.79071	7.07929	4.52289	 3
3.74621	7.66337	4.44919	 3
10.4942	-0.970314	0.0808469	 4
10.9107	-1.35038	0.0617734	 4
10.9342	-1.97781	0.0931335	 4
10.2107	-1.99503	-0.909963	 4
10.4986	-1.00683	0.0854843	 4
9.93412	-1.80624	-0.938189	 4
10.8922	-0.958311	-0.22594	 4
9.97528	-1.96759	-0.890258	 4
10.8598	-0.96166	-0.650286	 4
9.96652	-1.93587	0.0744179	 4
10.9942	-1.07693	-0.906851	 4
10.7035	-0.983551	-0.936728	 4
10.9039	-0.98458	-0.915942	 4
10.0957	-1.96414	0.06713	 4
10.8728	-0.935608	-0.484899	 4
10.9051	-1.3109	0.0738449	 4
10.4619	-0.995155	0.100931	 4
10.8892	-1.95479	0.116049	 4
10.9621	-1.95024	-0.925922	 4
10.5359	-1.9749	-0.937911	 4
10.4003	-2.00196	0.0576897	 4
9.9037	-0.940635	-0.33066	 4
10.7798	-1.97454	-0.940877	 4
10.4552	-1.00157	0.0760817	 4
-2.78878	-0.492884	-0.836871	 5
-2.80965	-0.283845	-0.846054	 5
-1.81323	0.226038	-0.844261	 5
-1.89698	-0.75034	0.12545	 5
-2.59697	0.239195	-0.843182	 5
-0.77187	-1.08771	0.913699	 5
-2.81806	-0.755835	0.119795	 5
-2.80429	-0.742457	-0.117769	 5
