3.80477 6.77979 4.41129 
3.76796 7.38216 3.51334 
3.76532 7.52592 4.4852 
4.74835 7.81568 4.37815 
4.24287 6.83178 4.47072 
4.47942 6.80066 3.44131 
4.22102 6.80431 3.4675 
3.72298 7.73861 3.45365 
3.80692 6.90961 4.46922 
4.13546 7.81738 3.47592 
4.7314 7.88269 3.53856 
3.78948 6.87968 3.65263 
3.75498 7.64197 4.41582 
4.77404 7.81502 4.50046 
4.76388 6.89198 4.53672 
4.7709 7.51504 4.44435 
3.74016 6.77648 4.12982 
4.19265 6.75253 3.41632 
4.71789 7.19833 3.41409 
3.78584 7.2442 3.47134 
4.77742 7.17549 4.53073 
4.67656 6.8917 3.55428 
3.71363 7.50192 4.46321 
4.77475 7.34776 4.49469 
4.76858 6.84379 3.56783 
4.58422 7.86178 4.53087 
3.72773 6.78501 4.40294 
4.27511 7.81393 4.45206 
4.09687 7.86199 3.49785 
4.81461 7.33714 4.56638 
3.755 6.97899 3.51147 
4.73577 6.78961 3.70744 
4.44964 7.87985 3.50068 
3.74487 6.8772 3.42534 
3.75301 6.91772 3.46544 
4.34671 6.8751 4.54793 
3.71296 7.78295 3.8132 
3.75222 7.8226 3.82606 
3.75061 7.22194 4.48434 
3.89562 6.81976 4.4944 
4.45159 7.84311 4.4975 
4.76964 7.84151 4.30554 
4.09852 7.86875 3.52032 
4.77047 7.61086 4.47077 
4.74426 7.81011 4.27945 
4.73746 6.86077 3.4851 
4.75118 7.27392 4.44998 
4.77913 7.89051 4.31818 
3.72151 7.77874 4.43589 
4.75065 6.93518 3.49137 
4.29837 7.85669 4.49944 
4.73224 7.81109 4.18265 
3.77569 7.22706 4.50572 
4.7645 7.8403 4.03033 
4.59654 6.75547 3.40467 
4.72508 6.86131 3.5162 
4.36037 6.88314 3.53602 
4.76935 6.84638 3.66846 
4.76171 6.88929 4.48935 
3.78363 7.84874 3.50547 
4.73987 6.94169 3.47802 
4.21541 6.75406 4.37633 
3.76936 7.61901 3.5028 
4.6353 7.80809 3.4534 
4.70688 7.22701 3.42999 
3.75798 6.84026 4.40586 
4.01063 6.79149 3.445 
4.74475 7.15033 4.44539 
4.74577 7.8003 4.39535 
3.72621 7.7701 3.59375 
4.7729 7.19519 3.48981 
4.81529 7.92418 4.35469 
4.77132 6.85132 4.0843 
4.72901 7.08327 4.47244 
3.99599 6.83176 3.48362 
4.75472 7.474 3.49776 
4.77909 6.84262 3.76602 
4.76392 6.865 4.35927 
3.87238 7.81315 4.47439 
3.71558 7.57611 3.43934 
3.7774 6.82774 3.76799 
4.74204 6.77978 4.29974 
3.74506 7.82365 4.24163 
4.24818 7.851 3.48207 
4.07401 7.89298 3.55375 
4.68925 6.87481 4.49792 
3.73738 6.89903 4.43611 
4.01349 7.86728 4.53376 
4.76001 6.81211 4.20178 
4.76909 7.84988 4.04406 
4.76498 7.86483 4.37042 
4.77232 7.0165 4.52473 
4.74371 7.80248 4.03795 
4.7856 7.89356 4.15637 
3.77191 7.34927 3.50122 
3.75457 6.81524 4.45215 
4.62305 6.82796 4.49804 
4.76355 7.75271 3.47642 
3.72052 7.53974 4.39281 
3.75634 6.81027 3.51092 
4.72627 6.77443 3.81443 
4.17238 7.84057 4.48843 
3.73748 7.51668 3.41516 
4.7905 6.87892 4.47663 
3.7648 7.07132 3.50983 
4.1532 7.84943 4.52778 
4.74704 6.79434 4.24387 
3.76032 7.84521 3.82955 
4.71674 6.73352 4.03543 
3.7393 7.42493 3.45269 
4.70394 7.6036 3.39203 
3.80752 7.26543 3.55946 
3.77093 6.84599 4.40939 
4.76142 7.12513 3.48473 
3.94413 7.83731 4.48883 
3.76464 6.83266 4.34119 
4.74263 7.03305 4.39139 
4.52632 6.78363 4.42798 
3.76217 7.19794 3.4548 
3.75972 6.83583 3.55461 
4.66894 6.69587 3.92909 
4.73906 7.53354 3.43296 
4.11517 6.79923 3.44303 
3.79071 7.07929 4.52289 
3.74621 7.66337 4.44919 
