10.4942 -0.970314 0.0808469 
10.9107 -1.35038 0.0617734 
10.9342 -1.97781 0.0931335 
10.2107 -1.99503 -0.909963 
10.4986 -1.00683 0.0854843 
9.93412 -1.80624 -0.938189 
10.8922 -0.958311 -0.22594 
9.97528 -1.96759 -0.890258 
10.8598 -0.96166 -0.650286 
9.96652 -1.93587 0.0744179 
10.9942 -1.07693 -0.906851 
10.7035 -0.983551 -0.936728 
10.9039 -0.98458 -0.915942 
10.0957 -1.96414 0.06713 
10.8728 -0.935608 -0.484899 
10.9051 -1.3109 0.0738449 
10.4619 -0.995155 0.100931 
10.8892 -1.95479 0.116049 
10.9621 -1.95024 -0.925922 
10.5359 -1.9749 -0.937911 
10.4003 -2.00196 0.0576897 
9.9037 -0.940635 -0.33066 
10.7798 -1.97454 -0.940877 
10.4552 -1.00157 0.0760817 
