-0.0605337 2.66599 1.26875 
0.969589 3.69855 1.76201 
0.444705 3.68868 0.98348 
-0.0703428 3.65345 0.97028 
0.948091 3.51487 0.961457 
0.0360665 2.66526 0.986654 
-0.0425993 3.66414 1.57707 
-0.0686732 3.19692 0.972453 
0.947356 2.66247 1.45174 
-0.0444221 2.66934 1.27599 
0.957155 2.67864 1.16215 
0.955899 2.8945 0.961658 
0.934625 2.81932 1.98661 
-0.0488009 3.65448 1.7438 
-0.0377791 2.64722 1.92041 
0.838059 2.69165 0.983874 
0.288911 3.66409 1.98501 
0.941737 3.03845 0.979323 
0.951788 3.27945 1.99007 
0.825549 2.6559 0.96606 
-0.0676034 2.67814 1.29222 
0.475894 2.67129 0.990331 
0.636544 3.64491 1.97864 
0.79257 2.64091 1.95437 
0.672451 3.65013 1.95799 
0.860783 0.738876 0.437148 
