1 2.40316 -3.74518 
1 2.0057 -3.48985 
1 -10.6354 4.31164 
1 -8.36566 2.92574 
1 -5.12866 0.868807 
1 -6.20602 1.57212 
1 2.78185 -3.97221 
1 -5.60341 1.16902 
1 -6.9547 2.00508 
1 -5.13251 0.870058 
1 2.8606 -4.02135 
1 -9.17199 3.40721 
1 0.660637 -2.67665 
1 0.13292 -2.34759 
1 -10.8623 4.41772 
1 1.87797 -3.41679 
1 -0.104544 -2.21066 
1 -8.72114 3.12452 
1 -10.9157 4.45708 
1 -11.8936 5.07837 
1 -4.52393 0.538136 
1 -10.1588 3.9966 
1 -13.0077 5.78901 
1 -6.60953 1.78077 
1 -10.3699 4.09645 
1 0.64797 -2.67137 
1 0.887284 -2.79855 
1 -7.79042 2.54079 
