1 -0.387658 -5.19156 
1 -2.36731 0.0709057 
1 -4.45519 5.59761 
1 -2.5325 0.567386 
1 -0.113395 -5.97532 
1 -1.14625 -3.19376 
1 -3.26348 2.45147 
1 -0.461792 -4.96795 
1 0.755697 -8.24317 
1 1.21545 -9.47452 
1 1.27569 -9.58479 
1 -0.426372 -5.06719 
1 1.8022 -11.0919 
1 -0.696864 -4.35226 
1 -1.49076 -2.34732 
1 -4.37824 5.45615 
1 -4.68786 6.2307 
1 -3.34244 2.64686 
1 -4.25947 5.21886 
1 -0.584887 -4.73837 
1 -4.2882 5.15452 
1 -4.47913 5.70027 
1 -1.82839 -1.30468 
1 -1.79044 -1.39698 
1 -0.117499 -5.89634 
1 1.04778 -8.99829 
1 -3.51087 3.09749 
1 -1.85149 -1.30181 
1 -2.29342 -0.14175 
1 -4.02184 4.53645 
1 0.464912 -7.41347 
1 -4.06665 4.61397 
1 -4.47877 5.7993 
1 -1.05199 -3.38107 
1 -4.50775 5.70368 
1 0.994846 -8.93169 
1 -4.26878 5.20612 
1 -0.363615 -5.26783 
1 -4.44418 5.61222 
1 -4.59756 5.95778 
1 1.71397 -10.8816 
1 -3.9331 4.17931 
1 -4.28331 5.27115 
1 1.27596 -9.65072 
1 -2.31655 -0.114912 
1 0.915446 -8.71374 
1 -2.49676 0.511208 
1 -0.569272 -4.75926 
1 0.471046 -7.4879 
1 -0.601844 -4.562 
1 0.873351 -8.60186 
1 -1.46165 -2.3862 
1 -1.02741 -3.41102 
1 -0.70317 -4.37564 
1 -4.65849 6.01893 
1 -3.77631 3.78471 
1 -2.27417 -0.0715668 
1 -3.12178 1.97589 
1 0.451789 -7.46773 
1 -2.32026 0.0120578 
1 -2.42276 0.211377 
1 -1.5007 -2.30176 
1 -4.90958 6.95984 
1 1.38635 -9.93992 
1 -5.17826 7.56037 
1 -2.83597 1.31009 
1 0.0534845 -6.37021 
1 -2.21826 -0.333733 
1 -2.53646 0.534055 
1 1.04561 -9.04289 
1 -2.79845 1.18522 
1 -0.99958 -3.58369 
1 -4.05761 4.58429 
1 -0.89683 -3.9346 
1 0.839048 -8.51864 
1 -2.26824 -0.309922 
1 -3.68885 3.66523 
1 -2.60037 0.64519 
1 -2.92449 1.59758 
1 -0.322707 -5.32677 
1 0.171029 -6.85495 
1 -0.154661 -5.79006 
1 -1.16695 -3.14925 
1 0.734708 -8.17156 
1 1.10896 -9.22376 
1 -3.28491 2.43314 
1 -1.16141 -3.2144 
1 -3.27247 2.39655 
1 0.979634 -8.94838 
1 -5.00041 7.07296 
1 -0.926832 -3.7179 
1 0.824223 -8.50022 
1 0.65699 -8.02773 
1 0.3139 -7.06987 
1 0.616659 -7.88937 
1 -1.1303 -3.3527 
1 -0.652054 -4.47829 
1 -1.35347 -2.64956 
1 -4.66629 6.2504 
1 1.52009 -10.2958 
1 -1.8917 -1.10232 
1 -2.69913 0.89739 
1 -0.201187 -5.68549 
1 -2.92143 1.65053 
1 -4.75392 6.45885 
1 0.988814 -8.9438 
1 -2.29004 -0.187989 
1 -1.06594 -3.39185 
1 1.41099 -9.96098 
1 0.479632 -7.55847 
1 0.347062 -7.16569 
1 -1.78993 -1.44686 
1 -4.81294 6.60067 
1 -4.71139 6.27099 
1 -4.47053 5.63645 
1 -2.00273 -0.85163 
1 -2.53207 0.456415 
1 -2.00971 -0.922282 
1 -1.83844 -1.38676 
1 -1.23531 -2.91321 
1 -2.87366 1.52526 
1 0.600871 -7.9222 
1 1.16339 -9.35836 
1 1.30125 -9.74612 
1 -0.445349 -5.03486 
1 -3.3329 2.71306 
1 0.439073 -7.38529 
1 -3.76732 3.78696 
1 -0.223622 -5.69538 
1 -2.86316 1.36961 
1 -0.0701776 -6.0704 
1 -4.05466 4.6902 
1 -3.65669 3.55694 
1 0.132558 -6.6344 
1 -4.79625 6.59514 
1 1.57489 -10.4407 
1 -1.5277 -2.15705 
1 -1.8194 -1.39966 
1 -4.76546 6.53848 
1 1.2257 -9.45576 
1 -2.35797 0.0310584 
1 -0.833246 -3.99757 
1 -4.7658 6.55968 
1 -0.783782 -4.07768 
1 -4.42486 5.6277 
1 -3.66774 3.54006 
1 -1.01367 -3.67908 
1 -0.482823 -4.97792 
1 -3.22691 2.38412 
1 0.19766 -6.81758 
1 1.25811 -9.546 
1 1.37819 -9.94096 
1 1.44621 -10.035 
1 -0.982207 -3.57394 
1 -1.91128 -1.01559 
1 0.0658609 -6.41342 
1 0.501095 -7.56747 
1 1.56764 -10.4168 
1 -4.47161 5.70766 
1 -1.68387 -1.703 
1 -3.24875 2.36658 
1 -0.0383223 -6.12772 
1 1.11376 -9.28028 
1 -0.650711 -4.55174 
1 -0.468575 -5.02388 
1 1.21434 -9.55508 
1 -0.192506 -5.70052 
1 -3.90139 4.23709 
1 -4.65699 6.22047 
1 -3.05594 1.89214 
1 -0.277298 -5.45034 
1 -4.9709 7.06438 
1 1.56326 -10.425 
1 -1.07994 -3.38667 
1 -1.85954 -1.3713 
1 -1.18729 -3.0444 
1 -3.80825 4.00692 
1 1.51418 -10.3969 
1 -0.176569 -5.80212 
1 -2.9454 1.61532 
1 -1.02987 -3.56011 
1 -2.12682 -0.566824 
1 -2.45268 0.342409 
1 1.42452 -9.97658 
1 1.66839 -10.6732 
1 -4.08483 4.68444 
1 -3.06043 1.87109 
1 -3.40481 2.78011 
1 -2.16527 -0.503256 
1 -1.92872 -1.17706 
1 1.43748 -10.219 
1 -1.03478 -3.50708 
1 -1.49873 -2.24369 
