-0.484826 -3.15713 2.97829 
-1.23952 -3.15377 2.98368 
-0.468657 -2.16853 3.29379 
-1.47442 -3.01671 3.97352 
-0.458643 -3.16522 3.44722 
-1.47548 -3.01817 2.97498 
-1.45837 -2.8138 2.97457 
-1.46249 -3.17047 3.44997 
-0.483743 -3.2006 3.11253 
-0.471522 -3.1517 3.60533 
-1.49539 -3.11626 2.98806 
-1.30894 -3.1144 2.94984 
-0.903142 -2.15118 4.00012 
-0.477253 -2.84047 4.05135 
-1.47949 -2.74003 4.02436 
-1.48144 -2.14679 3.12453 
-0.471692 -2.70181 4.00516 
-1.48958 -2.33246 3.0043 
-0.491874 -3.16934 3.54004 
-0.457166 -3.12288 3.04099 
-0.46611 -2.15092 3.8764 
-0.485883 -2.62291 3.97716 
-1.45087 -3.11947 3.23231 
-1.24996 -2.11609 2.93686 
-0.505111 -3.18657 3.78654 
-0.937765 -3.18176 3.00893 
-0.761872 -2.15999 3.98336 
-0.457512 -3.1356 3.60475 
-1.48842 -3.17591 3.03612 
-0.749085 -3.19294 3.03084 
-1.46677 -2.87743 2.99062 
-0.933169 -3.16415 3.00281 
-0.473033 -2.21684 3.0322 
-1.39361 -2.16476 2.97995 
-1.45231 -2.12139 3.27888 
-1.36047 -3.13128 2.97604 
-1.46574 -2.28008 3.98946 
-0.651268 -2.1499 2.98617 
-0.499807 -2.75136 3.97018 
-1.47688 -3.13449 3.95842 
-1.45544 -3.11553 2.94476 
-1.48615 -3.17353 3.87631 
-1.46667 -3.14797 3.64814 
-1.4877 -2.18106 3.89386 
-0.487412 -2.89728 4.02319 
-1.28175 -2.12784 3.96724 
-1.49085 -2.20088 3.90045 
-1.47651 -2.34644 2.96978 
-1.48422 -3.16279 3.54313 
-0.46573 -2.10138 3.74081 
-0.491806 -2.18104 2.95491 
-1.49205 -2.14856 3.63067 
-1.48949 -2.377 3.02121 
