3.73402 0.165654 0.564228 
3.76088 0.755614 0.11749 
2.76706 0.7718 1.144 
1.76761 -1.36844 -1.94262 
3.75625 0.654934 1.11379 
2.71439 0.576252 1.09928 
3.17643 0.183149 0.132514 
1.13973 -1.38794 -2.2343 
0.776603 -0.963177 -1.24461 
2.781 0.826646 1.13719 
0.771656 -0.745437 -2.22066 
3.74843 1.1355 0.141093 
2.76969 1.00801 1.13582 
3.72469 0.451554 0.123086 
3.73869 0.480096 0.115379 
3.77376 0.202063 1.11522 
3.72986 1.14351 0.467411 
3.72474 0.161828 0.344499 
3.69572 1.06644 0.742326 
3.76303 0.195929 0.298925 
3.41082 0.150331 0.105242 
0.613223 -0.734493 0.310963 
3.77554 0.455197 1.12796 
2.76243 0.187513 0.865671 
3.76697 0.176321 0.9179 
0.956474 -0.398575 -1.30891 
0.782784 -0.994408 -2.22587 
2.77097 0.429962 1.13481 
3.73892 0.160023 0.430172 
1.64428 -1.39037 -1.26435 
2.12646 -0.917914 -1.11906 
3.76672 1.04468 0.135935 
3.74951 0.808516 1.08947 
2.84387 0.12078 1.07865 
1.7731 -0.384666 -1.54243 
2.74876 1.1546 0.458945 
3.48708 0.120402 0.0794936 
3.66284 0.200913 1.13093 
1.54106 0.121377 -0.00628144 
2.73621 0.383264 0.107388 
1.74086 0.121248 -0.978256 
3.76123 1.10093 1.14073 
2.74888 0.437539 1.13228 
2.74936 1.18641 0.51889 
2.78574 0.321696 0.164436 
3.73655 0.151933 0.473479 
2.78444 1.20639 0.239909 
2.7224 1.00017 1.09579 
3.3755 0.159364 1.12884 
3.72541 1.09136 1.12626 
3.23276 1.26752 0.155313 
2.75556 0.829698 0.124682 
2.72011 0.140514 0.79008 
0.776157 -1.31121 -1.26577 
2.8324 0.206961 0.146438 
3.65816 0.161348 0.117582 
3.75401 0.207582 0.975701 
0.769095 -0.808018 -2.28866 
0.802188 -1.38416 -1.26324 
2.75782 0.503529 1.10534 
2.18144 -0.883514 0.0122543 
3.72737 1.11444 0.595985 
3.78986 0.282549 0.742543 
2.78973 1.21467 0.302638 
2.73668 0.535339 1.14292 
1.79456 -0.386912 -1.39209 
0.775266 -0.394932 -2.15231 
1.78005 -0.392639 -1.28217 
3.78558 0.346688 1.16778 
3.72861 1.14406 0.353507 
1.31647 -1.39377 -2.32777 
3.02122 1.14802 0.106335 
2.72834 0.255554 0.106898 
3.77172 0.199715 0.491831 
3.76753 0.202938 1.07593 
3.18763 1.19161 0.151674 
3.75787 0.4609 0.129035 
1.15308 -0.396797 -1.26561 
3.6764 1.15191 1.11812 
3.73125 1.19162 1.14027 
2.73607 0.313586 1.11829 
2.75081 0.647703 1.12178 
0.780569 -0.602692 -1.26737 
3.75776 1.21591 0.74279 
1.76169 -0.479599 -1.24456 
2.914 1.16236 1.10816 
3.74043 0.159656 0.63616 
3.08035 1.18449 1.13543 
3.0379 1.12687 1.08136 
3.75526 1.14623 0.599794 
2.74125 0.560258 0.121754 
1.50369 -1.39268 -1.23151 
3.12546 0.125544 1.10302 
3.73988 1.11452 1.13008 
0.770823 -0.416172 -1.28181 
1.31455 -0.382296 -2.19294 
2.87501 0.219897 1.15993 
2.90738 1.22197 1.14271 
3.10126 1.22871 1.13051 
2.74785 0.490233 1.10421 
3.71031 1.10783 1.05486 
1.77771 -0.401275 -1.67812 
1.06666 -1.39508 -2.27714 
2.7571 0.63565 0.131347 
2.74023 0.303075 1.093 
1.71314 -0.398153 -1.26389 
2.37605 -0.872844 -0.989956 
3.77569 0.221808 0.628359 
2.75315 1.16884 0.142653 
3.61113 0.166531 1.12286 
0.858288 -0.391225 -2.2375 
3.74041 0.514792 0.117615 
2.74239 0.853284 0.112921 
3.71478 0.377865 1.10357 
3.11126 1.18723 0.126855 
3.14783 1.19807 1.1497 
0.757944 -0.753109 -1.25533 
3.71815 0.118984 0.895357 
0.606345 0.205811 -0.0733718 
2.74845 1.03381 0.103644 
2.76857 1.18916 0.349515 
1.7731 -0.397991 -1.66336 
3.15414 1.15595 0.094988 
1.79018 -0.936821 -1.22163 
1.74772 -0.877878 -0.978639 
3.73643 0.142659 0.235356 
2.77361 0.414934 1.12121 
3.03361 0.223665 1.14936 
3.26628 1.16797 0.110766 
3.77425 0.668566 1.15131 
