1 -0.360815 2.29573 
1 4.26072 3.27246 
1 4.94753 4.40642 
1 4.57805 3.74685 
1 5.07598 6.68717 
1 0.207503 2.20721 
1 -2.80184 2.49918 
1 -2.44456 2.15244 
1 -4.15793 3.71018 
1 -2.02546 1.76068 
1 0.273575 4.04363 
1 0.309496 2.83432 
1 -3.19474 2.83463 
1 -3.42469 3.07949 
1 -1.44872 1.23993 
1 -1.53417 1.31472 
1 0.21771 1.46048 
1 0.279902 2.61309 
1 -2.52126 2.21223 
1 -3.46977 3.09606 
1 0.258939 3.16436 
1 0.286154 3.89947 
1 5.0824 6.43307 
1 -2.21849 2.92252 
1 0.271551 5.05525 
1 0.206572 2.91792 
1 -1.58787 1.35027 
1 0.278336 4.89272 
1 -2.76317 2.45809 
1 0.323658 5.45505 
1 0.261686 2.9981 
1 4.72681 3.60985 
