1 -5.415 -9.09478 
1 -5.27544 -7.10338 
1 -5.36928 -9.07134 
1 -4.40558 3.17208 
1 -4.9675 -4.437 
1 -5.16394 -6.4644 
1 -5.29087 -7.40121 
1 -5.31874 -7.52764 
1 -5.34366 -8.25822 
1 -4.70659 -0.191672 
1 -4.59155 1.65238 
1 -4.34289 4.62722 
1 -5.34146 -8.2355 
1 -4.6652 0.920754 
1 -5.03087 -3.50274 
1 -4.70004 0.34326 
1 -5.38465 -9.19866 
1 -5.41857 -9.50234 
1 -5.15008 -5.76116 
1 -4.90895 -2.31929 
1 -5.53701 -10.7755 
1 -5.10839 -4.85975 
1 -4.64885 0.850795 
1 -4.93433 -3.5795 
1 -4.7065 -0.927219 
1 -5.07374 -5.16169 
1 -5.35434 -9.23277 
1 -4.73554 -0.751294 
