-0.239731	-0.797728	0.312524	 0
0.346108	0.187546	1.22339	 0
-0.0330434	0.187738	1.29344	 0
0.385811	-0.423799	0.24308	 0
0.242748	0.170894	0.264358	 0
0.166821	0.187392	1.27888	 0
0.190762	0.187324	0.26954	 0
-0.459919	0.203398	1.26875	 0
0.220325	-0.799532	0.262597	 0
-0.605903	0.188142	0.618285	 0
-0.653786	0.117443	1.30749	 0
0.723187	1.25314	1.55895	 0
0.369615	0.1945	1.03137	 0
0.356241	-0.824058	1.26202	 0
-0.507591	-0.799447	0.256136	 0
-0.656111	-0.290654	1.29423	 0
0.386041	-0.170423	0.26933	 0
-0.635136	-0.54923	1.2861	 0
-0.65457	-0.807713	0.898589	 0
-0.575265	-0.791017	1.29754	 0
0.292702	0.195683	0.325819	 0
-0.448115	0.190736	0.27755	 0
0.0825116	0.204678	1.31273	 0
-0.60865	0.203878	0.670859	 0
0.258284	-0.805009	0.287103	 0
0.372674	-0.587834	0.293564	 0
0.391957	-0.0607769	1.26382	 0
-0.175756	0.184897	0.267173	 0
-0.640315	-0.830261	0.946241	 0
-0.606157	-0.802196	0.31234	 0
0.0771832	-0.794703	1.30224	 0
0.389854	-0.303057	1.26914	 0
-0.424902	-0.810794	0.279723	 0
-0.609296	-0.345379	0.278566	 0
-0.645512	0.158728	0.751012	 0
-0.613279	-0.589897	0.270238	 0
-0.592319	0.215301	0.628546	 0
0.345859	0.0915964	1.30758	 0
-0.612698	-0.808174	1.28615	 0
-0.617825	-0.819684	0.827959	 0
-0.0765021	-0.813765	1.29785	 0
-0.114656	-0.805963	0.317655	 0
0.225636	-0.805434	1.30222	 0
0.374199	-0.0561584	1.26292	 0
-0.427459	-0.806607	0.299844	 0
0.39345	-0.389826	1.27089	 0
-0.344236	-0.823179	1.29639	 0
0.405817	-0.822641	0.730932	 0
0.382504	-0.785688	0.683907	 0
-0.600975	-0.363477	0.264782	 0
0.374706	-0.804081	1.1281	 0
0.255811	-0.821731	1.26566	 0
0.426573	-0.797114	1.23769	 0
-0.128982	-0.808944	0.292638	 0
0.400582	0.189347	0.788166	 0
-0.226637	-0.797293	0.264713	 0
0.374469	0.19941	0.6794	 0
0.38392	-0.790626	0.549145	 0
0.352482	-0.258196	0.296677	 0
0.312117	0.205323	0.283842	 0
-0.196793	0.217078	1.27951	 0
0.378186	-0.310961	1.28216	 0
0.123751	0.202475	1.274	 0
-0.606659	-0.590285	1.28295	 0
-0.632287	0.206733	0.359817	 0
-0.253076	-0.791308	0.269867	 0
-0.582896	-0.451078	0.250884	 0
-0.619323	-0.0370278	1.28504	 0
-0.60096	0.198551	0.56867	 0
0.42156	-0.717323	0.257775	 0
0.39891	-0.232941	0.260134	 0
0.0540723	-0.83542	0.295553	 0
0.386572	-0.816515	1.16173	 0
-0.612101	0.18004	0.660377	 0
0.383071	-0.558999	0.264441	 0
-0.247243	0.192476	1.28402	 0
0.394388	-0.223044	0.260891	 0
-0.641793	-0.839904	0.606405	 0
-2.52468	-0.560043	0.0475011	 0
-0.615956	0.191917	0.658489	 0
0.372356	-0.779151	0.466545	 0
-0.595296	-0.0240828	1.26281	 0
-0.648069	0.0226416	0.295935	 0
-0.62587	-0.790775	0.507555	 0
-0.62844	-0.633428	0.289319	 0
-0.642288	-0.802412	1.06603	 0
-0.640665	0.189342	1.04336	 0
0.374414	-0.0156807	1.27009	 0
-0.0843483	-0.827161	1.26838	 0
-0.0990705	-0.813091	1.27648	 0
-0.23159	-0.800594	0.302961	 0
0.372628	0.193875	0.656106	 0
0.0403622	0.205627	0.263678	 0
0.391787	0.178154	0.81448	 0
-0.127236	0.20413	1.3023	 0
-0.620669	-0.666557	1.27645	 0
-0.630368	-0.309042	1.27358	 0
-0.586557	0.190527	0.474215	 0
-0.309609	0.204442	0.259235	 0
-0.607977	-0.429147	1.28272	 0
0.223877	0.200493	0.274478	 0
0.178658	-0.784382	0.291518	 0
0.213877	0.20296	1.24367	 0
0.418642	-0.316433	1.24563	 0
-0.606986	-0.522821	0.245943	 0
-0.541024	-0.78592	0.316287	 0
0.357188	-0.785266	0.286039	 0
0.407868	-0.146836	0.262828	 0
-0.644216	0.213221	0.679142	 0
-0.322754	-0.824715	0.262041	 0
-0.646772	-0.578451	0.307744	 0
0.137371	-0.813502	0.24512	 0
0.182609	0.193133	1.27616	 0
-0.634295	-0.153445	1.28283	 0
-0.632744	-0.150859	1.27992	 0
0.0586366	-0.787113	0.272882	 0
0.365205	0.209519	0.845638	 0
-0.602666	0.208704	0.688191	 0
0.186074	0.1989	0.286684	 0
-0.610232	0.0271513	1.27212	 0
0.145717	0.217803	0.264799	 0
-0.646288	0.180911	0.310339	 0
-0.62393	0.208747	0.370466	 0
0.0983454	-0.800611	0.298176	 0
0.396446	-0.169119	1.28025	 0
0.381725	-0.37552	0.28063	 0
-0.0780106	1.25437	0.836622	 0
-2.7388	0.454139	-0.281333	 0
0.106168	0.203881	1.23967	 0
-0.0863227	0.195361	0.287854	 0
-0.651079	-0.803595	0.543766	 0
0.360407	-0.471533	0.289895	 0
0.370244	-0.784893	1.22613	 0
-0.684139	0.198272	0.607339	 0
0.0899332	0.194298	0.294165	 0
0.400197	-0.598453	1.28127	 0
-0.112739	0.209046	0.279737	 0
0.398492	-0.787838	0.393586	 0
0.395721	0.206203	0.361144	 0
0.41819	0.180507	0.882873	 0
-0.626933	-0.805883	1.21565	 0
-0.435977	0.208277	1.30408	 0
0.425722	-0.807624	0.787293	 0
-0.580633	0.186824	0.967784	 0
0.260602	-0.797335	0.276662	 0
0.41399	-0.805463	1.18762	 0
0.394063	-0.816169	0.770243	 0
0.374632	-0.325196	0.296147	 0
-0.452151	-0.800699	0.281736	 0
-0.651992	0.20483	1.03941	 0
0.367026	-0.794373	1.1253	 0
-0.147599	0.181831	0.289312	 0
-0.65181	-0.795786	1.05847	 0
-0.484739	-0.812178	0.260645	 0
-0.633854	-0.814381	0.992899	 0
-0.641107	0.199421	0.324053	 0
-0.626529	-0.492706	0.276187	 0
-0.57544	-0.81452	0.519739	 0
0.33007	-0.809757	1.26981	 0
0.350908	-0.795838	0.504464	 0
-0.646754	0.173719	0.594834	 0
0.345611	-0.50689	0.29624	 0
-0.642432	-0.81237	0.568661	 0
-0.592308	-0.808362	0.78874	 0
0.367614	-0.105809	1.28073	 0
0.264821	-0.803307	0.287961	 0
0.40607	-0.817531	0.895935	 0
0.0997105	-0.802209	1.29487	 0
-0.616986	-0.356579	1.27287	 0
-0.441198	-0.792288	0.248349	 0
0.393572	0.188902	0.762579	 0
-0.627257	-0.137369	1.27285	 0
0.0164647	0.203109	0.296587	 0
0.373757	0.194207	1.19813	 0
0.408641	-0.591171	0.250408	 0
-0.60284	0.0825647	0.255092	 0
0.423496	0.180821	0.948322	 0
0.33253	0.182293	1.21739	 0
0.384761	-0.804671	1.25279	 0
0.37097	-0.497608	0.278916	 0
0.00587118	-0.810927	1.26996	 0
0.357788	0.210882	0.932287	 0
0.391617	-0.792526	0.267577	 0
-0.577278	-0.452091	0.248451	 0
-0.620159	-0.219843	0.284527	 0
0.398992	-0.707189	0.262984	 0
0.361164	0.197347	0.752061	 0
0.395455	-0.804505	1.22948	 0
-0.458167	-0.808282	0.291554	 0
-0.595206	-0.816359	0.296677	 0
-0.0572107	0.242231	1.37695	 0
0.389437	-0.441562	0.252892	 0
0.267947	0.21112	1.27488	 0
-0.203124	-0.806183	0.284659	 0
-0.639033	-0.811195	1.2595	 0
-0.3233	0.185179	0.281211	 0
0.381836	-0.653586	0.265885	 0
0.107624	-0.817203	1.25955	 0
0.38311	-0.243576	1.27713	 0
0.359665	-0.812428	0.931181	 0
