1.77265	-1.46085	-1.44262	 0
-1.57779	-1.64928	1.54281	 0
1.41968	0.00467389	0.0972468	 0
-0.776476	-2.36635	1.55072	 0
1.45874	-0.787726	1.04759	 0
2.15562	-1.44969	-1.96469	 0
1.20719	-0.890077	0.0984746	 0
1.42732	-0.897453	0.982797	 0
0.456359	0.129999	0.0589999	 0
0.480189	-0.87924	0.0795735	 0
0.88914	-3.20321	0.815533	 0
-0.641665	-1.35863	0.525985	 0
-0.935629	-2.34503	0.544743	 0
0.0716295	-3.15023	1.20126	 0
-0.739703	-1.33503	1.56056	 0
0.67722	-0.858333	0.0364574	 0
0.436306	-0.391178	1.06826	 0
0.483485	-0.894999	1.0698	 0
0.390618	0.12345	0.265799	 0
-0.99649	-1.34403	0.516684	 0
-0.637161	-2.33894	0.563406	 0
1.40183	-0.516015	1.07144	 0
1.40894	-0.0238743	1.04384	 0
-0.587335	-2.33902	0.563113	 0
0.511785	-0.899837	0.0668558	 0
-1.58224	-1.3214	1.01039	 0
0.425513	0.132109	0.180828	 0
-1.05997	-1.35566	1.57565	 0
1.40482	-0.480176	1.11108	 0
-1.56229	-1.81192	0.560168	 0
-1.57905	-2.33841	1.5192	 0
0.573177	0.119727	1.09533	 0
1.43943	-0.883253	0.634201	 0
-0.597315	-1.44109	0.512871	 0
-1.56811	-1.34881	1.24961	 0
-0.102718	-3.21301	0.536672	 0
1.40791	-0.891884	0.749782	 0
1.38907	0.119285	0.156276	 0
1.38906	-0.879693	0.526011	 0
1.08986	0.127806	1.03597	 0
0.701645	0.111644	1.05252	 0
0.405385	-0.889384	0.449702	 0
1.49001	-0.373224	1.08763	 0
1.25519	-0.880071	0.0334625	 0
0.752659	0.122804	1.05276	 0
1.42833	-0.837498	1.03744	 0
0.407203	-0.150273	0.0731319	 0
1.22046	0.103803	1.10772	 0
1.44659	-0.879042	0.130044	 0
1.38033	0.107854	0.737609	 0
0.399428	0.125238	0.666853	 0
0.550193	0.134881	1.04509	 0
0.17278	0.498044	2.79368	 0
-1.54509	-1.33363	0.538243	 0
0.449485	-0.867814	0.280298	 0
-0.586392	-2.18043	0.526936	 0
0.44047	-0.880738	0.869168	 0
-1.58082	-1.3684	1.154	 0
1.45797	-0.223066	0.0823832	 0
1.43617	-0.89385	0.852035	 0
-0.566849	-2.05399	0.53106	 0
-0.984278	-1.33508	0.592628	 0
0.443108	0.103592	0.0954019	 0
0.876766	-4.23023	1.20401	 0
0.925514	0.11372	0.0569614	 0
-1.54358	-2.31947	0.557197	 0
0.00335821	-4.23757	0.227741	 0
0.408418	-0.397893	0.0610675	 0
1.41392	-0.326205	0.0778692	 0
-1.5961	-2.33344	0.815609	 0
-0.0774253	-3.43651	1.18341	 0
0.419102	-0.86945	0.974317	 0
0.398546	-0.904046	0.215608	 0
0.494114	0.142574	0.0821316	 0
-1.58653	-2.35685	1.41638	 0
1.40239	-0.880222	0.995701	 0
0.384972	0.106206	0.895347	 0
1.14379	-0.886615	0.0630209	 0
0.417831	-0.0500463	0.0596784	 0
0.516337	-0.892229	1.07657	 0
0.91393	-4.13082	1.00496	 0
-1.35086	-1.34376	1.58083	 0
-0.576582	-2.18078	0.543744	 0
0.18242	-0.271506	2.32297	 0
-0.089829	-3.45965	0.162553	 0
0.392057	0.114897	0.665698	 0
0.366065	0.104001	0.806868	 0
-0.062709	-3.12447	0.187471	 0
-0.590887	-2.14543	1.53373	 0
0.433066	-0.291004	0.0379218	 0
0.448042	-0.0503556	0.0514608	 0
0.727213	-0.908116	1.09026	 0
-0.857298	-0.467037	2.52779	 0
-0.583349	-1.47907	0.540747	 0
0.459417	-0.719954	0.0541806	 0
0.397107	0.107007	0.22372	 0
1.44536	0.120052	0.191587	 0
0.424733	-0.0573412	0.0792981	 0
-1.57862	-1.33851	1.21175	 0
0.714728	0.136682	0.0757412	 0
1.43365	-0.173914	1.07534	 0
1.37427	-0.893676	0.604696	 0
1.42089	0.0315891	1.06879	 0
0.436047	-0.887392	0.75708	 0
-0.0910625	-4.16255	1.02714	 0
-0.560273	-2.35846	0.96576	 0
0.55624	-0.878338	1.06768	 0
1.44103	-0.506983	1.06281	 0
0.449617	-0.516413	0.0429876	 0
-1.58418	-1.98208	1.54429	 0
0.533456	-0.897278	1.10699	 0
0.401065	-0.650005	0.101559	 0
0.374106	-0.823448	1.09022	 0
1.24577	0.082947	0.0938206	 0
1.07174	-0.872786	0.0783073	 0
0.43064	-0.879763	0.920619	 0
0.368732	-0.678048	0.0557088	 0
0.421152	0.114903	0.296001	 0
0.916003	-3.43559	0.189043	 0
1.09012	-0.862695	1.05932	 0
0.515904	0.134637	0.0600114	 0
1.39952	0.109737	0.654021	 0
0.818573	0.114992	1.07094	 0
0.59027	-0.892049	1.06346	 0
0.362187	0.116673	1.02608	 0
0.437282	-0.532209	0.0745507	 0
1.46345	0.115979	0.994862	 0
-0.594779	-1.35432	0.98025	 0
1.42528	0.0241253	1.06732	 0
0.447575	-0.760251	0.0563519	 0
1.16919	0.122162	0.0911933	 0
0.525452	0.126189	1.0729	 0
1.6195	-2.44941	-1.364	 0
0.635189	-0.878616	0.076005	 0
0.441553	0.119309	0.469903	 0
1.41723	-0.885949	0.0997116	 0
1.23473	0.137631	0.0422698	 0
0.414345	-0.877184	0.233289	 0
1.43229	-0.343839	0.0712776	 0
-0.123786	-3.1549	0.817297	 0
0.951031	-3.09524	1.02891	 0
1.37678	-0.860327	1.02869	 0
-0.0926877	-3.21696	1.04907	 0
1.41179	-0.825656	0.0780441	 0
-1.55486	-2.17226	1.55649	 0
1.37902	0.108461	1.0786	 0
0.448812	0.126972	1.05023	 0
-1.56894	-1.97276	0.52899	 0
0.396034	-0.886867	0.473616	 0
1.45248	-0.863846	1.00297	 0
0.416873	0.128495	0.860723	 0
0.370384	-0.732224	0.100513	 0
0.452386	0.113352	0.0887167	 0
0.406425	-0.913399	0.105277	 0
-0.566886	-2.35881	1.38365	 0
-0.573029	-1.80838	0.545708	 0
1.00775	-0.862471	1.06794	 0
1.45738	-0.0500136	1.05075	 0
1.42342	-0.770982	1.09294	 0
-1.56858	-1.8985	1.56986	 0
1.36955	-0.736164	1.11134	 0
-0.958765	-1.33063	0.553519	 0
1.32585	-0.350227	0.107496	 0
-0.569329	-1.78923	1.5412	 0
1.39207	-0.877483	1.04656	 0
1.4611	-0.0966942	0.0824773	 0
0.782964	-0.911078	0.0941125	 0
1.43393	0.12666	0.680979	 0
-1.56481	-1.39921	0.557698	 0
-1.59045	-2.34637	0.890679	 0
1.38015	-0.834556	1.11394	 0
0.316877	-4.15358	0.157086	 0
0.841985	-0.883985	1.05844	 0
0.0690101	5.39577	4.77745	 1
1.09193	4.71701	4.48005	 1
0.573248	4.90643	4.36523	 1
0.0599135	5.18405	3.99517	 1
1.04233	5.79488	5.27624	 1
0.559988	4.8519	5.29449	 1
0.190954	4.73786	4.18788	 1
0.634894	5.80645	5.28137	 1
-4.07634	3.28263	0.30097	 2
-3.665	3.31093	1.2939	 2
-4.2685	3.27251	0.726847	 2
-3.62555	4.24331	0.273905	 2
-3.23676	4.25678	0.781536	 2
-3.58798	3.27747	0.275073	 2
-4.25235	3.27583	0.468253	 2
-3.26186	3.26849	1.13527	 2
-3.87092	4.28157	0.274905	 2
-3.88491	3.27925	1.29568	 2
-3.26317	4.07121	1.30509	 2
-3.24021	4.16364	0.278422	 2
-4.29262	3.28221	0.977344	 2
-4.27123	4.25846	0.906974	 2
-3.58079	4.25036	0.292333	 2
-4.27729	3.34096	0.283897	 2
-4.05351	3.26931	0.29072	 2
-3.5869	3.27721	1.2844	 2
1.37577	-2.4284	-2.4062	 3
