1 -0.691876 1.8929 
1 -5.70888 5.7664 
1 -5.57948 5.73535 
1 -3.53018 4.14177 
1 -4.45712 4.8285 
1 1.49627 0.878404 
1 -5.4183 5.57976 
1 -7.39926 7.10205 
1 -7.73639 7.38703 
1 -1.84041 2.80865 
1 -7.66897 7.28888 
1 -7.03579 6.79834 
1 0.770163 0.780205 
1 -2.0388 2.9235 
1 -1.7619 2.72107 
1 -7.69875 7.34854 
1 0.562817 0.912318 
1 -1.27249 2.3415 
1 -7.83154 7.44726 
1 -1.68547 2.62562 
1 -1.65716 2.63829 
1 -7.27096 6.97748 
1 -6.76753 6.64012 
1 -3.13797 3.763 
1 -2.59279 3.36493 
1 -1.96687 2.86349 
1 0.000408198 1.34778 
1 -7.05425 6.81558 
1 -3.59517 4.14904 
1 0.448359 1.03023 
1 -6.7355 6.57833 
1 -7.35135 7.05055 
1 -4.75978 5.06244 
1 -3.55181 4.13289 
1 -7.0264 6.81906 
1 -4.3781 4.78315 
1 -3.28534 3.89173 
1 -2.1316 3.02613 
1 -0.962476 3.26485 
1 -2.21781 3.07754 
1 -7.90005 7.48067 
1 -4.1885 4.63066 
1 -2.3754 3.21648 
1 -2.95236 3.64864 
1 -2.72705 3.45844 
1 -6.36031 6.3262 
1 -6.75027 6.61684 
1 -3.26194 3.89893 
1 -2.61256 3.41504 
1 -3.93226 4.41812 
1 -0.221563 1.54899 
1 -1.18636 2.28876 
1 -4.1766 4.57881 
1 -3.85578 4.38247 
1 -1.32037 2.37222 
1 -2.15915 3.04468 
1 -7.64596 7.28727 
1 -1.1235 2.2491 
1 -4.69512 5.02872 
1 -1.52697 2.53887 
1 -5.2174 5.36905 
1 -4.30928 4.65879 
1 -1.16025 2.21625 
1 -4.81747 5.11533 
1 -1.50884 2.5303 
1 -7.64989 7.28611 
1 -4.53977 4.86982 
1 -2.95512 3.65255 
