1 3.24783 -1.17433 
1 -9.24187 2.82174 
1 -2.72597 1.0722 
1 -10.2604 3.32081 
1 2.89476 -0.883785 
1 4.53767 -2.13261 
1 5.67493 -3.0532 
1 -1.7595 -0.688469 
1 2.35063 -0.470379 
1 5.39195 -4.05917 
1 6.98517 -4.00986 
1 4.19311 -1.88679 
1 6.18366 -3.47216 
1 5.20529 -2.71044 
1 5.21065 -2.68807 
1 -2.30928 -0.423391 
1 -4.05723 0.402258 
1 -7.42164 3.6896 
1 -10.3889 3.35998 
1 5.8071 -3.16223 
1 -4.48581 0.589994 
1 6.19832 -3.4444 
1 -2.83744 0.886737 
1 4.69379 -2.30596 
1 4.63842 -2.24317 
1 -0.829016 -1.14674 
1 6.25577 -3.60834 
1 2.92456 -0.885242 
1 5.5646 -2.96567 
1 -8.46174 2.46859 
1 0.139425 -1.5893 
1 -9.86888 3.13093 
1 7.44513 -4.4267 
1 4.77783 -3.76608 
1 -10.5513 3.41974 
1 -7.07411 3.51828 
1 -7.43783 1.96884 
1 5.56091 -2.95418 
1 5.44181 -4.0792 
1 -0.674794 -1.20312 
1 -8.20283 2.32519 
1 -4.4765 2.08498 
1 -7.12967 1.8256 
1 -2.09235 -0.558415 
1 -0.281571 -1.40453 
1 -4.10024 0.418749 
1 3.87877 -1.65432 
1 -11.2989 3.78519 
1 3.50663 -3.19229 
1 2.5292 -2.70686 
1 -7.16165 3.54774 
1 -4.5482 2.15402 
1 4.93716 -2.47367 
1 -4.54874 0.625351 
1 -1.94896 -0.615143 
1 6.14439 -4.40131 
1 6.39044 -3.59074 
1 -0.259059 -1.39397 
1 -8.50164 4.25434 
1 5.02442 -2.52903 
1 -7.02302 1.77679 
1 3.41896 -1.28979 
1 -1.89921 0.747051 
1 -7.50272 3.68893 
1 -3.12619 -0.0634914 
1 1.41739 -2.19254 
1 -10.1194 3.2205 
1 5.70859 -3.07896 
1 4.66206 -2.27704 
1 7.57714 -4.52223 
1 -0.656334 -1.19119 
1 0.154974 -0.382293 
1 -1.62429 -0.748933 
1 2.18051 -0.350891 
1 -2.54804 -0.325382 
1 -7.16399 3.56127 
1 7.53285 -4.51135 
1 -1.92942 -0.59637 
1 -7.43153 1.96921 
1 0.811525 -1.91391 
1 -6.68084 1.61566 
1 -0.0320646 -1.48429 
1 6.01435 -3.29681 
1 -10.5643 3.44522 
1 5.9148 -3.27606 
1 -7.18555 1.85928 
1 -1.9504 -0.645201 
1 4.90236 -3.83814 
1 -9.11539 2.77961 
1 -4.33038 0.502721 
1 -6.53312 1.52952 
1 0.213836 -1.6242 
1 2.90717 -0.908555 
1 -7.73543 3.86718 
1 -8.95593 2.67657 
1 5.12674 -3.94362 
1 -0.17238 -0.184189 
1 -0.191995 -1.43168 
1 -1.84989 -0.665696 
1 5.90104 -4.30521 
1 -9.16309 2.77612 
1 3.67102 -1.49029 
1 2.61258 -0.640103 
1 -7.73584 2.12566 
1 4.98145 -3.85103 
1 -0.241523 -1.38995 
1 3.21951 -3.03176 
1 5.08099 -2.61139 
