-0.950371 -3.06134 1.4657 
-1.45738 -1.81667 2.7254 
-2.23528 -1.80895 3.71815 
-2.21825 -1.83212 3.73107 
-1.86799 -1.78688 2.76052 
-2.336 -1.81997 3.26993 
-2.31817 -0.828015 3.03828 
-2.29976 -0.831893 3.28657 
-2.29246 -0.823727 3.5244 
-2.33803 -1.31346 3.7038 
-2.31693 -1.7468 2.6954 
-1.3021 -0.798164 3.21586 
-2.31919 -1.80327 3.05066 
-1.31192 -1.22425 2.71126 
-1.97788 -1.8293 2.73471 
-1.32065 -1.81694 3.62573 
-1.60462 -1.11906 0.617361 
-1.82951 -0.823946 2.72331 
-2.30188 -1.09197 3.73299 
-2.34528 -0.972032 3.70038 
-1.30105 -1.09356 3.72225 
-1.30556 -1.54409 3.72441 
-1.3182 -1.54897 2.73182 
-1.36716 -0.914438 3.72618 
-1.32464 -1.82342 3.65701 
-1.291 -1.41621 3.74579 
-2.31029 -1.81934 3.50587 
-1.74016 -0.79698 2.68702 
-2.13222 -0.822664 2.72959 
-0.235585 -2.08635 1.46826 
-2.32285 -0.825365 3.5381 
-1.65216 -0.806823 3.74404 
-2.14402 -1.78676 3.70095 
-1.68402 -1.79989 2.6705 
-1.60867 -1.80713 3.70358 
-1.30087 -1.80944 3.72307 
-2.3191 -0.81924 2.96735 
-1.5007 -0.806562 2.73043 
-1.32979 -1.80437 3.00306 
-2.30117 -1.16417 3.71429 
-2.31608 -1.10148 3.76503 
-2.30012 -0.939921 2.74296 
-1.32867 -1.58234 3.73811 
-2.29216 -0.809966 2.8794 
-2.02218 -1.82279 2.72612 
-2.31924 -1.58055 3.73587 
-1.31542 -1.84292 3.61825 
-2.18626 -1.83637 3.73041 
-2.32754 -1.50446 3.73451 
-1.33446 -1.24966 3.70148 
-1.34953 -0.817724 3.69732 
-1.85731 -1.80791 3.70387 
-2.32911 -1.82074 3.65511 
-2.09308 -0.825125 3.70272 
-2.16883 -0.821182 2.69392 
-2.30554 -1.78575 3.70729 
-2.31877 -0.805787 3.69273 
-1.32242 -1.80215 3.27651 
-2.34739 -1.38832 3.70616 
-1.33462 -1.81344 3.73048 
-1.93283 -1.78788 2.69876 
-1.97159 -0.827658 2.72639 
-2.32097 -0.81568 2.91903 
-2.3568 -1.71035 2.7191 
-2.24831 -0.804029 2.68569 
-2.31349 -1.28723 2.70435 
-1.30543 -0.800538 3.68647 
-1.3282 -0.826857 3.118 
-1.31439 -1.81689 3.09886 
-2.3303 -0.894285 2.71504 
-2.30966 -0.799362 2.72978 
-1.35514 -1.81868 3.24057 
-1.32956 -0.830247 3.28204 
-2.32289 -0.831339 3.24293 
-1.31255 -0.793705 3.42513 
-1.31404 -1.74897 2.71737 
-2.33023 -1.7931 3.10642 
-2.32624 -1.03336 2.70221 
-1.78947 -1.82594 3.75638 
-2.32671 -1.2271 2.7256 
-1.29249 -1.50029 3.71715 
-2.32603 -1.03939 3.73343 
-1.29475 -0.817575 3.30606 
-1.3196 -1.82464 3.70668 
-1.31385 -0.823755 2.79854 
-1.67147 -1.81451 3.7127 
-1.3399 -1.44331 2.716 
-2.33949 -1.81549 2.68942 
-1.33858 -0.8397 3.48017 
-1.20265 -2.05589 0.474793 
-1.3226 -1.07631 3.69965 
-1.55972 -0.803765 2.71287 
-2.30039 -1.81583 3.19699 
-1.30741 -1.20643 2.68472 
-2.32627 -0.83622 2.70495 
-1.31952 -1.84351 3.38882 
-2.33975 -1.83522 3.02739 
-2.32186 -1.80345 3.12543 
-2.33294 -1.61541 2.72605 
-1.30193 -0.841374 3.72631 
-1.32324 -0.796849 2.75041 
-2.32608 -1.17816 2.69137 
-2.06542 -0.808742 2.69865 
-2.288 -1.52013 3.73924 
-1.32915 -1.46871 3.69544 
-1.97959 -0.817763 3.72707 
-2.2604 -0.835672 2.73239 
-1.29442 -0.801076 3.61134 
-1.30564 -1.54446 2.71912 
-2.02013 -0.846284 3.72366 
-1.81547 -1.81578 3.70723 
-1.27821 -0.797311 3.32053 
