1.44866 -2.02355 0.823443 
2.47902 -2.85913 -1.73741 
1.98076 -2.08977 0.874716 
2.4884 -3.32384 -0.742058 
3.50766 -3.35822 -1.26528 
1.96231 -2.03745 1.44617 
2.50267 -3.34978 -1.49553 
2.52663 -2.42735 -1.66206 
2.50139 -3.33652 -0.820374 
1.51553 -3.05053 0.815991 
1.96447 -2.24031 0.817477 
3.45338 -2.3714 -1.78646 
0.956178 -3.0338 1.26336 
2.48154 -2.34593 -1.5432 
3.03912 -2.3702 -1.77401 
2.50269 -2.35007 -0.863766 
1.54918 -2.00717 1.8103 
0.967342 0.693204 -0.492266 
1.94592 -3.06595 1.80811 
2.52061 -3.38234 -1.00318 
2.0125 -2.3637 1.85281 
3.13502 -3.37847 -1.78912 
1.40615 -2.08929 1.83324 
0.31529 -0.255627 -0.454172 
3.50463 -2.62188 -0.758961 
3.47551 -2.43087 -1.74384 
2.54572 -2.35029 -0.771207 
2.51399 -3.23479 -1.7891 
-0.23189 -2.98766 0.462203 
1.46657 -3.0678 0.825187 
2.50925 -2.41355 -0.991325 
3.2862 -2.38071 -1.72161 
1.14892 -3.09145 1.81426 
3.51409 -3.36708 -0.797912 
2.49898 -3.36078 -1.34162 
2.88022 -3.35882 -0.769378 
2.52146 -3.08438 -0.780442 
2.59678 -3.39099 -1.7746 
2.4984 -3.33208 -0.90738 
2.63176 -3.38449 -0.796645 
1.96126 -2.09534 1.04089 
3.11413 -2.33622 -0.736517 
2.50949 -2.74499 -1.77646 
3.12643 -2.33632 -1.73956 
3.50705 -2.95924 -1.76422 
0.968722 -3.03017 1.81028 
3.48722 -3.37658 -0.955091 
3.53611 -3.38789 -1.08636 
3.52391 -2.38019 -1.51619 
0.936223 -2.58306 1.7982 
2.66236 -2.38201 -0.771186 
3.14652 -2.37418 -0.78906 
1.5202 -2.04322 1.80931 
2.49604 -2.88699 -1.75736 
0.95041 -0.219186 -0.49145 
-1.23338 -2.77791 0.460465 
2.82193 -3.33459 -0.739343 
1.54348 -3.08062 0.836826 
0.953083 -2.9971 1.60658 
2.50825 -2.35137 -0.937392 
2.51072 -3.30145 -1.79362 
1.73875 -3.06058 1.84933 
2.47659 -2.34509 -0.775479 
0.840135 -0.241881 -0.454034 
1.94421 -2.01431 1.29683 
1.72208 -3.05506 0.818488 
3.53778 -3.29889 -0.782564 
3.37576 -2.34459 -1.7144 
2.48867 -2.62487 -1.72475 
0.947857 -3.0082 1.1275 
3.29217 -3.38337 -1.79935 
2.58365 -3.35813 -1.7904 
2.48786 -2.3412 -1.43639 
2.5456 -2.66585 -0.801109 
0.951586 -2.51025 0.817599 
2.5264 -2.40044 -1.78043 
0.976511 -2.95016 0.82682 
