1 1.26654 -0.477625 
1 2.02179 -1.13532 
1 -2.78847 3.03992 
1 -7.43912 5.26526 
1 4.77936 -3.59364 
1 4.18154 -3.57555 
1 -6.0944 4.79906 
1 1.9028 -1.09355 
1 0.117058 0.40762 
1 4.29371 -3.88971 
1 4.8904 -2.86124 
1 5.55541 -4.28084 
1 2.47855 -1.56868 
1 5.58505 -4.2639 
1 -6.41188 4.99605 
1 -8.87614 8.34832 
1 -4.65321 4.41706 
1 -3.7658 4.1385 
1 -1.2607 1.65076 
1 -8.54368 5.59493 
1 5.30192 -3.999 
1 2.20047 -1.36801 
1 -2.69265 2.85219 
1 5.04463 -3.78426 
1 3.1082 -0.730113 
1 -5.09967 5.04969 
1 -1.15721 1.62268 
1 -4.84502 4.45079 
1 3.20299 -2.2283 
1 -1.41797 1.79468 
1 -1.08675 1.5371 
1 3.17106 -2.17137 
1 -6.71213 5.03125 
1 4.62225 -3.42968 
1 -0.464865 0.989831 
1 1.34267 -0.614195 
1 -6.62333 6.40492 
1 -1.5447 1.99837 
1 -4.36164 4.40614 
1 -7.17088 5.12319 
1 5.13609 -3.88497 
1 0.449764 0.208836 
1 -4.05301 4.16832 
1 2.38146 -1.49479 
1 -1.05233 1.44474 
1 1.43082 -0.669472 
1 3.00281 -2.05188 
