1 2.99905 -0.461137 
1 0.299488 5.26342 
1 4.98501 -5.70815 
1 0.31298 6.68229 
1 -0.413574 8.65464 
1 2.82383 0.0599995 
1 2.77215 0.11715 
1 5.31434 -6.64269 
1 -0.377486 8.5722 
1 -1.08598 10.4338 
1 5.04882 -5.95704 
1 2.04412 2.11721 
1 1.37005 3.9099 
1 -1.25755 10.8597 
1 -1.6509 11.8765 
1 -1.38696 11.1709 
1 -1.54241 11.5754 
1 3.1082 -0.730113 
1 2.83504 -0.0468383 
1 3.13949 -0.90635 
1 3.20299 -2.2283 
1 -1.33285 11.0222 
1 -0.689624 9.33525 
1 3.17106 -2.17137 
1 1.52281 3.49818 
1 4.66515 -4.90438 
1 -0.0626287 7.68684 
1 0.463265 6.32226 
1 1.97914 2.27783 
1 0.26393 6.82482 
1 -1.66025 11.981 
1 0.224226 6.89426 
1 1.04782 4.72388 
1 4.51045 -4.44096 
1 1.64124 3.15579 
1 -1.12885 10.5829 
1 1.87583 2.53957 
1 -1.16283 10.5555 
1 2.29432 1.4358 
1 2.50797 0.86901 
