1 1.26654 -0.477625 
1 2.02179 -1.13532 
1 -7.81763 7.41341 
1 -7.00898 5.09747 
1 4.77936 -3.59364 
1 4.18154 -3.57555 
1 1.9028 -1.09355 
1 0.117058 0.40762 
1 4.29371 -3.88971 
1 4.8904 -2.86124 
1 5.55541 -4.28084 
1 2.47855 -1.56868 
1 -7.79683 7.47672 
1 -8.86136 5.7318 
1 3.85117 -2.6838 
1 5.58505 -4.2639 
1 -0.7185 3.14619 
1 -8.87614 8.34832 
1 -4.65321 4.41706 
1 -1.2607 1.65076 
1 4.44681 -3.28453 
1 -8.54368 5.59493 
1 5.30192 -3.999 
1 -6.19181 4.85515 
1 2.20047 -1.36801 
1 -2.69265 2.85219 
1 5.04463 -3.78426 
1 -1.15721 1.62268 
1 3.43377 -1.61709 
1 -1.41797 1.79468 
1 -1.08675 1.5371 
1 -6.71213 5.03125 
1 -1.15206 1.63391 
1 4.62225 -3.42968 
1 -2.83898 3.11299 
1 1.34267 -0.614195 
1 -7.64567 7.30012 
1 -4.05808 4.13971 
1 -5.85133 4.84623 
1 0.841095 -2.51369 
1 -1.5447 1.99837 
1 -1.49362 1.82007 
1 -7.17088 5.12319 
1 5.13609 -3.88497 
1 0.449764 0.208836 
1 -1.05233 1.44474 
1 -7.71293 5.34192 
1 1.43082 -0.669472 
1 -5.45143 4.69646 
1 3.00281 -2.05188 
