-1.62447 -0.0665635 -0.134747 
-1.30478 0.492945 0.863072 
-1.6312 0.469755 -0.0738425 
-0.618309 0.48712 0.160933 
-0.578203 -0.411796 -0.147441 
-0.600318 0.516147 0.289672 
-1.59099 0.269088 0.840442 
-1.2885 0.47207 0.855734 
-1.28503 0.500688 -0.111547 
-0.58845 -0.454999 0.880116 
-0.59818 0.420235 -0.113447 
-1.58781 -0.500307 0.681474 
-0.827902 -0.493213 0.889372 
-0.580684 -0.491017 0.614132 
-0.666261 0.488492 -0.13593 
-1.58656 0.479481 -0.140453 
-1.35287 0.501323 -0.121793 
-0.594585 0.14817 -0.135968 
-1.18049 -0.486418 -0.126351 
-0.614803 0.235701 0.886701 
-1.59151 -0.477046 -0.0303299 
-1.34281 0.497077 0.878298 
-0.604464 -0.530784 0.452595 
-0.779 0.497062 0.889739 
-0.601809 -0.0368546 0.87472 
-1.62489 0.379408 -0.115628 
-0.0812914 1.42367 -1.94098 
-0.604194 -0.191771 0.88979 
-0.589088 -0.400973 0.89065 
-1.63413 -0.200616 0.892556 
-0.914139 0.502532 -0.130743 
-1.3659 0.497249 0.857939 
-0.593235 -0.209167 0.867787 
-2.22273 1.49826 -1.20271 
-0.596654 0.356957 -0.128813 
-0.579241 0.516899 -0.100515 
-1.59343 -0.269498 -0.110233 
-1.33497 0.510239 0.864684 
-1.60043 -0.484352 -0.100662 
-0.605163 -0.487649 -0.108386 
0.177034 0.446201 -1.62615 
-0.609856 -0.0492282 0.893355 
-1.62058 -0.511409 0.17154 
-1.62112 -0.480024 -0.000266873 
-0.609041 0.481943 -0.136057 
-1.61873 -0.0792845 -0.144131 
-1.11784 0.514796 0.879651 
