-1.71331 0.274804 -6.98189 
-1.70824 1.27694 -6.67752 
-1.70193 0.4237 -7.46685 
-1.64435 0.239875 -7.30984 
-1.68231 1.2581 -7.12471 
-1.76115 0.971446 -7.5363 
-1.70707 1.24483 -7.4481 
-0.976722 0.263912 -7.47941 
-1.76697 0.680944 -7.54667 
-0.738993 1.23484 -6.5038 
-1.36363 0.244552 -7.48568 
-1.68934 0.935349 -7.48485 
-0.677124 0.860899 -6.45543 
-1.6797 0.30717 -7.48115 
-1.71112 1.24674 -6.51054 
-1.69389 0.24663 -6.98963 
-0.723306 0.675383 -6.50747 
-0.723634 0.270703 -7.0854 
-1.71042 1.27146 -7.22763 
-1.36489 1.27465 -7.45532 
-0.721124 1.26844 -7.02572 
-0.710951 0.264292 -7.47974 
-1.77403 0.289882 -7.18627 
-1.68118 0.748134 -7.4757 
-0.875079 0.256269 -6.49816 
-1.66421 0.243225 -7.35133 
-0.842069 0.263439 -6.44561 
-0.674396 1.25334 -6.70845 
-1.72069 1.26752 -7.17688 
-1.64482 0.925591 -6.38506 
-1.70245 1.14711 -7.51374 
-0.716685 0.272985 -7.07678 
-1.77501 0.552532 -7.48999 
-1.44375 1.26594 -7.43286 
-1.70594 0.266116 -7.25433 
-1.69378 0.884105 -7.47822 
-1.65301 0.254537 -7.35755 
-1.34397 0.259165 -6.46121 
-0.703102 0.260891 -7.07071 
-0.728796 1.11236 -6.44677 
-1.7341 1.26631 -7.33204 
-1.35764 1.2572 -7.48578 
-1.73711 1.27563 -6.91841 
-1.69199 1.2497 -7.49954 
-0.693042 1.24989 -7.37026 
-0.72806 0.275853 -6.47638 
-0.628947 0.722967 -6.40256 
-1.67599 0.516058 -7.44666 
