-3.85458 2.06745 -3.06974 
-2.96777 1.2373 -2.04 
-2.9787 2.05126 -3.02153 
-3.98853 1.52983 -3.06568 
-2.9626 1.07341 -2.45045 
-2.99904 2.06058 -2.0349 
-3.97516 1.0772 -2.33609 
-3.56568 1.05383 -3.0585 
-3.99916 1.19394 -2.0649 
-2.98495 1.51083 -2.07279 
-3.67303 2.0742 -2.07123 
-2.9706 2.07101 -2.34274 
-2.98492 2.05166 -3.03757 
-3.23481 2.07365 -3.09154 
-4.0309 2.0814 -2.64312 
-2.98695 2.06597 -2.08756 
-3.55127 1.05756 -2.05154 
-2.98408 2.06283 -2.63274 
-3.91458 1.03788 -2.69539 
-3.94587 2.05675 -2.12661 
-3.96194 1.0586 -2.51115 
-3.69965 1.03739 -2.042 
-2.96045 1.37921 -2.05602 
-2.9622 2.06386 -2.43334 
-3.08849 1.07088 -3.08533 
-3.99136 2.0693 -2.13839 
-2.99121 1.73627 -2.05473 
-3.96575 1.06299 -2.49055 
-3.46754 2.08313 -2.08724 
-2.96646 1.39994 -3.06115 
-3.30275 2.08675 -3.10103 
-3.96856 2.062 -2.93564 
-2.98474 2.06722 -2.93412 
-3.321 2.06543 -2.08189 
-3.98275 2.06768 -2.6051 
-3.97292 1.07682 -3.07499 
-3.03371 2.07342 -3.0793 
-2.98063 1.0614 -2.17312 
-2.98978 2.05332 -2.97571 
-2.98674 1.06565 -2.68273 
-3.99717 2.05654 -2.23213 
-3.5672 2.03608 -3.03052 
-2.96713 2.06687 -2.42815 
-3.96755 1.04499 -2.42506 
-3.94655 2.05622 -2.26553 
-3.98475 1.81983 -3.05972 
-3.96609 2.07051 -3.07473 
-2.96585 1.9659 -2.05634 
-3.97296 1.92318 -3.0991 
-2.97259 1.0682 -2.23933 
-3.96817 1.05141 -2.96451 
-2.96951 1.05861 -2.66279 
-3.2773 2.0655 -3.05393 
-2.99916 2.06407 -2.86151 
-3.97224 1.97663 -3.05945 
-3.9666 1.22854 -2.05562 
-3.75486 2.05575 -2.04543 
-3.0777 1.06075 -3.06385 
-2.96277 1.06859 -2.64859 
-3.00604 1.24892 -3.10738 
-3.76691 2.07609 -3.09275 
-3.95028 2.05322 -2.89681 
-3.53824 2.06726 -3.06023 
-3.90132 2.06814 -2.0712 
-3.9894 1.32314 -3.08053 
-4.00151 2.08957 -2.8046 
-3.97615 1.14809 -2.05134 
-2.9853 1.99081 -2.06061 
-3.96231 1.80701 -2.05574 
-3.465 1.05039 -2.04288 
-2.97362 1.07117 -2.68555 
-2.95944 2.061 -2.20138 
-3.9773 1.54897 -3.06268 
-3.57794 2.04195 -3.04672 
-2.97048 1.07444 -2.63579 
-3.97334 1.18222 -3.08904 
-3.33464 2.06101 -3.05672 
-4.00049 2.07889 -2.39694 
-3.51256 2.0772 -3.07389 
-3.9307 1.05599 -2.46035 
-3.99894 1.43583 -2.0947 
-3.96601 1.0814 -2.40414 
-3.96611 1.51786 -3.05194 
-3.95672 2.05606 -3.02414 
-3.67839 2.07607 -2.0804 
-3.99738 2.0701 -2.7669 
-3.37771 2.06398 -3.06765 
-2.9932 1.06773 -2.56008 
-3.00488 1.8285 -3.09536 
-3.15883 1.06632 -2.05842 
-3.98087 2.02417 -2.05841 
-3.34121 1.07011 -3.06354 
