-1.81517 -0.624459 1.11457 
-0.811526 -0.645925 0.978025 
-1.54796 -0.623701 0.114831 
-1.81407 -0.647012 0.12608 
-0.806769 0.353678 1.05601 
-0.8185 0.343302 0.136008 
-1.79934 0.308876 1.12612 
-1.80974 -0.404593 1.09479 
-1.22204 -0.63995 0.0873394 
-1.8237 0.352027 0.878109 
-1.82987 0.221692 1.11093 
-1.81927 0.362076 0.394371 
-1.81526 -0.647207 0.795844 
-0.818103 -0.581389 0.106715 
-1.82608 0.373071 0.46609 
-1.82297 0.349514 0.746525 
-2.80503 -1.8443 -0.0269663 
-1.31513 -0.638171 0.119775 
-0.816055 -0.404553 1.11114 
-0.808931 -0.368122 1.10019 
-1.14561 0.354544 1.09424 
-1.01881 -0.630292 1.13756 
-0.807906 0.360241 0.341767 
-1.83088 0.352296 1.01432 
-0.834314 0.344746 0.139034 
-0.827625 0.336758 0.127877 
-1.8126 -0.636476 0.464861 
-1.50984 0.362446 1.08712 
-1.47457 0.369669 1.13706 
-1.81986 -0.387402 1.12462 
-1.80469 -0.622012 0.798158 
-0.827467 0.344203 1.05097 
-1.79752 -0.645039 0.859424 
-3.36981 -0.927686 -0.0207894 
-0.805967 -0.303794 0.117832 
-1.83475 0.364276 0.558393 
-0.839418 0.194829 0.112362 
-0.830574 0.234729 0.128102 
-0.817702 -0.128515 0.10098 
-1.16022 -0.62782 1.10757 
-1.8303 -0.0605858 1.1066 
-0.821118 0.199591 1.11824 
-1.74993 0.351741 1.11828 
-0.827858 -0.659779 0.769597 
-0.797056 -0.672823 0.301706 
-1.23269 0.351028 0.115666 
-0.810922 -0.37523 0.104497 
-0.811296 -0.650406 0.54063 
-1.27301 0.360056 0.117345 
-2.84935 -1.72869 0.956146 
-0.842272 -0.637775 0.136549 
-0.825387 0.306909 1.12165 
-1.78701 -0.0110882 1.08935 
-0.80207 -0.647691 0.108207 
-1.46282 -0.64917 1.10657 
-1.7964 -0.217687 0.0926775 
-1.82282 0.326671 0.125673 
-1.81808 0.289993 0.133194 
-0.81041 -0.198136 0.115643 
-1.23159 0.378436 0.146371 
-0.819072 0.0551068 0.121918 
-1.83509 -0.4281 1.13085 
-0.833012 -0.641327 0.274663 
-0.836175 0.337134 1.11516 
-1.8241 -0.640522 0.408765 
-1.81767 0.133719 0.108008 
-1.79501 0.350536 0.125316 
-0.813349 -0.648942 0.941724 
-1.80451 0.370856 0.556749 
-1.80809 0.377403 0.622875 
-0.845655 -0.457166 1.14517 
-0.802757 0.147068 1.11893 
-1.80202 0.0372145 1.07537 
-0.8682 -0.631541 1.10205 
-0.973941 -0.64044 0.0997739 
-1.83304 0.356756 0.206798 
-1.45383 -0.627365 0.11734 
-1.82657 0.365977 0.448798 
-1.82486 -0.668959 0.51836 
-1.81545 0.360952 0.619811 
-0.815213 -0.646213 1.12542 
-1.79035 0.181181 0.0851492 
-0.806391 -0.420526 0.0939674 
-1.81575 -0.652891 0.925639 
-1.79128 -0.340623 1.07299 
-1.81407 0.373549 0.371917 
-1.60516 0.354357 1.09173 
-1.83485 0.35192 1.14719 
-2.82002 -0.943781 1.01115 
-1.23233 -0.641163 1.12746 
-1.81877 -0.661016 0.766356 
-1.80695 -0.65493 1.07704 
-1.83043 -0.649668 0.904489 
-1.78996 0.346369 0.774838 
-0.807606 0.317753 1.10138 
-1.51409 0.367065 0.119488 
-1.81009 -0.229986 0.103397 
-1.1454 -0.63738 1.12298 
-1.84027 -0.221949 1.13335 
-1.58117 -0.615474 0.100079 
-1.82632 -0.62463 0.814577 
-1.78493 0.353595 1.11031 
-1.60764 0.360061 1.13377 
-0.813592 -0.652059 0.810185 
-1.49294 0.367278 0.0985192 
-1.30731 0.360144 1.14039 
-1.13516 0.364063 0.081252 
-0.846968 -0.290536 0.109225 
-1.553 -0.638618 0.107191 
-0.809139 0.34576 0.523893 
-0.819918 -0.363099 0.096651 
-0.830057 -0.631619 0.633918 
-1.8423 -0.650247 1.08026 
-1.80927 -0.657503 0.179785 
-0.828103 -0.626314 0.732841 
-1.57903 -0.626626 1.09536 
-2.93923 -1.93968 0.981289 
-1.1759 0.355265 1.1233 
-1.26914 -0.652802 1.07165 
-0.972058 0.345092 1.11185 
-0.806424 0.201583 1.10366 
-1.42918 0.350084 1.09518 
-1.80891 0.0646218 1.12102 
-0.81271 0.355818 0.730695 
-0.843943 -0.634564 1.11617 
-1.83247 0.353786 1.11383 
-1.45082 -0.618941 1.09564 
-1.72888 0.362711 1.11392 
-0.825226 -0.645291 1.00873 
-0.845193 -0.142596 0.139918 
-0.806287 0.368126 0.486144 
-1.81942 0.358839 0.963052 
-0.846771 -0.619286 0.555899 
-1.81941 0.344678 0.425168 
-0.923399 -0.653804 0.124231 
-1.28495 0.341437 1.08788 
-1.83742 0.249815 1.126 
-0.821333 -0.310639 0.127537 
-0.841531 0.356482 0.840504 
-1.82641 0.340659 0.110585 
-1.00755 -0.661382 1.10604 
0.657973 0.473627 0.920309 
-0.965923 -0.631264 0.119682 
-0.817782 0.345564 1.04917 
-1.02041 0.340902 1.0894 
-0.801316 0.350229 1.12167 
-1.69719 0.357725 1.12869 
-1.75173 -0.634342 0.125735 
-0.822583 -0.456507 1.10338 
-1.83306 0.28893 1.13093 
-1.18679 0.38267 0.129581 
-1.84288 -0.329133 1.12289 
-0.851557 -0.652746 0.120206 
-0.810143 0.3698 1.05167 
-0.829327 -0.323651 0.0986299 
-1.39377 0.342217 0.116856 
-0.82645 0.350258 0.84599 
-0.824665 -0.627496 1.09737 
-0.815443 -0.656205 0.265796 
-2.84048 -1.96142 0.98763 
-1.79763 -0.650507 1.11609 
-1.79939 -0.327902 0.0971551 
-0.951547 0.382927 0.104467 
-0.832674 0.223209 0.125421 
-0.827376 0.239832 0.136557 
-1.35161 -0.652993 0.108024 
-1.80984 -0.647588 0.996487 
-1.28229 0.349778 1.12017 
-0.795103 0.36389 1.01271 
-1.79103 -0.51707 0.0941934 
-1.73983 0.346452 1.10044 
-1.81698 -0.568846 0.0974854 
-0.813669 0.0703193 1.09549 
-1.5711 0.34379 0.123776 
-1.80906 0.36907 0.508884 
