0.229962 5.92933 -5.60563 
0.0322967 5.92048 -5.00785 
-0.855826 5.03542 -5.99588 
0.207422 4.92945 -5.62584 
-0.279544 4.96131 -4.97811 
-0.173404 4.93791 -5.96755 
0.0364983 5.96633 -6.01603 
0.177349 4.9678 -5.76179 
0.243481 5.94351 -5.34247 
-0.495822 4.86627 -4.82659 
0.246751 4.84601 -5.41598 
-0.790825 5.02123 -5.13824 
-0.01173 5.90038 -5.94479 
0.214477 5.04632 -4.81972 
0.231728 5.88538 -5.51608 
-0.1416 5.98754 -6.11085 
-0.807885 5.10868 -5.05081 
0.205738 4.91441 -5.07867 
-0.819455 5.41504 -6.09056 
-0.801597 4.91087 -5.51113 
0.122241 4.88502 -5.93147 
-0.530624 4.88862 -5.92414 
-0.770153 5.92634 -5.93358 
0.18357 4.95542 -5.95993 
-0.796676 5.61932 -5.05816 
