1 4.96529 4.82252 
1 5.26211 4.96655 
1 3.41157 4.08044 
1 -6.05893 -0.723115 
1 3.46851 4.04987 
1 -1.67351 1.50353 
1 -2.31522 1.18275 
1 5.70419 5.17014 
1 9.28338 7.00108 
1 8.87156 6.80125 
1 -3.62692 0.513687 
1 -4.35059 0.151817 
1 9.44716 7.06195 
1 -0.879985 1.93483 
1 7.99738 6.36499 
1 7.99558 6.36033 
1 -4.63572 -0.0107315 
1 -6.0593 -0.741935 
1 1.44753 3.06395 
1 -0.68555 1.97421 
1 -5.41085 -0.390563 
1 5.0802 4.89965 
1 6.20518 5.45867 
1 -1.81491 1.50719 
1 -0.345572 2.15446 
1 -0.133367 2.29333 
1 -4.4387 0.118188 
1 10.5099 7.61735 
1 10.2916 7.49867 
1 10.6198 7.67648 
1 -2.78437 0.942789 
1 8.49672 6.62748 
1 -5.5309 -0.45689 
1 3.16544 3.93356 
1 -4.19356 0.216497 
1 4.47026 4.58692 
1 0.841758 2.76603 
1 8.50794 6.62404 
1 5.79851 5.22977 
1 -5.55478 -0.446814 
1 -4.0858 0.278912 
1 -5.39528 -0.393552 
1 -5.1035 -0.222638 
1 -0.758792 1.99206 
1 -3.19365 1.97074 
1 -2.40468 1.14071 
1 9.53184 7.11368 
1 9.70691 7.21096 
1 3.816 4.26391 
1 3.80501 4.27483 
1 -4.80632 -0.0900148 
1 -3.91048 0.369928 
1 4.88742 4.79206 
1 -4.70015 -0.0161168 
1 -3.98805 0.35668 
1 -5.15311 -0.265059 
1 -6.50205 -0.9584 
1 6.25229 5.46047 
1 6.84199 5.78816 
1 8.74268 6.71478 
1 -5.63477 -0.481789 
1 10.893 7.83082 
1 8.53267 6.64402 
1 -1.8162 1.41377 
1 4.66003 4.68886 
1 -3.23769 0.720019 
1 -1.50811 1.58428 
1 0.372486 2.53109 
1 11.073 7.88695 
1 -5.93779 -0.660152 
1 -2.19821 1.2349 
1 -2.63186 1.03358 
1 0.596155 2.6443 
1 5.33772 5.02113 
1 -2.70462 0.985511 
1 9.19324 6.94923 
1 -5.67414 -0.508176 
1 10.3205 7.5604 
1 3.36342 4.02414 
1 4.82086 4.76653 
1 4.65475 4.69758 
1 -6.60257 -0.98635 
1 -0.549465 2.06655 
1 6.9062 5.80374 
1 9.14071 6.92669 
1 5.53846 5.14154 
1 7.57581 6.12246 
1 2.8922 3.79336 
1 5.76712 5.24402 
1 -5.29454 -0.340121 
1 7.60997 6.15196 
1 -4.35607 0.123754 
1 -2.54505 1.7407 
1 8.1447 6.44514 
1 3.91419 4.33389 
1 -0.893091 1.87845 
1 2.20797 3.44712 
1 8.97714 6.83104 
1 10.5052 7.6296 
1 -5.0963 -0.208731 
1 7.46217 6.09256 
1 8.32935 6.54785 
1 10.5379 7.6533 
1 -3.08055 0.771097 
1 -1.95742 1.34049 
1 -2.53239 1.04382 
1 5.19123 4.95933 
1 -4.65992 -0.0313839 
1 1.99489 3.35171 
1 0.315207 2.4803 
1 10.264 7.48979 
1 0.367659 2.51665 
1 2.68199 3.67831 
1 -0.434223 2.11797 
1 2.57697 3.88893 
1 3.62367 4.14591 
1 5.74164 5.23172 
1 4.09397 4.35907 
1 -4.03173 0.333016 
1 -0.769791 1.95013 
1 6.19523 5.45114 
1 1.20493 2.95674 
1 -6.39996 -0.896926 
1 0.865449 2.78747 
1 3.34264 4.00924 
1 7.70654 6.20325 
1 -0.567883 2.03231 
1 -1.16151 1.73555 
1 8.77903 6.75555 
1 2.51281 3.58818 
1 -1.77192 1.41524 
1 5.17978 4.97117 
1 8.60301 6.63832 
1 9.54627 7.14591 
1 -6.77395 -1.08947 
1 -1.40825 1.60776 
1 6.81677 5.75577 
1 -1.65137 1.51077 
1 7.13115 5.91234 
1 2.53039 3.60107 
1 -3.37787 0.638905 
1 -4.92158 -0.1305 
1 6.76913 5.74272 
1 8.48891 6.62206 
1 7.77728 6.25179 
1 -2.75269 0.954985 
1 7.20491 5.96149 
1 1.85746 3.28267 
1 0.566302 2.62979 
1 -0.787722 1.94614 
1 -4.72109 -0.00557938 
1 6.14133 5.44073 
1 2.21113 3.43716 
