1 -0.052041 9.75587 
1 -0.0743338 8.51411 
1 -0.0657444 9.62725 
1 -0.139353 6.15934 
1 0.0147418 10.4001 
1 -0.0703113 7.27518 
1 -0.0869806 8.34691 
1 -0.0436907 9.64541 
1 -0.0694038 8.94418 
1 -0.0538122 8.86162 
1 -0.059904 8.71509 
1 -0.0311153 9.58618 
1 -0.0254891 9.73602 
1 -0.136885 6.11807 
1 -0.135397 6.67692 
1 -0.0848867 8.56586 
1 -0.103832 7.13755 
1 -0.0862726 7.06891 
1 -0.104733 7.46822 
1 -0.118906 6.63778 
1 -0.0690312 8.00134 
1 -0.0500327 9.88943 
1 -0.0434617 9.85147 
1 -0.0509287 8.88574 
1 -0.0350633 9.58465 
1 -0.0407124 10.0671 
1 -0.0803473 7.52354 
1 -0.0253874 9.86587 
1 -0.0732855 8.58021 
1 -0.116609 6.67876 
