1 -0.159861 5.00886 
1 -0.161463 4.16362 
1 -0.198236 3.93683 
1 -0.0941131 7.16772 
1 -0.190385 2.71997 
1 -0.104524 5.69433 
1 -0.192073 3.92262 
1 -0.176777 4.17548 
1 -0.153148 4.52513 
1 -1.18525 3.05287 
1 -1.12973 3.3097 
1 -0.148624 4.6274 
1 -0.129303 5.55258 
1 -0.132657 4.77115 
1 -0.187963 3.62485 
1 -0.132056 4.71873 
1 -1.20602 3.81379 
1 -0.113777 4.64182 
1 -0.136885 6.11807 
1 -0.205767 2.90648 
1 2.45714 3.87411 
1 -0.155923 4.15482 
1 -5.36845 -1.71819 
1 -0.150925 4.30064 
1 -0.185257 3.28257 
1 -0.0862726 7.06891 
1 -0.118906 6.63778 
1 -0.138537 4.97924 
1 -0.159785 3.37319 
1 -1.0052 2.01962 
1 -0.15999 3.83665 
1 -0.177332 4.24401 
1 -0.153528 5.638 
1 -5.93728 -1.84264 
1 -7.72204 -2.29025 
1 -0.106546 6.62528 
1 -0.216595 2.71482 
1 -0.10715 6.14458 
1 -0.187202 3.08687 
1 -0.187923 2.77793 
1 -0.106854 6.39095 
1 -0.156809 4.24716 
1 -0.155898 3.09211 
1 -0.15577 4.25581 
1 -6.90575 -2.09308 
1 -0.13935 3.17424 
1 -0.110904 6.41877 
1 -0.166955 4.30357 
1 -0.15884 2.82618 
1 -8.32164 -2.93905 
