1 -1.97467 -0.737043 
1 -0.270015 0.328748 
1 -0.241983 0.00153929 
1 -0.271508 -0.324141 
1 -0.291364 -1.62961 
1 -0.20922 1.48987 
1 -3.34229 -2.23095 
1 2.34631 3.79243 
1 -2.73274 -1.58795 
1 -0.25434 -0.0627691 
1 3.79213 5.32806 
1 -0.238336 0.221933 
1 4.33266 5.86441 
1 -0.390238 -0.472119 
1 0.676811 2.05531 
1 -0.203906 1.46694 
1 -0.288387 -0.453818 
1 -0.710941 -1.10687 
1 -0.215798 1.8193 
1 -0.675267 0.614725 
1 -0.238193 1.0042 
1 -0.264525 0.435719 
1 -0.248168 0.650898 
1 -0.218401 1.68836 
1 -4.0055 -2.93563 
1 -0.307972 -1.11894 
1 -0.276081 -0.599903 
1 -0.232633 1.24223 
1 0.750046 2.08054 
1 0.2501 1.57401 
1 1.33107 2.7247 
1 1.91534 3.35127 
1 -0.237741 0.127061 
1 -0.28688 -0.224149 
1 -0.196828 2.4077 
1 -5.46885 -4.46558 
1 -5.42826 -4.43867 
1 -2.65296 -1.06801 
1 -0.269052 0.64828 
1 -0.220329 0.770708 
1 -0.260969 -0.113247 
1 -6.59116 -5.67904 
1 -0.255345 -0.422994 
1 -0.289855 -1.36958 
1 -0.245905 -0.555775 
1 -4.07693 -1.40473 
1 -0.27809 -0.746199 
1 -0.241111 0.330538 
1 -0.677918 -1.21839 
1 -0.268106 -0.785827 
1 -0.272079 -0.330598 
1 -0.239183 0.251544 
1 0.237927 1.56562 
1 -0.268564 -0.547268 
1 -1.5448 -0.305001 
1 -1.52496 -0.308135 
1 -0.290131 -0.7656 
1 -0.602573 -1.41618 
1 1.35617 2.73327 
1 0.482338 1.79695 
1 -0.176804 2.28449 
1 -0.24959 0.427167 
1 3.22157 0.399823 
1 -0.280369 -0.323542 
1 -0.296681 -0.737197 
