-1.229 1.18011 0.866173 
1.19568 1.11472 1.1855 
-1.25954 1.05664 0.297594 
-0.237552 1.09435 0.322458 
-1.13051 0.164394 0.316918 
0.199766 1.61612 0.349442 
-0.864883 1.1701 0.314166 
1.20328 1.18094 0.21067 
2.26722 -1.20693 2.15738 
0.194305 0.615021 0.644546 
0.422943 1.62812 1.18657 
1.20188 1.53656 1.18087 
0.403524 1.6004 1.19971 
-0.565274 1.18133 1.29761 
0.770816 0.602067 1.17784 
-0.246825 0.269549 0.32332 
2.27094 -1.25556 1.15389 
-0.773623 0.171343 1.30469 
-0.230789 0.174008 1.29884 
2.28622 -1.23122 1.18359 
-0.254524 1.183 1.32068 
-0.243703 0.184873 0.623357 
-0.241584 0.179613 1.2589 
1.19309 1.50546 0.183322 
0.204209 1.298 1.18038 
1.05266 1.62697 1.18603 
1.86712 -1.21599 1.13595 
