-1.23504	2.7609	0.841067	 0
-0.771579	2.77479	0.901539	 0
-0.854857	2.76183	-0.155869	 0
-0.249449	1.76275	0.227364	 0
-0.245135	1.75716	-0.0528712	 0
-0.880843	2.73542	0.879848	 0
-1.28423	1.78001	0.889735	 0
-1.29713	2.30931	0.883467	 0
-1.80165	-0.343395	-0.109684	 0
-1.23147	1.75477	0.76365	 0
-0.292756	1.83902	-0.101116	 0
-0.820563	0.276107	0.867951	 0
-1.23304	1.79857	-0.13898	 0
-1.196	2.77608	0.89002	 0
-0.378451	1.75923	0.904729	 0
-0.224179	2.55212	-0.156304	 0
-0.41042	1.77113	-0.113085	 0
-0.902212	1.75464	0.883635	 0
-1.10239	1.73654	-0.10811	 0
-0.291146	2.77028	0.895659	 0
-1.27106	2.70647	0.896718	 0
-1.28316	1.8143	-0.0801047	 0
-0.276626	2.37651	0.87947	 0
-1.28879	2.55995	0.891932	 0
-0.274966	2.0597	-0.105647	 0
-0.260396	2.35441	-0.135482	 0
-1.26367	2.74655	-0.0855205	 0
-1.26978	2.58485	-0.123913	 0
-1.79272	0.643147	0.272431	 0
-0.484395	1.76054	0.904787	 0
-1.22214	2.72912	-0.162705	 0
-0.838573	0.651155	0.889712	 0
-1.28999	2.24834	0.906729	 0
-1.20028	2.75737	0.891226	 0
-1.37201	0.644057	0.890139	 0
-1.06779	2.7728	-0.129755	 0
-1.79041	-0.35	-0.0776868	 0
-1.26774	2.61585	-0.105964	 0
-1.89597	-0.334057	0.704892	 0
-0.257729	1.75425	0.193319	 0
-1.82437	0.663825	0.448007	 0
-0.24728	2.44984	0.883443	 0
-0.861063	1.75805	-0.097979	 0
-1.24228	2.59158	0.857651	 0
-1.2236	1.76817	0.891599	 0
-1.2979	2.03686	0.912504	 0
-0.266689	2.74779	0.22992	 0
-0.27093	1.7786	-0.113371	 0
-0.311977	1.75185	0.0990872	 0
-0.289069	1.75368	0.874424	 0
-1.2896	2.64902	0.859036	 0
-0.552024	2.77261	-0.0986576	 0
-1.75348	0.0822955	-0.138511	 0
-0.267527	2.77507	-0.0128743	 0
-0.282351	1.92573	0.888529	 0
-0.909428	1.99862	-1.78383	 0
-1.25455	2.74593	0.609125	 0
-0.288578	2.38275	-0.113196	 0
-0.253665	2.15117	0.87676	 0
-0.337412	1.78163	0.916777	 0
-1.78403	-0.338925	0.836631	 0
-0.512653	1.76521	0.892687	 0
-1.24225	2.75552	0.315833	 0
-0.260738	2.74409	0.619469	 0
-0.390131	2.76409	-0.125149	 0
-1.16845	2.75371	-0.078249	 0
-0.242131	2.76686	0.310711	 0
-0.256996	1.75149	0.791248	 0
-1.25918	2.32795	0.896066	 0
-0.764639	0.623601	0.00888646	 0
-1.83049	0.496397	0.867805	 0
-0.745308	2.78364	-0.12509	 0
-0.263013	2.37598	-0.10671	 0
-0.583634	2.73796	-0.111767	 0
-0.448624	1.7731	-0.133437	 0
-0.402294	2.7837	0.864768	 0
-1.25601	2.7641	0.882638	 0
-1.25624	2.76168	-0.063397	 0
-0.395675	2.77219	-0.129408	 0
-0.389101	1.74587	-0.152536	 0
-0.275959	1.77486	0.902058	 0
-0.296924	1.74269	0.0816305	 0
-1.26675	2.29889	0.885837	 0
-0.482808	1.75952	-0.127936	 0
-1.26702	2.64918	-0.0920462	 0
-0.243292	2.74931	0.0236497	 0
-0.891165	2.78613	-0.0848107	 0
-0.267635	2.5646	0.881803	 0
-1.2704	2.75899	-0.094711	 0
-1.25056	2.75513	0.492337	 0
-0.261398	2.7495	0.313898	 0
-0.868014	0.653881	0.560096	 0
-0.81509	0.674292	0.62407	 0
-0.271498	1.76325	-0.113845	 0
-0.266027	1.76435	0.455412	 0
-0.24371	2.56114	0.870916	 0
-1.87554	0.68186	0.487538	 0
-0.632921	2.76162	0.854682	 0
-0.253725	2.10379	-0.133128	 0
-1.20477	-0.329157	0.851719	 0
-0.734068	1.74589	0.889388	 0
-0.283894	2.61859	-0.0960168	 0
-0.282922	-3.41955	-1.19632	 1
-1.04524	-2.51999	-2.21716	 1
-0.327486	-3.15698	-1.23213	 1
-1.2853	-3.135	-2.18739	 1
-1.22756	-2.47568	-2.1999	 1
-0.343527	-2.64573	-2.2174	 1
-1.33361	-3.14031	-2.26294	 1
-1.30452	-2.5207	-1.97696	 1
-0.30275	-2.49976	-1.23143	 1
-0.319507	-2.76237	-2.26678	 1
-1.2318	-3.5648	-2.2422	 1
-0.302547	-3.28743	-2.2103	 1
-0.876189	-2.58932	-1.24808	 1
-0.287445	-3.50228	-1.87802	 1
-0.313991	-2.81152	-1.21664	 1
-2.94783	-3.03273	-1.19236	 1
-1.28635	-2.71959	-2.212	 1
-1.29586	-2.54021	-1.6375	 1
-1.32571	-2.77673	-2.24897	 1
-2.81783	-4.13229	-1.62942	 1
-0.34912	-3.51015	-1.22903	 1
-1.12191	-2.54704	-1.23263	 1
-1.28758	-3.16716	-1.21332	 1
-0.547334	-2.53165	-2.21849	 1
-0.722467	-2.57845	-2.23889	 1
-1.21456	-3.54612	-2.21706	 1
-0.303813	-3.06521	-2.23551	 1
-0.293082	-3.53156	-1.23593	 1
-1.2878	-3.12582	-1.21223	 1
-1.16349	-2.53621	-2.22268	 1
-1.32214	-2.92999	-1.24233	 1
-1.14807	-2.48555	-2.20735	 1
-0.296475	-2.53411	-2.22038	 1
-1.30531	-2.54058	-2.03478	 1
-0.318609	-2.96969	-1.23278	 1
-0.295828	-3.0206	-2.199	 1
-0.293157	-3.44044	-1.2237	 1
-0.536898	-2.51275	-1.18652	 1
-0.311506	-2.92119	-1.24554	 1
-0.300954	-3.56516	-1.9622	 1
-0.870776	1.72108	4.34738	 2
-0.865819	0.863449	4.21749	 2
-0.235535	1.85026	4.30823	 2
0.147518	1.8605	3.88488	 2
0.13605	1.2319	4.3355	 2
0.147355	1.26018	4.31791	 2
-0.854666	1.86673	3.39491	 2
0.137799	1.86376	3.62186	 2
0.137909	1.28175	4.30259	 2
0.130435	0.857782	3.79431	 2
-0.849308	1.87015	3.91019	 2
-0.858441	1.73518	3.31407	 2
0.141644	1.85938	4.20163	 2
0.135843	0.853824	3.50858	 2
-0.366398	0.844164	4.34021	 2
-0.141762	1.86398	3.30571	 2
-0.877305	1.84285	3.41041	 2
-0.0489286	1.84949	4.27503	 2
0.138992	0.842583	3.70894	 2
0.116964	0.867491	3.32989	 2
0.15382	0.855551	3.44376	 2
-0.840579	1.30833	3.30921	 2
0.151613	0.860189	4.28325	 2
0.144665	1.56152	3.33811	 2
0.142639	1.86697	4.14012	 2
-0.736376	1.85583	4.30039	 2
-0.853671	1.66539	4.31254	 2
0.139331	1.29802	3.36103	 2
-0.848622	1.04962	4.30444	 2
-0.862232	0.843774	4.22186	 2
0.157982	0.865568	3.39412	 2
-0.365532	0.866175	4.35566	 2
-0.304758	1.83257	3.28838	 2
-0.867782	0.848972	3.78667	 2
-0.811936	1.873	4.32068	 2
-0.451178	1.8459	3.32615	 2
-0.377424	1.85696	3.30157	 2
-0.685577	1.84844	4.31917	 2
0.146828	0.85561	4.07612	 2
-0.628268	0.856729	4.29794	 2
-0.843538	1.8522	3.40162	 2
-0.603685	0.837576	3.32968	 2
-0.853524	1.14901	4.34075	 2
0.146194	0.84684	4.12684	 2
0.145675	1.1964	4.31101	 2
0.14762	1.79073	4.31259	 2
0.145319	1.75715	3.28217	 2
0.139696	1.85613	3.43473	 2
-0.870218	1.37243	3.3518	 2
-0.102727	1.83444	4.30678	 2
0.129236	0.995872	4.32353	 2
-0.865888	1.03614	3.34663	 2
0.121979	1.84049	4.33605	 2
0.134717	1.15109	4.31107	 2
-0.866502	1.84176	3.4854	 2
-0.553038	0.840491	3.30729	 2
-0.855967	1.29822	3.31437	 2
-0.852264	1.55082	4.32936	 2
