-0.282922 -3.41955 -1.19632 
-1.04524 -2.51999 -2.21716 
-0.327486 -3.15698 -1.23213 
-1.2853 -3.135 -2.18739 
-1.22756 -2.47568 -2.1999 
-0.343527 -2.64573 -2.2174 
-1.33361 -3.14031 -2.26294 
-1.30452 -2.5207 -1.97696 
-0.30275 -2.49976 -1.23143 
-0.319507 -2.76237 -2.26678 
-1.2318 -3.5648 -2.2422 
-0.302547 -3.28743 -2.2103 
-0.876189 -2.58932 -1.24808 
-0.287445 -3.50228 -1.87802 
-0.313991 -2.81152 -1.21664 
-2.94783 -3.03273 -1.19236 
-1.28635 -2.71959 -2.212 
-1.29586 -2.54021 -1.6375 
-1.32571 -2.77673 -2.24897 
-2.81783 -4.13229 -1.62942 
-0.34912 -3.51015 -1.22903 
-1.12191 -2.54704 -1.23263 
-1.28758 -3.16716 -1.21332 
-0.547334 -2.53165 -2.21849 
-0.722467 -2.57845 -2.23889 
-1.21456 -3.54612 -2.21706 
-0.303813 -3.06521 -2.23551 
-0.293082 -3.53156 -1.23593 
-1.2878 -3.12582 -1.21223 
-1.16349 -2.53621 -2.22268 
-1.32214 -2.92999 -1.24233 
-1.14807 -2.48555 -2.20735 
-0.296475 -2.53411 -2.22038 
-1.30531 -2.54058 -2.03478 
-0.318609 -2.96969 -1.23278 
-0.295828 -3.0206 -2.199 
-0.293157 -3.44044 -1.2237 
-0.536898 -2.51275 -1.18652 
-0.311506 -2.92119 -1.24554 
-0.300954 -3.56516 -1.9622 
