-0.870776 1.72108 4.34738 
-0.865819 0.863449 4.21749 
-0.235535 1.85026 4.30823 
0.147518 1.8605 3.88488 
0.13605 1.2319 4.3355 
0.147355 1.26018 4.31791 
-0.854666 1.86673 3.39491 
0.137799 1.86376 3.62186 
0.137909 1.28175 4.30259 
0.130435 0.857782 3.79431 
-0.849308 1.87015 3.91019 
-0.858441 1.73518 3.31407 
0.141644 1.85938 4.20163 
0.135843 0.853824 3.50858 
-0.366398 0.844164 4.34021 
-0.877305 1.84285 3.41041 
-0.0489286 1.84949 4.27503 
0.138992 0.842583 3.70894 
0.116964 0.867491 3.32989 
0.15382 0.855551 3.44376 
-0.840579 1.30833 3.30921 
0.151613 0.860189 4.28325 
0.144665 1.56152 3.33811 
0.142639 1.86697 4.14012 
-0.736376 1.85583 4.30039 
-0.853671 1.66539 4.31254 
0.139331 1.29802 3.36103 
-0.848622 1.04962 4.30444 
-0.862232 0.843774 4.22186 
0.157982 0.865568 3.39412 
-0.365532 0.866175 4.35566 
-0.304758 1.83257 3.28838 
-0.867782 0.848972 3.78667 
-0.811936 1.873 4.32068 
-0.451178 1.8459 3.32615 
-0.377424 1.85696 3.30157 
-0.685577 1.84844 4.31917 
0.146828 0.85561 4.07612 
-0.628268 0.856729 4.29794 
-0.843538 1.8522 3.40162 
-0.603685 0.837576 3.32968 
-0.853524 1.14901 4.34075 
0.146194 0.84684 4.12684 
0.145675 1.1964 4.31101 
0.14762 1.79073 4.31259 
0.145319 1.75715 3.28217 
0.139696 1.85613 3.43473 
-0.870218 1.37243 3.3518 
-0.102727 1.83444 4.30678 
0.129236 0.995872 4.32353 
-0.865888 1.03614 3.34663 
0.121979 1.84049 4.33605 
0.134717 1.15109 4.31107 
-0.866502 1.84176 3.4854 
-0.553038 0.840491 3.30729 
-0.855967 1.29822 3.31437 
-0.852264 1.55082 4.32936 
