-1.23504 2.7609 0.841067 
-0.771579 2.77479 0.901539 
-0.854857 2.76183 -0.155869 
-0.249449 1.76275 0.227364 
-0.245135 1.75716 -0.0528712 
-0.880843 2.73542 0.879848 
-1.28423 1.78001 0.889735 
-1.29713 2.30931 0.883467 
-1.80165 -0.343395 -0.109684 
-1.23147 1.75477 0.76365 
-0.292756 1.83902 -0.101116 
-0.820563 0.276107 0.867951 
-1.23304 1.79857 -0.13898 
-1.196 2.77608 0.89002 
-0.141762 1.86398 3.30571 
-0.378451 1.75923 0.904729 
-0.224179 2.55212 -0.156304 
-0.41042 1.77113 -0.113085 
-0.902212 1.75464 0.883635 
-1.10239 1.73654 -0.10811 
-0.291146 2.77028 0.895659 
-1.27106 2.70647 0.896718 
-1.28316 1.8143 -0.0801047 
-0.276626 2.37651 0.87947 
-1.28879 2.55995 0.891932 
-0.274966 2.0597 -0.105647 
-0.260396 2.35441 -0.135482 
-1.26367 2.74655 -0.0855205 
-1.26978 2.58485 -0.123913 
-1.79272 0.643147 0.272431 
-0.484395 1.76054 0.904787 
-1.22214 2.72912 -0.162705 
-0.838573 0.651155 0.889712 
-1.28999 2.24834 0.906729 
-1.20028 2.75737 0.891226 
-1.37201 0.644057 0.890139 
-1.06779 2.7728 -0.129755 
-1.79041 -0.35 -0.0776868 
-1.26774 2.61585 -0.105964 
-1.89597 -0.334057 0.704892 
-0.257729 1.75425 0.193319 
-1.82437 0.663825 0.448007 
-0.24728 2.44984 0.883443 
-0.861063 1.75805 -0.097979 
-1.24228 2.59158 0.857651 
-1.2236 1.76817 0.891599 
-1.2979 2.03686 0.912504 
-0.266689 2.74779 0.22992 
-0.27093 1.7786 -0.113371 
-0.311977 1.75185 0.0990872 
-0.289069 1.75368 0.874424 
-1.2896 2.64902 0.859036 
-0.552024 2.77261 -0.0986576 
-1.75348 0.0822955 -0.138511 
-0.267527 2.77507 -0.0128743 
-0.282351 1.92573 0.888529 
-0.909428 1.99862 -1.78383 
-1.25455 2.74593 0.609125 
-0.288578 2.38275 -0.113196 
-0.253665 2.15117 0.87676 
-0.337412 1.78163 0.916777 
-1.78403 -0.338925 0.836631 
-0.512653 1.76521 0.892687 
-1.24225 2.75552 0.315833 
-0.260738 2.74409 0.619469 
-0.390131 2.76409 -0.125149 
-1.16845 2.75371 -0.078249 
-0.242131 2.76686 0.310711 
-0.256996 1.75149 0.791248 
-1.25918 2.32795 0.896066 
-0.764639 0.623601 0.00888646 
-1.83049 0.496397 0.867805 
-0.745308 2.78364 -0.12509 
-0.263013 2.37598 -0.10671 
-0.583634 2.73796 -0.111767 
-0.448624 1.7731 -0.133437 
-0.402294 2.7837 0.864768 
-1.25601 2.7641 0.882638 
-1.25624 2.76168 -0.063397 
-0.395675 2.77219 -0.129408 
-0.389101 1.74587 -0.152536 
-0.275959 1.77486 0.902058 
-0.296924 1.74269 0.0816305 
-1.26675 2.29889 0.885837 
-0.482808 1.75952 -0.127936 
-1.26702 2.64918 -0.0920462 
-0.243292 2.74931 0.0236497 
-0.891165 2.78613 -0.0848107 
-0.267635 2.5646 0.881803 
-1.2704 2.75899 -0.094711 
-1.25056 2.75513 0.492337 
-0.261398 2.7495 0.313898 
-0.868014 0.653881 0.560096 
-0.81509 0.674292 0.62407 
-0.271498 1.76325 -0.113845 
-0.266027 1.76435 0.455412 
-0.24371 2.56114 0.870916 
-1.87554 0.68186 0.487538 
-0.632921 2.76162 0.854682 
-0.253725 2.10379 -0.133128 
-1.20477 -0.329157 0.851719 
-0.734068 1.74589 0.889388 
-0.283894 2.61859 -0.0960168 
