1 -4.61697 0.588135 
1 0.157718 3.88205 
1 10.2177 10.8438 
1 4.24866 6.67218 
1 0.928312 4.44858 
1 -5.55096 1.4382 
1 8.66894 9.73458 
1 -2.92463 1.70918 
1 6.28989 8.08544 
1 4.8139 7.04727 
1 4.49306 6.91552 
1 -8.20359 -3.72011 
1 7.5059 8.86222 
1 -5.69553 -0.104587 
1 1.30298 4.69553 
1 1.54133 4.85636 
1 3.28825 6.04778 
1 7.97042 9.25454 
1 -7.5918 -3.47506 
1 7.00261 8.62173 
1 1.46278 4.79836 
1 8.29571 9.46851 
1 6.00167 7.85952 
1 7.4868 8.90311 
1 -1.76315 2.55729 
1 5.3155 7.37811 
1 5.28837 7.42253 
1 -1.11021 3.00571 
1 10.0368 10.7047 
1 -3.76378 1.23341 
1 -3.9437 1.04349 
1 -7.51416 -3.41313 
1 -2.37591 2.1305 
1 7.67064 8.96002 
1 9.70731 10.3781 
1 1.64542 4.92111 
1 6.41858 8.16516 
1 -8.08476 -3.59134 
1 -0.618438 3.49083 
1 -4.88133 0.437616 
1 0.443971 4.12056 
1 -1.44677 2.7842 
1 2.64969 5.63784 
1 -0.124198 3.57308 
1 -3.09407 1.63677 
1 -0.513417 3.40445 
1 -0.609126 3.44126 
1 0.20971 3.87387 
1 -3.58947 1.39042 
1 6.73133 8.35332 
1 -5.01078 0.285583 
1 -1.78888 2.5328 
1 7.46735 8.98424 
1 8.21018 9.37895 
1 7.88923 9.11196 
1 6.41811 8.25792 
1 5.70747 7.64299 
1 -4.65142 0.601214 
1 -8.87161 -3.96407 
1 1.65698 4.946 
1 8.82888 9.85537 
1 -1.61308 2.69272 
1 -3.56766 1.43356 
1 4.12813 6.62309 
1 -5.96324 -0.289363 
1 8.20419 9.38579 
1 -9.43272 -4.13992 
1 -3.52709 1.27995 
1 6.93845 8.53746 
1 1.31498 4.68896 
1 -4.57346 0.634714 
1 -8.51685 -3.79428 
1 9.64564 10.3706 
1 7.93147 9.28683 
1 1.41087 4.75057 
1 8.46056 9.56773 
1 -1.51878 1.16351 
1 -2.37122 2.1015 
1 -9.65849 -4.24705 
1 1.08771 4.51424 
1 9.57362 10.3477 
1 -5.63341 1.46122 
1 1.14377 4.58938 
1 4.10788 6.5754 
1 -0.353063 3.52181 
1 6.63452 8.38393 
1 5.41833 7.54364 
1 -4.5303 0.726477 
1 3.32629 6.00796 
1 3.20384 5.91738 
1 -0.501332 3.38073 
1 1.03659 4.46234 
1 1.06196 4.50993 
1 -3.71073 1.22091 
1 9.50404 10.3108 
1 2.04883 5.11564 
1 1.42293 4.77736 
1 3.17865 5.98686 
1 -3.01509 1.69677 
1 -10.6414 -4.62554 
1 0.123423 3.85853 
1 -4.40282 0.761531 
1 4.85193 7.10847 
1 -2.78079 1.22636 
