1 -3.60073 -1.99548 
1 0.200188 -0.519814 
1 1.96664 0.394726 
1 -1.08772 -0.988041 
1 6.28391 1.82995 
1 3.94399 3.01671 
1 -2.89511 -1.67696 
1 0.209301 -0.488817 
1 4.93899 1.30107 
1 4.75049 1.16676 
1 4.45944 1.12792 
1 4.74718 1.20674 
1 4.56221 0.649745 
1 4.45208 1.11026 
1 -6.18871 -2.89702 
1 4.96535 1.338 
1 2.11519 0.253595 
1 6.6496 1.90648 
1 -0.568012 -1.41501 
1 -9.82337 -4.2882 
1 -3.96844 -2.11975 
1 3.52566 0.715198 
1 1.47782 0.00393304 
1 3.11114 0.590569 
1 -1.33183 -1.10037 
1 -9.75342 -4.31155 
1 1.73252 0.0468748 
1 -10.8289 -4.71913 
1 0.647655 -0.325239 
1 3.80192 0.694754 
1 6.06862 1.72202 
1 -5.3097 -2.60841 
1 3.53345 0.753829 
1 -3.32747 -1.85707 
1 5.97249 1.66333 
1 0.951983 -0.222112 
1 1.4395 -0.0131266 
1 0.91508 -0.242315 
1 4.17398 0.702395 
1 -4.58219 -2.32036 
1 6.43651 1.87243 
1 -4.23777 -2.20891 
1 7.22272 2.15652 
1 -3.51311 -1.88661 
1 -10.3251 -4.53757 
1 -4.42966 -2.28957 
1 -7.54775 -3.44812 
1 3.3925 0.70366 
1 6.17987 1.75051 
1 -6.79916 -3.17472 
1 -6.5594 -3.0396 
1 6.4818 1.87978 
1 7.42981 2.25435 
1 -3.68956 -2.00365 
1 -2.54884 -1.56184 
1 -8.14178 -3.70193 
