1 5.50917 -1.02329 
1 3.17357 0.411533 
1 2.44366 -0.179022 
1 3.5364 0.153889 
1 0.740699 1.82955 
1 -4.42776 4.85818 
1 -7.82348 6.93574 
1 -1.97318 3.45434 
1 -5.65179 5.66286 
1 -8.40097 7.24848 
1 6.42209 -1.52485 
1 -7.11561 6.50218 
1 9.0278 -1.24758 
1 -0.0140263 2.35897 
1 7.17191 -1.95952 
1 -2.07499 3.4855 
1 -0.860637 2.73087 
1 -7.57637 6.77059 
1 -4.55859 4.99167 
1 2.68992 0.450787 
1 4.90055 -0.612688 
1 5.86347 -1.17717 
1 0.0130687 2.2593 
1 6.87837 -1.75961 
1 -7.15129 6.51205 
1 6.00128 -1.20465 
1 -0.705079 2.67922 
1 -3.43308 4.42889 
1 -7.67746 6.81817 
1 -2.64252 3.83414 
1 8.18672 -1.10583 
1 7.70691 -1.06426 
1 -4.53003 4.93322 
1 6.72611 -1.69568 
1 -4.6244 5.06775 
1 -6.65594 6.22698 
1 -2.49782 3.74081 
1 1.10109 1.64553 
1 -1.35252 3.07005 
1 1.93049 -0.117959 
