1 6.6185 -5.96142 
1 -1.77412 7.82278 
1 1.19572 2.89653 
1 1.21646 2.87829 
1 1.937 1.69413 
1 7.92328 -8.17551 
1 0.978254 3.22328 
1 6.50763 -5.87446 
1 6.23623 -5.36557 
1 1.96224 1.65004 
1 4.60917 -2.71068 
1 7.36993 -7.26903 
1 4.86196 -3.12936 
1 2.03667 1.12668 
1 -2.3487 8.71347 
1 -2.22228 8.51544 
1 6.28666 -5.51982 
1 4.3417 -2.24918 
1 -1.90247 8.0253 
1 4.92607 -3.21144 
1 1.55276 2.31737 
1 5.20036 -3.67318 
1 3.40397 -0.782214 
1 4.73314 -2.93084 
1 -1.61933 7.55259 
1 0.195192 4.59322 
1 -1.69923 7.65063 
1 3.43271 -0.814113 
1 1.41003 2.48735 
1 4.89782 -3.20855 
1 2.65844 0.471546 
1 -1.15774 5.7611 
1 1.03148 1.73245 
1 0.122184 4.70278 
1 -1.1933 6.8292 
1 -1.20654 6.89438 
1 5.40822 -4.03731 
1 4.93343 -3.27619 
1 3.22558 -0.458998 
1 4.07298 -1.8751 
1 0.411431 4.23828 
1 2.37776 0.961465 
1 4.9783 -3.33474 
1 -0.781356 6.16025 
1 1.80358 1.90536 
1 -5.5194 12.5347 
1 3.14228 -0.296187 
1 4.62033 -2.77514 
1 -2.09816 8.30073 
1 2.73525 0.670468 
1 -0.234613 5.25776 
1 3.41872 -0.78085 
1 1.9442 1.1161 
1 -1.25813 6.92425 
1 6.55498 -5.89072 
1 5.9713 -4.95021 
1 2.28487 2.19546 
1 2.64592 0.53639 
1 7.39492 -7.26708 
1 -0.329914 5.43472 
1 1.2654 2.83805 
1 -0.247181 5.22759 
1 4.73464 -2.88933 
1 5.77954 -4.64642 
1 -5.94285 14.182 
1 -1.43763 7.26935 
1 4.38186 -2.34997 
1 5.15613 -3.5952 
1 -5.54343 12.5936 
1 5.83072 -4.73738 
1 -2.374 8.81875 
1 4.70965 -2.85311 
1 -0.680653 5.95995 
1 -0.038478 4.97299 
1 1.18202 2.90871 
1 3.91834 -1.55509 
1 0.90064 3.44114 
1 3.02347 -0.181707 
1 1.9338 1.70353 
1 1.65798 2.18512 
1 -5.40804 11.8676 
1 5.23305 -3.78149 
1 0.175497 4.58813 
1 -1.64175 7.59136 
1 4.79405 -2.9976 
