1 -5.74306 3.81582 
1 -6.43355 3.80113 
1 -0.0579253 3.99828 
1 10.8859 4.36322 
1 0.387343 4.03712 
1 6.74412 4.23648 
1 -6.20001 3.81359 
1 -2.1365 3.03449 
1 -4.2019 4.97294 
1 11.7231 4.34843 
1 4.55103 4.10379 
1 4.71515 4.14021 
1 3.91158 4.12827 
1 -2.36005 3.26578 
1 2.69666 4.05335 
1 -1.65089 2.62737 
1 11.308 4.35656 
1 3.86198 4.13537 
1 -1.25486 3.98503 
1 7.32467 4.2586 
1 -7.97576 3.73958 
1 9.29503 4.26537 
1 -8.03163 3.77024 
1 7.87276 4.22009 
1 -3.75054 4.5506 
1 -4.04164 4.84287 
1 9.62372 4.29933 
1 -7.79317 3.7857 
1 1.85765 3.32293 
