1 6.25178 -4.72235 
1 -6.52752 7.14887 
1 2.95604 -3.03957 
1 -5.66838 6.2605 
1 4.91046 -3.50498 
1 -4.96702 5.63807 
1 -2.57992 3.47002 
1 6.40618 -4.88768 
1 -3.57014 4.35626 
1 0.932213 0.217045 
1 4.29813 -2.94054 
1 -3.52498 4.38979 
1 6.96864 -5.35523 
1 6.13618 -4.60951 
1 2.60866 -1.28343 
1 -5.31909 6.0533 
1 2.1333 -0.945386 
1 6.59962 -5.01007 
1 0.53639 0.591479 
1 5.18672 -3.7623 
1 6.1632 -4.66641 
1 -4.8094 5.52532 
1 7.25308 -5.63313 
1 5.00189 -3.60171 
1 1.21723 -0.052684 
1 0.672194 0.537865 
1 2.28853 -1.01521 
1 -6.28393 6.87291 
1 5.77119 -4.31867 
1 2.46372 -1.21922 
1 0.754489 0.405834 
1 -4.53225 5.32043 
1 1.84563 -0.658621 
1 0.900711 0.256372 
1 1.50798 -0.284438 
1 4.44275 -3.03827 
1 -3.99199 4.74823 
1 -3.05834 5.91458 
1 -0.681193 1.70518 
1 2.94548 -1.70664 
1 0.691527 0.442681 
1 1.8986 -0.664334 
1 -5.6191 6.28044 
1 5.67121 -4.20247 
1 -2.21313 3.11874 
1 5.00641 -3.59204 
1 -3.6892 4.51146 
1 2.97752 -1.66644 
1 -6.3291 6.96692 
1 6.49215 -4.9248 
1 6.75959 -5.24059 
1 1.94449 -0.722281 
1 2.41841 -1.15725 
1 -6.3606 6.97264 
1 -2.53659 3.45967 
1 5.32435 -3.88043 
1 4.57774 -3.17478 
1 0.344712 0.77546 
1 5.138 -3.69746 
1 -4.52502 5.28972 
1 6.8272 -5.26342 
1 -2.61963 3.49907 
1 2.56265 -1.27256 
1 4.54746 -3.13448 
1 -4.44581 5.22585 
1 1.09444 0.0718053 
1 -3.28795 3.91912 
1 5.22157 -3.75763 
1 -2.20899 3.16861 
1 -1.37084 2.32641 
1 3.89501 -2.5853 
1 3.41187 -2.10276 
1 0.929955 0.153177 
1 -4.25948 4.96751 
1 -3.08776 3.93683 
1 2.86993 -1.54354 
1 4.4305 -3.05222 
1 2.55476 -1.28062 
1 7.63299 -6.01008 
1 -3.09339 3.91131 
1 -4.81807 5.5991 
1 -4.25514 4.99965 
1 7.46766 -5.83563 
1 1.39811 -0.231541 
1 4.81475 -3.37644 
1 3.84158 -2.45395 
1 -5.78926 6.42676 
1 3.06156 -2.72616 
1 7.70026 -6.08207 
1 7.93767 -6.28313 
1 0.68166 0.427004 
1 1.27573 -0.0955561 
1 7.81534 -6.17756 
1 1.00592 0.167334 
1 -2.33288 3.19057 
1 6.61429 -5.05976 
1 3.25724 -1.9644 
1 6.00812 -4.52343 
1 4.98604 -3.58434 
1 -3.85964 4.68448 
1 5.27182 -3.83904 
1 2.62179 -1.31021 
1 -6.46762 7.09916 
1 -1.97479 2.94884 
1 -2.47333 3.3602 
1 5.23728 -3.83512 
1 5.55027 -4.06423 
1 2.59296 -1.33739 
1 6.51506 -4.97552 
1 -5.53263 6.22828 
1 2.60028 -1.33268 
1 3.30258 -1.98103 
1 0.352621 0.738829 
1 -6.57181 7.17489 
1 -3.79988 4.62304 
1 -3.4695 4.3135 
1 -4.30337 5.10442 
1 7.64709 -6.03658 
1 -4.85443 5.584 
1 0.991126 0.192803 
1 -2.7523 3.6228 
1 4.51135 -3.05886 
1 3.45063 -2.15916 
1 -6.27748 6.86312 
1 -3.66284 4.4974 
1 -0.903418 1.91467 
1 -5.23537 5.93939 
1 -2.10948 3.01263 
1 -3.70836 4.49721 
1 7.67703 -6.05801 
1 1.48143 -0.304467 
1 -0.65186 1.67952 
1 -3.3476 4.13737 
1 5.18191 -3.74341 
1 2.73738 -1.45037 
1 -2.20093 3.08334 
1 3.72557 -2.37053 
1 -3.12343 4.02517 
1 -6.38906 7.02468 
1 5.08977 -3.61758 
1 -4.72688 5.46052 
1 3.60115 -2.24264 
1 -6.38209 6.99954 
1 -5.49888 6.17291 
1 6.91252 -5.32572 
1 -3.84851 4.6305 
1 0.987834 0.14937 
1 6.68594 -5.10736 
1 1.08732 -1.10454 
1 5.67353 -4.17095 
1 -3.42975 4.27036 
1 -1.70529 2.67056 
1 -2.36975 3.25922 
1 3.48166 -2.14887 
1 6.61008 -5.09887 
1 -5.77208 6.45013 
1 -1.59602 2.52545 
1 -4.02234 4.81295 
1 -0.612625 1.65015 
1 -3.91532 4.73084 
1 7.81168 -6.16019 
1 2.05224 -0.82162 
1 0.905735 0.283915 
