 0.749805
 0.749805
 0.294578
 0.294578
 0.456324
 0.456324
 0.786082
 0.786082
 0.650546
 0.650546
 0.652402
 0.652402
 0.368184
 0.368184
 0.788188
 0.788188
 0.561178
 0.561178
 0.482466
 0.482466
 0.821409
 0.821409
 0.852875
 0.852875
 0.398912
 0.398912
 0.847438
 0.847438
 0.210586
 0.210586
 0.571453
 0.571453
 1
 1
 0.82783
 0.82783
 0.271595
 0.271595
 0.652399
 0.652399
 0.687432
 0.687432
 -0.00502513
 -0.00502513
 0.434349
 0.434349
 0.928167
 0.928167
 0.124907
 0.124907
 0.640352
 0.640352
 0.261115
 0.261115
 0.809074
 0.809074
 0.480647
 0.480647
 0.70491
 0.70491
 0.572198
 0.572198
 0.834899
 0.834899
 0.880981
 0.880981
 0.435697
 0.435697
 0.760641
 0.760641
 0.403376
 0.403376
 0.765784
 0.765784
 0.597237
 0.597237
 0.173583
 0.173583
 0.768435
 0.768435
 0.921096
 0.921096
 0.757502
 0.757502
 0.0399615
 0.0399615
 0.677319
 0.677319
 0.886024
 0.886024
 0.108476
 0.108476
 0.848301
 0.848301
 0.877206
 0.877206
 0.607865
 0.607865
 0.497591
 0.497591
 0.706021
 0.706021
 0.564727
 0.564727
 0.774529
 0.774529
 0.423027
 0.423027
 0.797136
 0.797136
 0.998026
 0.998026
 0.0336773
 0.0336773
 0.892747
 0.892747
 0.965331
 0.965331
 0.736405
 0.736405
 0.283046
 0.283046
 0.40858
 0.40858
 0.894464
 0.894464
 0.547803
 0.547803
 0.658914
 0.658914
 0.396303
 0.396303
 0.234589
 0.234589
 0.205917
 0.205917
 0.234439
 0.234439
 0.608581
 0.608581
 0.0604495
 0.0604495
 0.325907
 0.325907
 0.46323
 0.46323
 0.295504
 0.295504
 0.92573
 0.92573
 0.824884
 0.824884
 0.846124
 0.846124
 0.65359
 0.65359
 0.719613
 0.719613
 0.815883
 0.815883
 0.226103
 0.226103
 0.413099
 0.413099
 0.793254
 0.793254
 0.311623
 0.311623
 0.487827
 0.487827
 0.747679
 0.747679
 0.738391
 0.738391
 0.700488
 0.700488
 0.424256
 0.424256
 0.396106
 0.396106
 0.254359
 0.254359
 0.0865562
 0.0865562
 0.806043
 0.806043
 0.804448
 0.804448
 0.627498
 0.627498
 0.19323
 0.19323
 0.172695
 0.172695
 0.380856
 0.380856
 0.697966
 0.697966
 0.10026
 0.10026
