 0.91
 0.91
 0.68
 0.68
 0.825
 0.825
 0.915
 0.915
 0.905
 0.905
 0.86
 0.86
 0.62
 0.62
 0.935
 0.935
 0.845
 0.845
 0.815
 0.815
 0.905
 0.905
 0.975
 0.975
 0.765
 0.765
 0.91
 0.91
 0.505
 0.505
 0.805
 0.805
 1
 1
 0.945
 0.945
 0.66
 0.66
 0.815
 0.815
 0.83
 0.83
 0.995
 0.995
 0.895
 0.895
 0.96
 0.96
 0.705
 0.705
 0.895
 0.895
 0.585
 0.585
 0.89
 0.89
 0.69
 0.69
 0.875
 0.875
 0.895
 0.895
 0.905
 0.905
 0.965
 0.965
 0.8
 0.8
 0.86
 0.86
 0.94
 0.94
 0.94
 0.94
 0.75
 0.75
 0.68
 0.68
 0.935
 0.935
 0.915
 0.915
 0.865
 0.865
 0.445
 0.445
 0.865
 0.865
 0.985
 0.985
 0.59
 0.59
 0.935
 0.935
 0.965
 0.965
 0.855
 0.855
 0.81
 0.81
 0.905
 0.905
 0.805
 0.805
 0.83
 0.83
 0.725
 0.725
 0.92
 0.92
 1
 1
 0.785
 0.785
 0.96
 0.96
 0.99
 0.99
 0.99
 0.99
 0.56
 0.56
 0.84
 0.84
 0.96
 0.96
 0.73
 0.73
 0.84
 0.84
 0.7
 0.7
 0.63
 0.63
 0.44
 0.44
 0.565
 0.565
 0.725
 0.725
 0.59
 0.59
 0.65
 0.65
 0.84
 0.84
 0.655
 0.655
 0.96
 0.96
 0.955
 0.955
 0.92
 0.92
 0.88
 0.88
 0.86
 0.86
 0.895
 0.895
 0.565
 0.565
 0.705
 0.705
 0.885
 0.885
 0.63
 0.63
 0.735
 0.735
 0.92
 0.92
 0.935
 0.935
 0.945
 0.945
 0.795
 0.795
 0.59
 0.59
 0.635
 0.635
 0.605
 0.605
 0.94
 0.94
 0.9
 0.9
 0.825
 0.825
 0.555
 0.555
 0.62
 0.62
 0.69
 0.69
 0.785
 0.785
 0.78
 0.78
