 0.877035
 0.877035
 0.658543
 0.658543
 0.728945
 0.728945
 0.893618
 0.893618
 0.853216
 0.853216
 0.852513
 0.852513
 0.684422
 0.684422
 0.910101
 0.910101
 0.805528
 0.805528
 0.746734
 0.746734
 0.911658
 0.911658
 0.970905
 0.970905
 0.718241
 0.718241
 0.928442
 0.928442
 0.73799
 0.73799
 0.785779
 0.785779
 1
 1
 0.916784
 0.916784
 0.650452
 0.650452
 0.833869
 0.833869
 0.869397
 0.869397
 0.980101
 0.980101
 0.719347
 0.719347
 0.978342
 0.978342
 0.592764
 0.592764
 0.820101
 0.820101
 0.580905
 0.580905
 0.919146
 0.919146
 0.756784
 0.756784
 0.853317
 0.853317
 0.814121
 0.814121
 0.931658
 0.931658
 0.962613
 0.962613
 0.720503
 0.720503
 0.880352
 0.880352
 0.870151
 0.870151
 0.887236
 0.887236
 0.806432
 0.806432
 0.585327
 0.585327
 0.933116
 0.933116
 0.968191
 0.968191
 0.883166
 0.883166
 0.604573
 0.604573
 0.853216
 0.853216
 0.970452
 0.970452
 0.691005
 0.691005
 0.924573
 0.924573
 0.952211
 0.952211
 0.802714
 0.802714
 0.75402
 0.75402
 0.856131
 0.856131
 0.789095
 0.789095
 0.906131
 0.906131
 0.726181
 0.726181
 0.909397
 0.909397
 0.999749
 0.999749
 0.474472
 0.474472
 0.96804
 0.96804
 0.99005
 0.99005
 0.98
 0.98
 0.755276
 0.755276
 0.702513
 0.702513
 0.967538
 0.967538
 0.809849
 0.809849
 0.832814
 0.832814
 0.728593
 0.728593
 0.586382
 0.586382
 0.73809
 0.73809
 0.626734
 0.626734
 0.831005
 0.831005
 0.442714
 0.442714
 0.700804
 0.700804
 0.74005
 0.74005
 0.628693
 0.628693
 0.969397
 0.969397
 0.91407
 0.91407
 0.942513
 0.942513
 0.840553
 0.840553
 0.87005
 0.87005
 0.90804
 0.90804
 0.626935
 0.626935
 0.710201
 0.710201
 0.896583
 0.896583
 0.723166
 0.723166
 0.74598
 0.74598
 0.879296
 0.879296
 0.869296
 0.869296
 0.898643
 0.898643
 0.75206
 0.75206
 0.675779
 0.675779
 0.67608
 0.67608
 0.609146
 0.609146
 0.934121
 0.934121
 0.903166
 0.903166
 0.815126
 0.815126
 0.654673
 0.654673
 0.611055
 0.611055
 0.732111
 0.732111
 0.855578
 0.855578
 0.545729
 0.545729
