2.43857 -1.5296 4.81058 
3.10226 1.70059 3.1357 
1.25913 -1.08124 5.67434 
1.40517 -1.68014 4.7791 
2.21096 -1.66607 5.77837 
1.45963 -0.841676 4.86507 
1.37495 -1.68543 5.11667 
2.31926 -0.650766 5.70436 
1.56599 -0.631934 4.7093 
2.44037 -1.70642 5.12168 
1.50663 -1.71994 5.83858 
1.77856 -1.63982 5.72946 
1.30842 -1.63724 5.2468 
2.40088 -1.2787 5.75973 
2.26972 -1.3144 4.63289 
1.55239 -1.67043 4.77767 
2.28082 -1.03398 4.71047 
2.26284 -0.675852 4.7583 
1.35956 -0.680906 5.72603 
2.13965 -0.688863 4.80802 
2.29557 -1.678 4.77294 
2.2928 -0.683247 5.79552 
1.65817 -0.693412 4.79526 
1.37979 -1.53633 4.77946 
2.39438 -0.714931 5.81252 
1.34576 -0.642878 4.91884 
2.42781 -0.690779 5.72624 
2.35757 -0.672919 4.88936 
2.33176 -1.65469 5.58294 
1.4076 -1.69383 5.56301 
1.57549 -0.695207 4.81397 
1.38507 -0.660048 5.04505 
2.41635 -1.67834 4.93184 
