1 1.42709 0.875906 
1 -6.81106 -1.8181 
1 6.78937 1.64838 
1 3.01718 -0.307 
1 -5.77319 -1.79238 
1 -4.35 -0.888293 
1 2.05794 0.349023 
1 3.73026 -1.03844 
1 -2.906 0.0995521 
1 4.01577 -1.26013 
1 -5.08203 -1.32275 
1 3.75413 -0.983346 
1 2.5642 -0.0510537 
1 0.437617 1.66025 
1 -8.42933 -3.46812 
1 -7.27484 -2.79212 
1 -8.44869 -3.49607 
1 -8.16864 -3.31946 
1 3.3377 -0.669919 
1 4.25252 1.65616 
1 2.29858 0.187345 
1 4.08047 1.88923 
1 -9.36175 -3.57564 
1 -5.12401 -4.86002 
1 2.77694 -0.174306 
