1 -3.76894 5.16358 
1 -1.12274 2.94011 
1 7.87694 -4.34704 
1 7.80844 -4.34742 
1 -4.27866 5.4909 
1 10.0812 -6.10368 
1 5.11348 -2.11553 
1 8.98036 -5.2401 
1 -4.40744 5.60719 
1 7.10397 -3.72843 
1 3.56958 2.34934 
1 4.57153 -1.67233 
1 -3.14854 4.6499 
1 9.04516 -5.29684 
1 -2.86855 4.3138 
1 0.451328 1.6787 
1 9.95067 -5.99987 
1 -4.59212 5.73852 
1 5.9594 -2.82095 
1 7.36624 -3.89388 
1 -2.67864 4.20045 
1 -4.84296 5.96119 
1 -3.18816 4.59911 
1 7.93835 -4.43664 
1 10.2398 -6.26571 
1 -4.33489 5.5222 
1 2.99441 -0.438535 
1 -4.12858 5.3677 
1 6.79412 -3.45338 
1 8.55408 -4.85567 
1 10.0049 -6.11368 
1 3.12914 2.71347 
1 4.47671 1.48031 
1 5.92096 -2.77701 
1 10.1295 -6.20327 
1 3.77402 1.90357 
1 -3.29084 4.71649 
1 4.7114 -1.78932 
1 1.06509 1.2042 
1 -0.176689 2.18915 
1 1.98153 0.413041 
1 -3.7854 5.07889 
1 -1.11525 2.97394 
1 0.916879 1.26531 
1 0.403454 1.69906 
1 -1.78089 2.01547 
1 -0.322508 2.31789 
1 10.4568 -6.47619 
1 -1.30075 2.32819 
1 1.80232 3.12795 
1 -0.449794 1.63696 
1 -3.71879 5.04896 
1 4.94079 -1.97212 
1 3.48959 -0.766995 
1 6.28226 -3.06862 
1 1.71063 0.631914 
1 2.38639 3.4171 
1 -3.77787 5.15548 
1 1.77526 3.98396 
1 0.437241 1.72158 
1 -0.854001 2.7638 
1 10.3909 -6.38925 
1 8.57769 -4.89568 
1 -0.153602 1.86632 
1 -4.45948 5.63017 
1 -4.41464 5.61211 
1 0.0291045 2.0519 
1 -1.93178 3.60446 
1 -1.45161 3.1329 
1 3.58829 -0.838185 
1 -2.02307 7.5756 
1 -3.19534 4.66239 
1 7.76767 -4.25634 
1 -0.822144 2.68686 
1 -3.38989 4.78076 
1 1.38304 0.957783 
1 3.4899 -0.827497 
1 -3.82427 5.17491 
1 -0.711863 2.58086 
1 -0.603378 2.55974 
1 -3.4336 4.86583 
1 2.71458 -0.208455 
1 6.91781 -3.56674 
1 0.437034 1.69256 
1 -3.20613 4.62316 
1 10.1977 -6.15826 
1 6.53144 -3.26983 
1 10.479 -6.49492 
1 -4.17786 5.42005 
1 7.23905 -3.81217 
1 -2.2588 3.87669 
1 8.29122 -4.63083 
1 -0.11563 2.19484 
1 -3.79691 9.20639 
1 -4.9031 6.0145 
1 -1.58005 2.0768 
1 0.675795 1.46546 
1 -3.21656 4.64712 
1 -3.66627 5.00788 
1 -0.300886 1.77842 
1 3.77843 1.96297 
1 -0.707153 2.62636 
1 8.29673 -4.71022 
1 -3.2027 4.63178 
1 6.85356 -3.4829 
1 -2.05975 3.70893 
1 9.10457 -5.35069 
1 5.4376 -2.38285 
1 -4.76399 5.91161 
1 3.06943 2.55461 
1 3.87658 -1.14522 
1 4.03742 -1.26252 
1 8.59373 -4.88834 
1 8.13806 -4.50662 
1 -0.56611 2.85073 
