1 7.40429 -1.96193 
1 -1.34031 -1.09745 
1 8.3988 -1.99274 
1 7.99837 -1.99552 
1 8.69357 -1.9903 
1 -1.88594 -1.70655 
1 -3.71083 -1.70116 
1 4.73738 -1.88667 
1 1.20413 -1.78485 
1 9.0031 -2.00431 
1 -0.701792 -1.76688 
1 11.2669 -2.0558 
1 11.0452 -2.08058 
1 -1.91018 -1.72179 
1 -0.125315 -1.76059 
1 -6.54055 -1.63134 
1 -4.0992 -1.70364 
1 9.99764 -1.99016 
1 2.7985 -1.85735 
1 -5.97408 -1.66424 
1 8.6062 -1.95895 
1 -4.21819 -1.69457 
1 -0.644629 -2.7736 
1 0.459286 -1.80276 
1 -0.907794 -1.74164 
1 -1.9869 -1.71138 
1 -6.04058 -1.59728 
1 7.89116 -1.95982 
1 0.756906 -1.76086 
1 -2.2598 -1.709 
1 0.393196 -1.80083 
1 11.1762 -2.05104 
1 -8.16404 -1.58801 
1 7.03352 -1.93734 
1 10.6624 -2.01126 
1 4.86448 -1.9133 
1 5.37218 -1.89361 
1 5.86425 -1.92992 
1 -6.78008 -1.62356 
1 -2.22036 -1.72602 
1 -5.78797 -1.66023 
1 7.19346 -1.952 
1 11.3032 -2.04857 
1 -5.9084 -1.6646 
1 9.30786 -2.03934 
1 10.0904 -2.01272 
1 8.81046 -2.01924 
1 2.5136 -1.81653 
1 11.3371 -2.04398 
1 -2.87852 -1.71217 
1 -5.9272 -1.64324 
1 8.74282 -1.98369 
1 10.2801 -2.04186 
1 -6.74675 -1.61715 
1 -3.67849 -1.64717 
1 4.13649 -1.89201 
1 -6.34493 -1.60393 
1 3.23032 -1.85563 
1 -7.87819 -1.60593 
1 -6.20513 -1.62773 
1 2.86227 -1.89489 
1 0.21332 -1.80089 
1 -1.72586 -1.72638 
1 -1.69099 -1.76762 
1 -8.35313 -1.58763 
1 5.64064 -1.92116 
1 9.80712 -1.97502 
1 3.6114 -1.90994 
1 -5.91055 -1.66659 
1 4.5879 -1.88033 
1 2.25138 -1.83265 
1 -4.45679 -1.66286 
1 5.40348 -1.90443 
1 -5.50715 -1.61311 
1 -5.64753 -1.64192 
1 5.74443 -1.90453 
1 -4.99341 -1.66539 
1 -5.64166 -1.67148 
1 8.70056 -1.99424 
1 -1.75132 -0.894107 
1 -3.04123 -1.72784 
1 3.10143 -1.83787 
1 6.39682 -1.95679 
1 -7.98455 -1.56722 
1 7.71162 -1.99823 
1 -4.83952 -1.67606 
1 8.52904 -2.01127 
1 -4.25542 -1.66787 
1 0.680515 -1.7975 
1 -3.03898 -1.71415 
1 2.62272 -1.85038 
1 4.31141 -1.87754 
1 0.966975 -1.78263 
1 8.90233 -2.01249 
1 -7.97131 -1.56946 
1 2.50175 -1.86025 
1 -4.26162 -1.6892 
1 9.78692 -2.00679 
1 8.53914 -1.97778 
1 -0.690829 -1.79365 
1 10.7027 -2.03449 
1 -6.35657 -1.59423 
1 -7.95403 -1.55599 
1 7.54096 -2.00113 
1 -1.69958 -1.73046 
1 8.43394 -1.99231 
1 -0.328589 -3.44308 
1 -1.76729 -0.236843 
1 1.64803 -1.80453 
1 -5.34549 -1.62995 
1 2.91877 -1.80404 
1 -5.13278 -1.64261 
1 2.28715 -1.84377 
1 -0.152872 -1.78872 
1 8.04351 -1.9611 
1 -1.25779 -1.79421 
1 -7.10593 -1.62833 
1 10.7155 -2.07431 
1 8.89953 -2.00929 
1 4.69204 -1.87341 
