1 0.924348 1.11732 
1 8.67851 -1.81411 
1 -4.40687 3.12733 
1 3.17018 0.694633 
1 -7.94035 4.55177 
1 -2.12522 2.48074 
1 4.2278 -0.118523 
1 -7.64359 4.40585 
1 -2.76093 4.90048 
1 -1.59498 0.451823 
1 -2.54677 2.45059 
1 1.80757 0.454464 
1 3.17036 0.278953 
1 -3.4245 2.81963 
1 -2.2941 2.29602 
1 -1.04583 1.91191 
1 -5.60965 3.64688 
1 4.68689 -0.329783 
1 5.50116 -0.595206 
1 1.68042 0.897555 
1 -6.91255 4.10142 
1 -2.84913 2.58987 
1 3.84647 0.0246599 
1 3.89764 0.00919396 
1 -4.85733 3.33313 
1 8.72773 -1.84136 
1 4.08819 1.25385 
1 -8.16547 4.58718 
1 -7.20528 4.21048 
1 6.07217 -0.828138 
1 4.19222 -0.129408 
1 -7.45252 4.32533 
1 -2.24792 2.35983 
1 0.23788 1.4023 
1 7.0583 -1.22907 
1 8.66356 -0.515245 
1 -2.1741 2.68453 
1 2.39467 1.49633 
1 -6.76131 4.02786 
1 8.73749 -1.83317 
1 8.77568 -1.86757 
1 -1.86986 2.21778 
1 -0.367912 1.63271 
1 10.2081 -2.40288 
1 6.81047 -0.570458 
1 3.90077 -0.00720328 
1 8.71258 -1.84287 
1 -1.95874 2.21861 
1 -5.25661 3.47959 
1 4.40182 -0.239053 
1 0.323133 1.30441 
1 -1.07996 1.85825 
1 7.82213 -1.49833 
1 1.14195 1.02426 
