1 -7.63301 2.889 
1 8.55255 -2.57893 
1 0.277638 0.218224 
1 1.00804 -0.0353639 
1 0.311334 0.193912 
1 -9.00836 3.34452 
1 4.0774 -1.06838 
1 5.14455 -1.41969 
1 -3.13525 1.35499 
1 0.432269 0.165907 
1 0.739735 0.0843642 
1 -8.30131 3.10655 
1 7.10208 -2.09881 
1 -7.23313 2.7498 
1 4.54846 -1.2063 
1 -1.4397 0.805989 
1 5.83278 -1.65279 
1 -1.50198 0.804225 
1 7.19556 -2.12381 
1 -5.96961 2.31719 
1 -0.0346526 0.330761 
1 7.46386 -2.19577 
1 1.78268 -0.298716 
1 5.65732 -1.5994 
1 3.97723 -1.03166 
1 -7.08535 2.70465 
1 -9.08693 3.3843 
1 8.86688 -2.68941 
1 8.48795 -2.53181 
1 -4.1989 1.9153 
1 7.88003 -2.33936 
1 -2.04142 0.980806 
1 -2.5735 1.16717 
1 -3.67465 2.19618 
1 5.20616 -1.43831 
1 4.57106 -1.23961 
1 -0.620304 0.541366 
1 7.18273 -2.10537 
1 -0.258488 0.392366 
1 5.803 -1.63884 
1 0.487791 0.14235 
1 -6.94952 2.64115 
1 4.79151 -1.28926 
1 8.67521 -2.6137 
1 -5.25756 2.06845 
1 5.43842 -1.51303 
1 1.5875 -0.222757 
1 8.27054 -2.47455 
1 -8.65386 3.23332 
1 -1.19581 0.701416 
1 7.47339 -2.22301 
1 1.65724 -0.248279 
1 -2.87004 1.28685 
1 2.44309 -0.501504 
1 6.08258 -1.74791 
1 -7.97587 3.00793 
1 8.75515 -2.63409 
1 0.357632 0.177719 
1 6.5468 -1.90472 
1 -4.81107 1.91245 
1 -5.79866 2.2604 
1 5.15148 -1.43124 
1 -9.10671 3.38673 
1 -8.93775 3.31178 
1 -9.55167 3.52368 
1 -5.49054 2.16808 
1 6.76252 -1.96658 
1 -7.27516 2.76125 
1 -8.8085 3.25809 
1 5.66243 -1.58211 
1 -6.16046 2.37446 
1 -5.06314 1.48142 
1 5.39795 -1.50207 
1 -7.84804 2.9743 
1 -0.199405 0.392562 
1 -3.48166 1.49596 
1 -3.84437 1.59925 
1 -7.41463 2.80395 
1 -2.134 1.01618 
1 0.470066 0.15307 
1 7.39197 -2.17417 
1 6.1834 -1.76804 
1 3.30043 1.87204 
1 -8.84595 3.30195 
1 4.51294 -1.22052 
1 -4.85105 1.56596 
1 1.27202 -0.108621 
1 -0.415948 0.444384 
1 3.22999 -0.754632 
1 -0.359209 0.4244 
1 3.59993 -0.906161 
1 -1.70056 0.879982 
1 8.97074 -2.70743 
1 -7.14667 2.73214 
1 7.65931 -2.24954 
1 -4.86353 1.58168 
1 5.55744 -1.57997 
1 1.16278 -0.0699155 
