1 -10.6991 -2.15833 
1 -3.34779 0.5799 
1 4.81232 4.48239 
1 3.05878 3.0347 
1 2.14065 2.72701 
1 3.01259 3.04301 
1 -1.42577 1.3233 
1 4.43209 6.62954 
1 -9.68618 -1.82117 
1 5.27801 3.9086 
1 3.28949 3.15155 
1 3.35728 3.16606 
1 -1.83976 1.17261 
1 -10.4898 -2.04555 
1 -0.683098 2.2272 
1 -10.4466 -2.05832 
1 -2.91065 0.748164 
1 -10.1733 0.578098 
1 -7.60232 -1.00358 
1 -10.1082 -1.97227 
1 1.66364 2.52672 
1 -1.43555 1.34589 
1 -4.91687 0.0136941 
1 4.27149 7.69392 
1 -0.254383 1.78093 
1 7.51004 4.68671 
1 3.40831 3.19542 
1 0.855428 3.8008 
1 -3.12975 0.696316 
1 3.24465 3.08279 
1 4.56048 6.11539 
1 2.70367 2.93903 
1 7.38245 4.71409 
1 5.30799 1.32411 
