1 -5.25511 -0.149357 
1 -3.95056 -0.541068 
1 5.61911 -3.24578 
1 -1.78783 -1.56816 
1 5.95799 -2.19538 
1 2.81832 -0.436135 
1 -8.92851 -1.50576 
1 8.35368 -0.0405041 
1 5.76566 -3.3347 
1 -7.00003 -0.201508 
1 4.32554 -1.04449 
1 6.09916 -3.0801 
1 2.75766 -0.211404 
1 5.54358 0.296745 
1 -8.2156 -1.24465 
1 4.63842 -1.5825 
1 -5.53863 -0.602637 
1 -9.45495 -0.888569 
1 -8.10523 -1.17876 
1 -7.79691 -1.05805 
1 6.89465 -0.14046 
1 -2.58918 -0.907154 
1 -3.37607 -1.0608 
1 -2.59688 -0.909934 
1 -6.19595 -0.441453 
1 5.91007 -2.1493 
1 5.74525 -1.08761 
1 5.70306 -1.13062 
