1 -4.43428 -1.66941 
1 -3.89151 2.57111 
1 -3.58046 4.80556 
1 -3.29263 7.27585 
1 -4.91583 -4.58271 
1 -3.59865 4.67687 
1 -5.2453 -7.60652 
1 -4.56073 -2.34812 
1 -4.49473 -2.17865 
1 -4.29092 -0.611794 
1 -5.349 -8.41057 
1 -3.62083 4.29609 
1 -4.52516 -2.52895 
1 -5.26846 -7.74283 
1 -4.48503 -1.58842 
1 -4.90846 -4.97791 
1 -5.34617 -8.49845 
1 -5.17435 -7.38232 
1 -4.78859 -3.99123 
1 -4.29168 -0.329117 
1 -5.34109 -8.3269 
1 -4.4171 -1.28253 
1 -4.79042 -4.11789 
1 -4.84351 -4.78695 
1 -3.48303 5.32071 
1 -4.47514 -2.19027 
1 -4.71281 -3.58422 
1 -5.36092 -7.83263 
1 -5.94895 -12.3148 
1 -3.35999 6.42371 
1 -4.05765 1.07294 
1 -4.42042 -1.98362 
1 -3.25958 7.34028 
1 -5.37389 -8.33339 
1 -4.85116 -4.52207 
1 -3.52063 2.77134 
1 -4.18073 0.451522 
1 -3.29752 6.66817 
1 -5.01293 -5.6523 
1 -5.34835 -8.37348 
1 -4.57503 -2.51775 
1 -4.77322 -4.15043 
1 -4.86353 -4.55694 
1 -5.08267 -6.21085 
1 -5.69685 -10.5007 
1 -4.15722 0.314561 
1 -4.52658 -2.34572 
1 -4.46103 -1.31523 
1 -5.91707 -12.2793 
1 -5.12256 -6.3859 
1 -5.947 -12.4169 
1 -5.43941 -9.02362 
1 -4.28626 -0.489734 
1 -5.80184 -11.4919 
1 -4.93832 -5.08629 
1 -3.46405 5.27735 
1 -5.54779 -9.94677 
1 -3.67043 4.28223 
1 -4.16296 0.600231 
1 -5.31176 -7.82092 
1 -5.89944 -12.0471 
1 -3.22901 7.26764 
1 -5.07242 -6.1666 
1 -5.43619 -9.24295 
