1 -0.095877 1.06649 
1 -1.91456 1.95481 
1 -0.482771 1.23675 
1 -0.104208 2.18152 
1 4.30159 -1.21546 
1 9.53213 -3.87975 
1 1.89802 0.967785 
1 -6.69557 4.38738 
1 2.49484 -0.303177 
1 1.22224 0.359928 
1 -0.310427 1.1432 
1 -6.51765 4.32063 
1 -3.97108 1.80259 
1 -6.06609 4.1186 
1 -5.38447 3.75099 
1 3.11334 -0.610425 
1 10.1899 -4.24911 
1 6.25919 -2.20287 
1 0.940012 0.525671 
1 -2.36835 2.22388 
1 -3.92109 2.5249 
1 -1.88595 1.94273 
1 7.47294 -2.84277 
1 7.2791 -2.73779 
1 -3.80701 2.9481 
1 -6.79528 4.48968 
1 2.01131 0.342023 
1 -7.37298 4.77615 
1 8.48872 -3.33755 
1 3.80579 -0.972563 
1 -3.86173 2.38739 
1 5.58116 -1.88278 
1 9.30238 -3.78449 
1 -6.17309 4.17958 
1 0.190347 0.783319 
1 -5.90143 4.03377 
1 4.60125 -1.36968 
1 -1.5329 1.78926 
1 -6.55447 4.37761 
1 -2.49696 2.25467 
1 -3.8059 3.06753 
1 -5.59695 3.87803 
1 2.14383 -0.109616 
1 -2.05607 2.05088 
1 -1.79727 1.90019 
1 8.90902 -3.58219 
1 -5.3416 3.74647 
1 2.87757 -0.47306 
1 5.99906 -2.04841 
1 -3.34967 2.70544 
1 -2.09169 2.03923 
1 1.93448 -0.00593177 
1 6.77354 -2.47595 
1 -5.81587 3.9552 
1 -1.24047 1.65485 
1 3.32887 -0.703803 
1 -6.32423 4.24131 
1 -6.73226 4.43322 
1 4.01328 -1.08024 
1 -1.96241 1.98792 
1 -3.77239 3.20003 
1 -1.60558 1.81634 
1 9.53849 -3.88573 
1 -5.5702 3.85841 
1 1.12422 0.421407 
1 3.14903 -0.60741 
1 2.01638 0.478876 
1 4.61875 -1.37936 
