1 1.06404 4.98964 
1 0.0909899 9.51634 
1 2.0216 -0.0460933 
1 2.56616 -2.00429 
1 2.59999 -2.25368 
1 1.76335 1.67517 
1 2.73526 -3.01553 
1 0.225423 8.77602 
1 0.997286 5.25547 
1 1.07668 5.0713 
1 0.674275 6.83261 
1 0.694962 6.68195 
1 0.419179 8.07335 
1 1.13068 4.41007 
1 2.94364 -3.97961 
1 0.554215 7.38039 
1 1.16747 4.46266 
1 3.55909 -6.83083 
1 3.82683 -8.18999 
1 1.74291 1.74061 
1 3.20887 -5.11268 
1 0.902252 5.82951 
1 2.89762 -3.73445 
1 3.33971 -5.87805 
1 1.2902 4.0168 
1 0.481365 7.7051 
1 2.23726 -0.559241 
1 3.21925 -5.15158 
1 2.71641 -2.94591 
1 0.545364 7.45173 
1 0.0290584 9.88036 
1 1.34989 3.69096 
1 -0.0827753 10.3226 
1 1.8472 1.33194 
1 0.449555 7.87935 
1 3.29708 -5.71862 
1 0.336984 8.44488 
1 1.54005 2.76017 
1 1.63901 2.31143 
1 2.78909 -3.14366 
1 0.136451 9.35417 
1 -0.0147176 10.0806 
1 3.26907 -5.54817 
1 1.09786 4.72092 
1 1.43565 3.20747 
1 1.10837 4.63163 
1 1.2602 4.10315 
1 2.42142 -1.62901 
1 3.83013 -8.3304 
1 0.232848 9.10323 
