1.7327 -1.03198 0.624147 
1.03187 -1.89904 0.584152 
1.25936 -1.03068 0.653049 
-0.282042 -0.697429 1.81867 
-0.261911 -1.07622 2.03801 
2.04514 -2.0756 -0.338086 
2.03318 -1.60462 -0.394621 
-1.22966 -1.68113 2.02886 
1.03693 -2.04907 0.620801 
2.01454 -1.06384 0.34786 
1.99047 -1.68059 0.645033 
-1.25001 -0.976536 1.04971 
0.993665 -1.06852 0.288762 
-1.24349 -0.866477 2.05953 
1.31338 -2.04229 -0.383602 
1.8799 -2.00263 -0.360172 
2.00819 -2.06356 0.219695 
1.3624 -1.38595 3.22628 
2.02758 -2.0642 0.405391 
0.982135 -1.29259 -0.3626 
1.15108 -1.02925 0.628673 
2.03243 -1.08267 -0.149531 
-0.225638 -0.687609 1.47211 
1.99375 -1.03879 -0.12079 
2.05161 -2.07863 0.340798 
1.00429 -1.95922 -0.369592 
1.03674 -2.07562 -0.292666 
-0.245284 -0.676802 1.29301 
-1.02554 -0.694214 1.04704 
0.961471 -1.49268 -0.325861 
1.63775 -2.00217 -0.328912 
1.16801 -2.00047 0.65346 
-0.708559 -0.703633 2.05151 
1.26848 -1.01395 0.656999 
0.991514 -1.61509 0.614302 
1.63375 -1.05122 -0.384014 
1.70345 -1.06214 0.612214 
2.02796 -1.80096 0.611621 
-1.2677 -1.10879 2.03787 
1.21256 -1.07054 0.640804 
1.98498 -1.10969 -0.374534 
1.94954 -1.91295 -0.313275 
1.62507 -2.02958 0.624439 
1.67155 -1.03927 -0.348661 
-1.24324 -1.68242 1.90581 
-0.738878 -0.670999 1.06338 
1.00021 -1.16321 -0.395237 
1.96903 -1.02692 0.142954 
1.00803 -2.06066 0.2904 
2.04084 -1.60524 -0.394211 
-1.24485 -1.59917 2.05036 
0.980441 -1.56566 0.647695 
2.02566 -2.07982 0.483341 
-0.523641 -1.67326 2.03212 
2.01007 -2.04525 0.275095 
1.96692 -2.01893 -0.0556925 
1.94713 -1.04272 0.619056 
-0.269548 -1.28726 2.00292 
0.97986 -1.04175 0.471125 
1.01275 -2.03275 0.635221 
-0.244143 -1.68148 1.3295 
-1.22037 -1.67712 1.42398 
0.998316 -1.43337 0.628314 
0.982001 -1.84921 0.652227 
0.949305 -1.51257 0.621424 
1.73257 -2.02927 -0.386091 
1.82347 -2.05361 0.615342 
-0.561036 -1.67 1.01598 
-0.245333 -1.35625 1.03953 
0.988729 -1.0377 -0.109499 
2.03648 -1.06577 0.332475 
-1.24784 -0.716258 2.0237 
2.0019 -1.04847 -0.0201796 
-1.2365 -0.943076 2.02897 
-0.30185 -1.69835 2.03604 
-0.340481 -0.676747 2.04678 
2.02676 -1.0638 -0.366592 
-0.267137 -0.688192 1.44048 
1.97521 -2.02968 -0.326107 
1.98535 -1.36088 -0.375729 
1.68628 -2.06722 0.606531 
0.98927 -1.45655 0.647763 
-1.25971 -1.40751 2.04414 
1.99767 -1.98812 0.621065 
1.00942 -1.56038 0.603294 
1.74387 -1.04065 0.619081 
1.97873 -2.03715 0.127034 
1.0068 -1.05974 -0.130186 
2.0093 -1.0661 -0.303113 
1.98839 -1.03938 -0.307374 
1.82125 -2.03554 0.632813 
0.998623 -2.03633 0.290306 
1.99212 -2.04982 -0.139912 
-0.244945 -1.41165 1.03816 
0.985373 -1.4067 -0.372282 
2.03765 -1.58871 0.602327 
-0.244429 -1.50106 2.04861 
-1.25436 -0.674306 1.96275 
1.02595 -1.42858 0.617859 
1.03434 -1.98267 -0.386004 
1.05037 -1.09186 -0.254077 
0.986218 -2.03714 0.012626 
1.01066 -2.0619 -0.225573 
-1.23888 -1.56171 2.03631 
-1.58354 -2.13797 -0.0397634 
1.9671 -1.94665 -0.369099 
1.07169 -1.05315 -0.359308 
1.56664 -2.03159 0.619175 
-1.26307 -0.678083 1.21514 
0.971379 -1.0946 -0.386471 
-0.795945 -1.6832 1.03076 
-0.323452 -0.679468 2.02411 
1.01508 -1.52297 0.614444 
1.97247 -1.06762 -0.368513 
1.1501 -1.05193 -0.395748 
2.01116 -1.88863 -0.368688 
1.26463 -1.05245 0.624315 
1.45081 -1.07781 -0.401998 
-0.376104 -1.69831 2.04572 
0.984376 -2.02947 0.570693 
2.0091 -1.71947 0.58369 
-1.2664 -1.21191 1.06912 
2.0031 -1.03941 -0.207645 
2.02954 -1.09324 0.597401 
-1.24549 -0.677189 2.04338 
1.47731 -1.04098 0.621618 
1.97695 -1.04112 -0.339432 
1.78483 -2.05544 -0.380969 
1.01174 -2.03566 0.668413 
1.99979 -2.04311 0.110715 
0.976752 -1.17056 -0.362889 
1.89186 -2.02739 0.643108 
-1.26513 -0.919555 2.04316 
-0.209159 -0.674771 1.63961 
1.99815 -1.60845 0.645696 
-0.268521 -0.956888 1.05295 
1.01387 -1.0604 0.322461 
1.0198 -1.06902 0.520739 
1.67362 -1.05114 -0.415307 
1.9952 -2.03843 0.240143 
-0.238935 -1.15244 1.06038 
-0.807667 -1.67799 1.04737 
2.04052 -1.57024 0.594448 
1.78199 -2.03498 0.626099 
-1.21229 -0.692748 1.39649 
-0.234493 -0.691701 2.04299 
-1.21346 -1.61798 2.04273 
1.44794 -2.01451 0.655063 
2.0248 -1.70224 0.615652 
0.990943 -2.05187 0.206539 
-0.256984 -1.08218 1.02831 
-0.280955 -1.68902 1.62466 
1.21127 -2.0299 0.633902 
1.01867 -1.94036 0.635517 
-0.6392 -0.696134 2.03164 
1.96203 -1.41938 -0.349117 
2.00576 -1.3442 -0.394924 
1.98619 -2.0217 0.622354 
1.8994 -1.04486 0.624977 
-1.25562 -1.12499 2.02897 
1.98952 -1.56438 0.613338 
1.54759 -1.12559 0.59147 
0.961186 -1.48257 -0.324874 
2.0098 -1.05853 -0.246846 
-1.23514 -1.50775 2.04218 
1.99172 -1.07856 0.58574 
0.980294 -1.85139 -0.35823 
2.03251 -1.12856 0.588476 
-0.270657 -1.7001 1.40604 
2.01964 -2.06792 0.342801 
1.55341 -2.05008 0.621054 
0.600962 -0.351618 3.11278 
1.99673 -1.04358 0.259517 
-0.261432 -1.65443 1.25546 
1.84166 -2.06778 -0.402502 
1.72791 -2.07495 0.615142 
1.87062 -2.05996 0.586614 
1.89612 -1.04235 0.635737 
1.01275 -1.04265 -0.274778 
2.03254 -2.07041 -0.37002 
