-1.66397 -5.35504e-05 -0.549977 
-2.18994 0.00293788 -0.529443 
-1.61735 0.00409444 -0.71274 
-1.64024 0.0108776 -1.37426 
-1.72878 -1.00761 -1.52135 
-1.67004 -0.240704 -0.538545 
-1.74432 0.000386396 -1.54629 
-1.64411 -0.950885 -1.55173 
-2.30063 -0.995989 -1.53945 
-1.65322 -0.294927 -1.54222 
-2.6069 -0.88414 -1.55217 
-2.61232 -1.00344 -0.867771 
-2.6342 -0.0132371 -1.34225 
-1.86566 -0.978708 -0.536601 
-1.68976 -0.998593 -0.534314 
-1.63693 -0.996078 -0.639548 
-2.03462 0.00553012 -1.51795 
-2.49801 0.0046877 -1.53265 
-1.66975 -0.282878 -0.532465 
-2.49522 0.00407972 -1.54874 
-1.6433 -1.00414 -1.50178 
-2.64532 -0.982683 -0.757057 
-2.63226 0.00491314 -0.895181 
-2.04276 0.0105525 -1.54056 
-2.64794 -0.652791 -0.549128 
-1.86969 0.00327691 -0.511626 
-1.6372 -0.846594 -0.54652 
-2.17397 -0.00834923 -0.5408 
-2.64063 -0.00193717 -0.814831 
-2.2467 -0.0109652 -0.562257 
-1.66012 -0.98525 -0.788128 
-1.72445 0.034525 -0.532442 
-1.62117 -0.978771 -1.02414 
-2.38581 0.00470066 -0.524099 
-2.18411 -1.01603 -1.53351 
-1.6735 -0.344913 -0.521766 
-2.47734 0.0150156 -1.53842 
-1.70584 -0.990892 -1.54417 
-1.65358 -0.927396 -1.52729 
-2.62938 -0.0126216 -1.54264 
-1.65186 0.00153123 -1.29437 
-1.6992 0.00272568 -0.523223 
-2.5685 0.00794325 -1.52524 
-2.31051 -0.989254 -1.5398 
-2.62281 -0.978315 -1.54696 
-2.62421 -1.00102 -1.30804 
-2.61563 -0.842894 -1.55835 
-1.89119 -0.987085 -1.55374 
-1.63508 0.0191181 -0.873879 
-2.63818 -0.644594 -0.523731 
-2.66819 0.0062292 -1.03699 
