1 8.1439 -1.85752 
1 10.3621 -2.63191 
1 3.74828 -0.380091 
1 -0.345572 2.15446 
1 -5.81695 2.87337 
1 -0.00890853 0.884749 
1 3.21779 -0.211967 
1 0.0656963 0.525235 
1 4.00943 -0.490796 
1 -3.19365 1.97074 
1 0.955861 0.569019 
1 7.98069 -1.8205 
1 7.56001 -1.68528 
1 11.0588 -2.87785 
1 2.06637 0.178704 
1 -2.63186 1.03358 
1 -4.56965 2.44263 
1 6.33613 -1.26213 
1 -4.8681 2.5482 
1 7.33403 -1.6084 
1 -1.95742 1.34049 
1 -6.31274 3.02953 
1 6.95711 -1.48246 
1 8.20628 -1.90542 
1 -7.19613 3.32236 
