1 7.88332 0.411113 
1 7.04262 0.397971 
1 8.40229 0.425598 
1 6.57371 0.374976 
1 -4.54693 8.7177 
1 6.07846 0.323624 
1 7.75272 -0.680844 
1 -1.26346 6.18936 
1 9.24408 0.538727 
1 -3.47844 7.8982 
1 11.1158 0.573355 
1 -4.22686 8.42857 
1 8.74223 0.441099 
1 7.0823 -0.117308 
1 2.74369 5.47899 
1 11.4145 0.616151 
1 1.55109 4.03492 
1 9.09026 0.490909 
1 7.85888 0.449993 
1 10.231 0.550733 
1 0.846834 4.6222 
1 8.20158 -0.970437 
1 8.06472 -0.953831 
1 1.14287 4.35683 
1 11.4171 0.586564 
1 6.36985 0.336229 
1 6.20046 0.527068 
1 10.2787 0.542443 
1 9.67545 0.518719 
1 8.05603 -0.943806 
1 -5.04831 9.0779 
1 10.6454 0.55898 
1 9.62872 0.518187 
1 -1.83553 6.63523 
1 7.73099 -0.69806 
1 11.8121 0.633055 
1 8.91863 0.4574 
1 -4.95275 9.00406 
1 -1.46317 6.36947 
1 10.3234 -2.63986 
1 9.1675 0.471478 
1 7.1176 0.36043 
1 -0.833709 5.85702 
1 8.19789 0.41439 
1 5.39941 0.314342 
1 1.9248 3.77074 
