1 1.03983 -0.473829 
1 -7.86801 -0.361033 
1 2.02334 2.00376 
1 -0.734963 0.00406497 
1 -2.21961 -0.544762 
1 5.35677 1.18654 
1 -0.354122 0.583804 
1 -4.39325 -0.19031 
1 -3.59884 -0.100973 
1 -2.86825 -3.59495 
1 -7.71908 -3.85273 
1 2.07972 0.149931 
1 -1.31326 -0.0109493 
1 -0.857851 0.281608 
1 6.07846 0.323624 
1 -4.37345 -0.143545 
1 -3.35856 -1.23663 
1 -0.962132 0.0134278 
1 -4.27834 -1.79481 
1 -7.31396 -0.312291 
1 -7.33516 -0.326329 
1 1.32544 0.118135 
1 -3.1438 -1.11924 
1 -9.05136 -4.67313 
1 -2.84996 -3.57262 
1 7.45526 5.2851 
1 3.77148 0.233575 
1 4.00512 0.206637 
1 -0.371141 0.552537 
1 5.6568 0.294958 
1 1.0185 1.41103 
1 -2.25964 -0.567961 
1 5.15789 3.9042 
1 3.09596 2.64435 
1 1.49125 0.118145 
1 0.323471 -3.22103 
1 1.55109 4.03492 
1 -1.94152 -0.392473 
1 1.6902 0.143467 
1 -8.376 -4.26085 
1 -6.02997 -0.246053 
1 -4.41722 -0.174644 
1 -3.38504 -0.113914 
1 2.93151 2.96646 
1 -3.64122 -4.09587 
1 -3.52994 -0.124484 
1 -8.49805 -4.35756 
1 -2.14175 -0.49 
1 -6.43488 -0.247064 
1 -5.40685 -0.204953 
1 2.77381 0.188684 
1 3.13889 2.6872 
1 1.37682 -1.58277 
1 -0.0392922 0.769045 
1 2.98151 2.60085 
1 -7.3916 -3.66097 
1 4.07257 0.255935 
1 2.22944 3.53764 
1 3.73643 3.04555 
1 5.54185 4.11884 
1 -3.56011 -0.109582 
1 4.56943 0.261647 
1 -0.213191 0.022164 
1 -3.73571 -1.4661 
1 1.99781 1.97906 
1 3.10525 0.200493 
1 2.65362 2.38208 
1 0.497027 -2.58494 
1 -3.73968 -1.48878 
1 -5.27918 -2.40419 
1 -3.16822 -1.1311 
1 -6.83805 -0.248894 
1 1.07926 -0.620647 
1 1.38651 1.60993 
1 9.67545 0.518719 
1 -6.81419 -0.301509 
1 6.72025 4.84311 
1 1.0706 -0.544587 
1 -3.3089 -0.124177 
1 2.20123 0.134047 
1 1.93458 1.96309 
1 5.28664 0.33648 
1 -5.35665 -2.44205 
1 3.25184 0.204283 
1 -5.2194 -0.221251 
1 7.3346 5.21684 
1 -5.02222 -2.254 
1 0.406325 1.02284 
1 0.44511 1.46609 
1 6.08902 4.4561 
1 -8.1771 -4.15815 
1 -3.70232 -0.132925 
1 -4.33419 -0.16068 
1 4.05479 2.15991 
1 2.22182 2.13539 
1 7.23656 5.15609 
1 -5.44955 -0.233258 
1 4.1462 0.242011 
1 -6.80228 -0.287196 
1 -4.68025 -0.180034 
1 -8.75794 -4.49727 
1 0.603353 1.15641 
1 1.93568 0.138547 
1 -2.42953 -0.684907 
1 -8.98027 -4.63735 
1 -4.69366 -2.04866 
1 -7.70729 -3.84114 
1 2.48994 2.29268 
1 -7.46654 -0.290851 
1 3.45199 0.212629 
1 -5.63228 -2.60373 
1 -3.37425 -1.26055 
1 4.43986 3.45151 
1 -8.62813 -4.42847 
1 0.464309 1.07059 
1 2.34789 0.148952 
1 1.22024 0.0487703 
1 0.704083 -1.8648 
1 5.64781 4.18839 
1 6.82762 4.91418 
1 7.3923 5.25202 
1 -1.02788 -0.0138981 
1 -2.13359 -0.031642 
1 -4.43763 -1.8991 
1 -7.08209 -3.47456 
1 -0.214622 0.651914 
1 -7.6697 -3.85061 
1 3.09786 0.204795 
1 -0.500012 0.48408 
1 1.23352 4.25763 
1 -0.451808 0.514261 
1 -5.72823 -2.65599 
1 -0.0360645 0.0347634 
1 3.42909 0.214283 
1 -6.13577 -2.93339 
1 2.00298 1.98575 
1 6.42698 4.66532 
1 2.93782 0.187733 
1 -2.2097 -0.0659807 
1 0.333389 0.0902601 
1 5.39941 0.314342 
1 -1.11947 0.105525 
1 -0.376313 0.0157188 
1 -7.23213 -3.58218 
