1 -8.16791 -14.5356 
1 -4.29759 -12.1496 
1 -0.305991 -9.98705 
1 -1.67896 -10.7096 
1 0.217202 -9.56555 
1 -1.1854 -10.3833 
1 -7.82257 -14.284 
1 -4.88493 -12.6324 
1 -7.85132 -14.2946 
1 1.48468 -6.42372 
1 6.50533 -5.97911 
1 7.18135 -5.45552 
1 0.569 -9.3943 
1 0.0427756 -9.65867 
1 -1.35462 -10.4381 
1 -8.5351 -14.7504 
1 3.62735 -7.5015 
1 -1.64512 -7.57718 
1 8.12225 -4.98348 
1 1.90952 -9.09666 
1 -4.15441 -12.1263 
1 -5.28686 -12.8503 
1 8.27637 -4.83149 
1 5.12474 -6.27538 
1 -0.494279 -9.92418 
1 -5.3195 -12.8937 
1 -2.01932 -11.0055 
1 6.9234 -5.69546 
1 -3.10916 -11.4233 
1 6.34614 -6.70625 
1 2.29039 -8.40098 
1 8.67355 -4.6583 
1 -8.28738 -14.4293 
1 8.67161 -4.66051 
1 1.82519 -8.48248 
1 0.924366 -9.18824 
1 -0.876174 -10.2762 
1 -4.64741 -12.3348 
1 1.98637 -8.54405 
1 -4.08475 -12.0411 
1 7.59801 -5.23996 
1 -6.43697 -13.4685 
1 1.55366 -8.77289 
1 -3.32237 -11.6895 
1 -3.79392 -11.9068 
1 4.63834 -5.8118 
1 -6.03335 -13.1588 
1 -6.56191 -13.5301 
1 -2.49503 -11.2099 
1 0.696998 -9.29015 
1 1.59493 -8.76302 
1 -8.2211 -14.5335 
1 1.73383 -8.14894 
1 2.79432 -8.11702 
1 -1.96285 -10.8101 
1 -2.51884 -11.196 
1 2.22214 -8.46306 
1 5.55853 -6.46985 
1 -4.18934 -12.3118 
1 -4.02935 -12.0236 
1 2.80953 -8.0458 
1 1.80048 -8.31483 
1 -0.0436634 -9.80346 
1 4.36227 -7.14571 
1 -6.29422 -13.4073 
1 -7.36269 -13.9999 
1 -8.13875 -14.4933 
1 7.73851 -5.23539 
1 5.40656 -6.59408 
1 -3.10156 -11.5574 
