1 1.16932 -4.31222 
1 1.57708 -7.05187 
1 1.58124 -7.17315 
1 1.06654 -3.64483 
1 -0.960008 9.62145 
1 1.23793 -4.86716 
1 1.70606 -7.73812 
1 1.42909 -6.05276 
1 0.726975 -1.37157 
1 0.685671 -1.14756 
1 0.339674 1.148 
1 1.26259 -4.94644 
1 0.027566 3.01974 
1 0.472504 0.15914 
1 -0.150797 4.47138 
1 -0.15774 4.37955 
1 0.799963 -1.79895 
1 1.99767 -9.55802 
1 0.888396 -2.46119 
1 -0.448269 6.28514 
1 -0.507 6.63018 
1 1.10938 -3.92525 
1 1.48589 -6.38671 
1 1.93633 -9.37341 
1 0.26933 1.56962 
1 0.425222 0.681749 
1 -0.500864 6.58724 
1 1.04562 -3.43013 
1 0.898383 -2.48435 
1 1.5019 -6.40831 
1 1.40165 -5.63997 
1 -0.538033 6.84127 
1 -0.473582 6.35944 
1 1.0529 -3.72593 
1 0.792726 -1.9235 
1 -0.15548 4.4129 
1 1.81175 -8.66517 
1 0.316008 1.17943 
1 -0.713203 7.85571 
1 1.32984 -5.59308 
1 0.610442 -0.547843 
1 1.56924 -6.80742 
1 -0.538329 6.78936 
1 1.1538 -4.22114 
1 -0.266979 4.98467 
1 -0.767616 8.32461 
1 0.69738 -1.27047 
1 -0.358347 5.77316 
1 1.74801 -8.09779 
1 0.400084 0.923323 
1 0.0417419 3.03308 
1 -0.622329 7.31751 
1 0.64879 -1.04236 
1 1.60389 -7.06794 
1 -0.623305 7.44148 
1 -0.445929 6.28437 
1 1.36609 -5.54982 
1 -1.00787 9.80875 
1 -0.101736 3.89937 
1 0.456763 0.273757 
1 0.81129 -1.96707 
1 -0.0706884 3.77867 
1 -0.244888 4.84983 
1 1.34885 -5.44267 
1 0.787251 -1.64973 
1 -0.217547 4.69751 
1 0.902126 -2.60464 
1 -0.300415 5.29111 
1 0.232522 1.77638 
1 0.781 -1.81079 
1 0.500355 -0.0200211 
1 0.432649 0.580773 
1 -0.477502 6.40672 
1 1.48144 -6.43669 
1 1.98697 -8.57425 
1 0.532473 -0.35237 
1 -0.0931656 3.8863 
1 -0.808943 8.30091 
1 -0.498831 6.66621 
1 -0.0562068 3.57773 
1 -0.0338607 3.75798 
1 -0.632885 7.49882 
1 0.585038 -0.459454 
1 1.31972 -5.47285 
1 -0.372244 5.82479 
1 0.18041 2.05142 
1 0.100869 2.65435 
1 -0.638172 7.54614 
1 1.30418 -5.30846 
1 0.134931 2.48269 
1 -0.872166 9.13983 
1 -0.242118 4.83553 
1 0.950667 -2.93972 
1 0.695123 -1.30124 
1 -0.570775 7.07497 
1 0.246289 1.66167 
1 -0.237864 4.90611 
1 -0.237192 4.89019 
1 -0.029742 3.32527 
1 1.13308 -3.93591 
1 0.322795 1.16935 
1 0.468944 0.235503 
1 0.027145 3.01802 
1 0.642759 -0.982614 
1 -0.878634 9.02738 
1 -0.477791 6.3308 
1 -0.198866 4.68294 
1 -0.292893 5.17715 
1 -0.803675 8.36678 
1 1.69895 -8.70238 
1 -0.976086 9.77419 
1 -0.402812 6.05694 
1 -0.937117 9.56527 
1 0.550315 -0.143943 
1 1.96071 -9.51102 
1 -0.613602 7.44572 
