1 -4.54693 8.7177 
1 6.07846 0.323624 
1 7.75272 -0.680844 
1 0.384265 4.96425 
1 -1.26346 6.18936 
1 -3.47844 7.8982 
1 -4.22686 8.42857 
1 1.55109 4.03492 
1 0.846834 4.6222 
1 8.20158 -0.970437 
1 2.22944 3.53764 
1 3.73643 3.04555 
1 3.24755 2.73884 
1 9.52099 -2.03911 
1 8.05603 -0.943806 
1 -5.04831 9.0779 
1 -1.83553 6.63523 
1 10.5179 -2.7969 
1 4.05479 2.15991 
1 -4.95275 9.00406 
1 -1.46317 6.36947 
1 10.3234 -2.63986 
1 7.1176 0.36043 
1 -0.833709 5.85702 
1 10.1311 -2.4731 
1 1.23352 4.25763 
1 5.39941 0.314342 
1 1.9248 3.77074 
