1 2.85371 3.68463 
1 -1.38901 -3.47338 
1 2.20071 2.64412 
1 -3.92562 -7.69172 
1 -2.34725 -5.09028 
1 2.28346 2.75661 
1 3.5211 4.79697 
1 -0.810133 -2.46442 
1 2.15821 2.22709 
1 1.51972 1.40957 
1 4.79968 6.95818 
1 -2.21143 -4.81901 
1 1.44317 1.30117 
1 0.680301 0.0610161 
1 -1.45249 -3.54575 
1 -3.92202 -7.68913 
1 4.04074 5.70024 
1 0.911533 0.456395 
1 4.52777 6.51016 
1 3.26808 4.40919 
1 -1.02267 -2.84744 
1 -0.975385 -2.7752 
1 1.90881 2.08351 
1 -3.99489 -7.82677 
1 -3.33837 -6.70126 
1 -4.85865 -9.27566 
1 -2.56497 -5.42285 
1 -3.90935 -7.69987 
1 -2.42481 -5.17271 
1 -2.73167 -5.69642 
1 -1.48962 -3.60508 
1 0.305576 -0.547089 
1 0.471629 -0.322712 
1 -2.98063 -6.14476 
1 1.81224 2.46236 
1 0.187854 -0.788582 
1 -1.59956 -3.80659 
1 -0.313683 -1.63313 
1 -1.8812 -4.2871 
1 2.15329 2.51056 
1 3.30437 4.44784 
1 2.93877 3.86662 
1 3.08799 4.05345 
1 2.10438 2.45886 
1 -2.37157 -5.08879 
1 2.27543 2.70494 
1 -2.71443 -5.69544 
1 -2.84133 -5.87008 
1 2.81309 3.64597 
1 -0.00934159 -1.14411 
1 2.15632 2.51552 
1 -3.69673 -7.33907 
1 -4.6278 -8.8754 
1 -4.92904 -9.42482 
1 0.136788 -0.859995 
1 -0.697911 -4.34093 
1 -1.08487 -2.89953 
1 0.155666 -0.840024 
1 -5.02043 -9.56979 
1 2.10236 2.41434 
1 1.02222 0.624381 
1 0.11014 -0.929829 
1 0.449266 -0.346812 
1 0.173901 -0.776658 
1 2.47211 1.99048 
1 1.61484 1.55351 
1 0.276835 -0.663874 
1 2.09239 2.27252 
1 -0.444571 -1.88354 
1 4.92789 7.15889 
1 1.02891 0.617733 
1 4.16438 5.90128 
1 4.96385 7.25693 
1 -4.57727 -8.74737 
1 2.61172 3.26501 
1 -2.52302 -5.36414 
1 2.5033 3.10494 
1 -0.0808476 -1.2238 
1 -1.5234 -3.64284 
1 -3.12318 -6.308 
1 1.2215 0.932965 
1 -0.570463 -2.08401 
1 -2.57558 -5.38851 
1 -1.42365 -3.46843 
1 -4.08205 -7.98838 
1 -3.30671 -6.67814 
1 3.47428 4.7484 
1 -0.138501 -1.32033 
1 0.962051 0.533396 
1 -2.46172 -5.21559 
1 -3.48544 -6.98868 
1 2.45141 3.04436 
1 0.0435432 -2.28489 
