1 7.47126 -1.85995 
1 -2.44833 5.7676 
1 2.20071 2.64412 
1 3.45445 1.22432 
1 10.2072 -3.98999 
1 11.1897 -4.75836 
1 -2.61224 5.89359 
1 10.2924 -4.06494 
1 2.15821 2.22709 
1 11.6812 -5.11446 
1 1.51972 1.40957 
1 1.44317 1.30117 
1 4.055 0.728748 
1 3.09612 1.45477 
1 9.76383 -3.66534 
1 1.65191 1.69926 
1 8.34513 -2.56628 
1 8.24752 -2.48635 
1 -0.439263 4.19957 
1 5.94071 -0.699448 
1 3.34096 1.34016 
1 -0.888067 4.50875 
1 3.73621 0.995443 
1 2.54321 1.91937 
1 6.77081 -1.35166 
1 -1.98084 5.37686 
1 1.05017 3.07444 
1 -0.895675 4.53563 
1 9.69667 -3.6162 
1 1.56073 1.484 
1 4.879 0.084008 
1 3.00238 1.57907 
1 11.1719 -4.71985 
1 10.7591 -4.47332 
1 9.96818 -3.7744 
1 9.92494 -3.73615 
1 9.18605 -3.22469 
1 10.2164 -3.96237 
1 8.31518 -2.57647 
1 2.15329 2.51056 
1 7.13939 -1.61503 
1 -1.63338 5.10806 
1 5.41691 -0.272102 
1 7.92457 -2.26532 
1 6.44888 -1.10904 
1 7.48685 -1.88812 
1 2.15632 2.51552 
1 -2.04649 5.45383 
1 3.57778 1.12365 
1 3.22217 1.37882 
1 -1.57323 5.12031 
1 12.7058 -5.94032 
1 -2.86498 6.01974 
1 -1.77905 5.19337 
1 7.23852 -1.70043 
1 2.81841 1.67833 
1 -2.64773 5.85892 
1 11.0285 -4.62972 
1 8.97566 -3.01415 
1 11.4707 -5.00344 
1 8.94995 -3.05138 
1 12.7897 -5.97404 
1 -0.0767433 3.96679 
1 11.9266 -5.31934 
1 0.685736 3.36542 
1 6.71772 -1.2904 
1 9.0788 -3.1142 
1 5.43295 -0.327238 
1 12.6406 -5.83693 
1 1.37849 2.83514 
1 3.5073 1.15596 
1 -2.92062 6.11851 
1 6.5772 -1.16482 
1 12.2797 -5.59931 
1 3.65436 1.09821 
1 1.2215 0.932965 
1 11.1003 -4.63705 
1 9.43177 -3.42245 
1 5.31169 -0.197648 
1 11.5494 -5.06736 
1 1.78134 1.91378 
1 11.6724 -5.1259 
1 -1.74615 5.23656 
1 -2.52646 5.86788 
1 -1.42 4.96165 
1 9.77264 -3.67531 
1 11.4156 -4.91797 
1 3.3445 1.28986 
1 10.5337 -4.2387 
1 7.12375 -1.64418 
1 2.45141 3.04436 
1 5.79711 -0.588059 
