 0.781187
 0.781187
 0.812322
 0.812322
 0.576069
 0.576069
 0.896316
 0.896316
 0.682116
 0.682116
 0.931771
 0.931771
 0.225019
 0.225019
 0.88885
 0.88885
 0.285988
 0.285988
 0.983579
 0.983579
 0.837624
 0.837624
 0.946955
 0.946955
 0.722833
 0.722833
 0.980038
 0.980038
 0.613187
 0.613187
 0.6872
 0.6872
 1
 1
 0.820124
 0.820124
 0.328008
 0.328008
 0.668322
 0.668322
 0.810513
 0.810513
 0
 0
 0.81814
 0.81814
 0.899843
 0.899843
 0.966835
 0.966835
 0.811842
 0.811842
 0.262655
 0.262655
 0.871022
 0.871022
 0.489828
 0.489828
 0.855851
 0.855851
 0.872604
 0.872604
 0.856173
 0.856173
 0.908891
 0.908891
 0.820416
 0.820416
 0.8623
 0.8623
 0.592081
 0.592081
 0.781299
 0.781299
 0.825784
 0.825784
 0.21244
 0.21244
 0.697388
 0.697388
 0.908248
 0.908248
 0.915217
 0.915217
 0.174542
 0.174542
 0.94604
 0.94604
 0.848936
 0.848936
 0.89019
 0.89019
 0.852187
 0.852187
 0.967021
 0.967021
 0.786773
 0.786773
 0.771875
 0.771875
 0.739019
 0.739019
 0.883585
 0.883585
 0.759535
 0.759535
 0.595028
 0.595028
 0.819688
 0.819688
 0.998026
 0.998026
 0.142573
 0.142573
 0.990362
 0.990362
 0.955426
 0.955426
 0.736405
 0.736405
 0.446036
 0.446036
 0.567536
 0.567536
 0.921543
 0.921543
 0.715276
 0.715276
 0.954296
 0.954296
 0.819648
 0.819648
 0.231403
 0.231403
 0.224076
 0.224076
 0.613466
 0.613466
 0.780986
 0.780986
 0.452915
 0.452915
 0.795798
 0.795798
 0.812655
 0.812655
 0.585877
 0.585877
 0.968155
 0.968155
 0.862365
 0.862365
 0.864905
 0.864905
 0.728084
 0.728084
 0.929926
 0.929926
 0.853308
 0.853308
 0.346482
 0.346482
 0.485913
 0.485913
 0.848612
 0.848612
 0.162372
 0.162372
 0.529592
 0.529592
 0.726763
 0.726763
 0.846407
 0.846407
 0.816391
 0.816391
 0.79689
 0.79689
 0.398098
 0.398098
 0.575726
 0.575726
 0.767663
 0.767663
 0.811215
 0.811215
 0.92145
 0.92145
 0.818399
 0.818399
 0.542929
 0.542929
 0.636605
 0.636605
 0.449674
 0.449674
 0.727965
 0.727965
 0.165863
 0.165863
