 0.93
 0.93
 0.88
 0.88
 0.865
 0.865
 0.945
 0.945
 0.915
 0.915
 0.965
 0.965
 0.56
 0.56
 0.955
 0.955
 0.825
 0.825
 0.995
 0.995
 0.885
 0.885
 0.975
 0.975
 0.875
 0.875
 0.97
 0.97
 0.755
 0.755
 0.835
 0.835
 1
 1
 0.92
 0.92
 0.625
 0.625
 0.83
 0.83
 0.905
 0.905
 0.995
 0.995
 0.905
 0.905
 0.965
 0.965
 0.965
 0.965
 0.95
 0.95
 0.59
 0.59
 0.91
 0.91
 0.645
 0.645
 0.935
 0.935
 0.94
 0.94
 0.92
 0.92
 0.98
 0.98
 0.88
 0.88
 0.89
 0.89
 0.955
 0.955
 0.945
 0.945
 0.865
 0.865
 0.71
 0.71
 0.935
 0.935
 0.915
 0.915
 0.96
 0.96
 0.535
 0.535
 0.965
 0.965
 0.975
 0.975
 0.96
 0.96
 0.935
 0.935
 0.98
 0.98
 0.945
 0.945
 0.905
 0.905
 0.91
 0.91
 0.915
 0.915
 0.87
 0.87
 0.795
 0.795
 0.93
 0.93
 1
 1
 0.75
 0.75
 0.985
 0.985
 0.965
 0.965
 0.99
 0.99
 0.595
 0.595
 0.91
 0.91
 0.965
 0.965
 0.785
 0.785
 0.975
 0.975
 0.905
 0.905
 0.65
 0.65
 0.48
 0.48
 0.845
 0.845
 0.77
 0.77
 0.715
 0.715
 0.855
 0.855
 0.925
 0.925
 0.845
 0.845
 0.97
 0.97
 0.965
 0.965
 0.925
 0.925
 0.895
 0.895
 0.975
 0.975
 0.905
 0.905
 0.605
 0.605
 0.735
 0.735
 0.905
 0.905
 0.53
 0.53
 0.745
 0.745
 0.89
 0.89
 0.96
 0.96
 0.955
 0.955
 0.915
 0.915
 0.57
 0.57
 0.75
 0.75
 0.81
 0.81
 0.94
 0.94
 0.94
 0.94
 0.845
 0.845
 0.77
 0.77
 0.865
 0.865
 0.72
 0.72
 0.785
 0.785
 0.84
 0.84
