 0.892462
 0.892462
 0.909397
 0.909397
 0.788593
 0.788593
 0.948392
 0.948392
 0.864573
 0.864573
 0.969196
 0.969196
 0.640302
 0.640302
 0.953116
 0.953116
 0.708844
 0.708844
 0.991809
 0.991809
 0.920754
 0.920754
 0.989497
 0.989497
 0.864372
 0.864372
 0.990905
 0.990905
 0.872312
 0.872312
 0.843668
 0.843668
 1
 1
 0.912513
 0.912513
 0.679698
 0.679698
 0.842462
 0.842462
 0.919045
 0.919045
 0.99
 0.99
 0.919146
 0.919146
 0.969246
 0.969246
 0.983618
 0.983618
 0.90603
 0.90603
 0.579899
 0.579899
 0.944975
 0.944975
 0.75392
 0.75392
 0.928141
 0.928141
 0.95191
 0.95191
 0.940854
 0.940854
 0.97191
 0.97191
 0.91
 0.91
 0.931307
 0.931307
 0.91397
 0.91397
 0.89608
 0.89608
 0.913367
 0.913367
 0.604925
 0.604925
 0.915829
 0.915829
 0.962412
 0.962412
 0.959045
 0.959045
 0.608191
 0.608191
 0.974472
 0.974472
 0.96005
 0.96005
 0.955528
 0.955528
 0.926683
 0.926683
 0.987688
 0.987688
 0.894121
 0.894121
 0.886281
 0.886281
 0.87201
 0.87201
 0.943216
 0.943216
 0.893819
 0.893819
 0.806734
 0.806734
 0.918995
 0.918995
 0.999749
 0.999749
 0.535779
 0.535779
 0.997286
 0.997286
 0.987186
 0.987186
 0.98
 0.98
 0.779749
 0.779749
 0.783819
 0.783819
 0.977136
 0.977136
 0.88402
 0.88402
 0.977286
 0.977286
 0.916432
 0.916432
 0.57995
 0.57995
 0.726382
 0.726382
 0.830151
 0.830151
 0.900101
 0.900101
 0.708342
 0.708342
 0.90206
 0.90206
 0.906985
 0.906985
 0.796784
 0.796784
 0.987085
 0.987085
 0.932462
 0.932462
 0.951206
 0.951206
 0.877337
 0.877337
 0.967286
 0.967286
 0.926784
 0.926784
 0.671005
 0.671005
 0.737889
 0.737889
 0.924271
 0.924271
 0.678693
 0.678693
 0.766482
 0.766482
 0.869698
 0.869698
 0.923216
 0.923216
 0.934975
 0.934975
 0.907136
 0.907136
 0.692211
 0.692211
 0.79
 0.79
 0.884824
 0.884824
 0.934271
 0.934271
 0.960905
 0.960905
 0.908794
 0.908794
 0.795779
 0.795779
 0.822111
 0.822111
 0.75593
 0.75593
 0.865025
 0.865025
 0.577085
 0.577085
