-0.391444 -1.09081 0.272546 
-1.09851 -0.973617 -0.724214 
0.390862 -2.20229 0.251369 
-1.12081 -0.546787 0.264076 
-0.134786 -1.08059 0.270337 
-0.106141 -0.411599 -0.728147 
-0.555221 -0.0968027 -0.732109 
-0.356511 -0.0882134 -0.728644 
-0.108897 -1.07729 -0.733895 
-0.661788 -0.100534 -0.723128 
-0.58028 -0.0464053 0.268251 
-0.240743 -1.07397 0.277806 
-1.10955 -1.06629 0.268004 
-1.10778 -0.626929 0.264919 
-0.116029 -1.06895 0.0603492 
-0.111424 -0.0528512 0.099983 
-0.935183 -1.07132 -0.722763 
0.422328 -1.58263 -0.778981 
-0.658709 -0.0868735 -0.729969 
-0.116056 -0.0800658 -0.200052 
-0.103713 -0.498167 -0.727935 
-0.12297 -1.08518 -0.42434 
-0.540121 -0.0879408 0.286239 
-0.0952933 -0.0635637 0.262306 
-0.49968 -1.06842 0.284757 
-0.100023 -0.0769682 -0.249067 
-0.0993565 -0.990397 0.285556 
-0.658994 -1.0677 -0.711283 
-0.0914553 -0.693798 -0.731221 
-0.682817 -0.102127 0.252126 
-0.567316 -0.0729555 0.274451 
-0.537776 -1.06268 0.269828 
-1.10602 -1.06698 -0.129464 
-1.10078 -0.116666 0.277276 
-0.131345 -0.794574 -0.733917 
-0.407559 -0.0868773 -0.735436 
-1.11933 -0.97417 -0.748846 
-0.110699 -0.757995 -0.742526 
-0.106674 -0.0977427 0.0944413 
-0.119799 -1.08585 0.17769 
-1.10759 -0.0644765 -0.73958 
-1.13843 -0.101491 -0.333047 
-1.09799 -0.0714072 -0.314188 
-0.758133 -0.0870226 -0.724638 
-1.11966 -0.96138 0.267497 
-1.09086 -1.06659 0.161263 
-0.120405 -1.08853 -0.211424 
-0.113233 -1.06905 -0.642275 
-1.10116 -0.836612 0.271907 
-0.925329 -1.0809 -0.732578 
-0.136232 -0.138331 0.073253 
-0.118288 -0.555074 -0.715459 
-0.0999907 -0.653045 0.254601 
-0.130204 -1.08782 -0.151097 
-0.112012 -0.848478 -0.727197 
-1.10233 -0.145097 -0.730095 
-0.120754 -0.0783323 -0.654116 
-0.111193 -0.0988514 -0.728224 
-0.117828 -0.062888 -0.580256 
-1.1099 -0.983592 0.270497 
-0.0940284 -0.572324 0.294554 
-1.06936 -1.06782 -0.0431295 
-1.10669 -0.156154 0.259686 
-0.105186 -1.07272 -0.0477148 
-1.11058 -0.746385 -0.72311 
-0.0897002 -0.530991 -0.73005 
-0.0752352 -1.07372 -0.462981 
-1.12565 -0.675604 0.266546 
-0.459619 -0.069179 -0.736288 
-0.791358 -1.08192 0.26815 
-0.111903 -0.612454 -0.730184 
-0.108263 -0.787151 -0.727314 
-0.406303 -1.08303 -0.752545 
-0.324056 -1.09748 -0.735914 
0.388097 -2.54599 -0.496387 
-0.587572 -0.100974 0.249171 
-0.965072 -1.06325 -0.717875 
-0.148127 -0.260769 0.273715 
-0.595452 -1.05258 -0.7227 
-1.09863 -0.937161 0.258069 
-0.648457 -0.0823621 -0.723294 
-0.0978543 -0.0788582 -0.259619 
-1.12643 -1.10869 0.0455505 
-0.710131 -1.04506 -0.730037 
-1.1153 -0.715222 -0.730477 
-1.10463 -0.839047 0.266796 
-0.500085 -1.10824 -0.728047 
-0.62313 -0.09563 -0.728701 
-0.104853 -0.0539597 -0.0918135 
-0.510037 -0.0814955 -0.733774 
-0.105067 -0.0789549 -0.474242 
-1.11096 -0.083707 -0.483369 
-0.713988 -0.0972775 0.264005 
-0.116971 -1.08666 -0.427623 
-1.13476 -0.107345 -0.732575 
-1.12038 -1.08854 -0.0405501 
-0.979412 -0.0501954 -0.729248 
-1.10405 -1.08765 -0.085339 
-0.105331 -0.439319 0.281113 
-1.11466 -0.0853493 0.0244797 
-0.216078 -1.0751 0.278008 
-1.13088 -0.0921676 -0.256024 
-0.166462 -1.07418 -0.73589 
-1.1022 -0.0791213 0.261412 
-0.349247 -0.107876 -0.723315 
-0.120686 -1.1048 0.259452 
-1.11854 -0.102182 -0.206277 
-0.120874 -1.08377 0.209393 
-0.614591 -1.07836 0.261784 
-0.28758 -1.07836 -0.742678 
-0.10687 -0.0915387 -0.614192 
-0.120377 -1.07815 -0.463606 
-0.122968 -0.058155 -0.0775243 
-1.10243 -0.569429 0.256696 
-0.0879441 -0.911205 -0.732012 
-0.693804 -1.07562 0.259552 
-0.276553 -0.0705874 0.273624 
-1.13423 -0.0766476 -0.59066 
-0.142522 -0.666351 -0.72348 
-1.10669 -1.02432 -0.734614 
-1.11092 -0.066172 -0.0104935 
-1.1079 -1.05199 -0.247922 
-1.12784 -0.375176 -0.737245 
-1.1169 -1.06987 -0.693093 
-1.09004 -0.08341 -0.650302 
-0.12957 -0.11606 -0.732388 
-0.944075 -0.0691555 -0.738435 
-1.11012 -1.08227 0.184029 
-0.420047 -1.08978 0.273764 
-1.12673 -0.872355 -0.724371 
-1.02501 -1.08712 -0.726984 
-1.12147 -0.502554 0.259828 
-1.12606 -0.786892 -0.725266 
-0.574943 -0.0796759 -0.741286 
-0.765656 -1.09285 -0.731964 
-0.120365 -1.09584 -0.504339 
-1.10367 -0.078904 -0.6826 
-0.818695 -0.0735995 0.274557 
-1.10334 -0.0438231 -0.432191 
-0.122868 -0.672864 -0.727677 
-0.475675 -1.08885 -0.735622 
-0.805438 -1.0563 -0.734045 
-0.112703 -0.990844 0.279311 
-0.111454 -0.733475 0.276121 
-0.601635 -0.0999109 -0.724969 
-0.127481 -0.954607 -0.72804 
-1.05071 -1.05725 0.262736 
-0.582569 -0.0839497 0.253017 
-0.116257 -1.08893 0.276774 
-1.1162 -0.321411 0.275813 
-1.11162 -0.080336 0.183646 
-0.113886 -0.909544 0.274649 
-0.105148 -0.0825855 -0.52557 
-0.102887 -0.237191 0.273234 
-0.742825 -1.05326 -0.724476 
-1.12035 -0.256824 -0.729213 
-0.105103 -0.0697958 -0.300981 
-0.107809 -0.488951 -0.72484 
-0.606235 -0.077374 0.27793 
-0.875177 -0.0801124 0.280517 
-1.1111 -0.505978 -0.747447 
-0.12195 -0.0811729 -0.00203606 
-1.09844 -1.0474 -0.575469 
-1.10642 -1.05059 0.187933 
-0.120206 -0.214233 -0.733721 
-0.533533 -0.0488516 0.286202 
-0.106889 -1.05954 -0.119832 
-0.0777752 -0.917305 0.279955 
-0.101736 -1.06882 -0.0530365 
-0.258693 -0.11297 0.260032 
-0.729163 -1.07713 -0.736481 
-0.124971 -1.02584 -0.731134 
-1.09065 -0.422352 0.279009 
-0.106516 -0.0780579 0.102654 
-1.01619 -0.0743048 -0.70765 
-0.819912 -1.06052 0.273428 
0.408436 -2.57269 -0.148546 
-1.09992 -0.128137 0.285419 
-0.122613 -0.98616 0.278668 
-0.873302 -0.102261 -0.741496 
0.41846 -2.56653 -0.6866 
-1.11414 -0.665049 -0.724868 
-1.09528 -0.289246 -0.73215 
-0.403861 -1.08231 -0.738323 
-1.11702 -0.173703 0.272105 
-1.1005 -1.08947 -0.113143 
-0.112824 -1.08595 -0.470794 
-0.0947713 -0.5121 0.265027 
-0.108101 -1.07324 -0.0523409 
-1.09497 -1.05311 -0.323845 
-1.11673 -1.09894 -0.637071 
-0.171429 -1.08374 0.278796 
-1.12277 -0.195278 -0.732475 
-0.606946 -0.0562917 -0.734012 
-0.82675 -1.09123 0.28498 
-0.221468 -1.08046 -0.732201 
-1.10572 -1.03722 0.267008 
-1.09977 -0.0790521 -0.461354 
-0.126796 -1.09173 0.0145635 
-0.116875 -1.05685 -0.196167 
