1 -0.505431 -7.96522 
1 -0.435671 -9.78829 
1 -0.438479 -9.52925 
1 -0.474323 -9.0064 
1 -0.451003 -7.66182 
1 -0.482555 -10.4899 
1 6.60647 1.23044 
1 -0.438308 -8.92226 
1 6.79745 -0.44947 
1 -0.457859 -10.4368 
1 -0.466929 -10.1226 
1 -0.469018 -8.60986 
1 -0.437434 -8.78893 
1 -0.444285 -9.35239 
1 -0.459025 -10.8217 
1 -0.464345 -9.29157 
1 -0.449243 -10.7529 
1 -0.467405 -9.2939 
1 -0.468176 -8.95694 
1 -0.420813 -9.02376 
1 6.42699 -0.422079 
1 -0.436894 -10.0229 
1 -0.444724 -9.65541 
1 -0.461267 -10.1355 
1 -0.433592 -10.836 
1 -0.454919 -8.88744 
1 -0.493172 -8.05323 
