1 -0.510789 5.68233 
1 -0.489301 4.53538 
1 -0.499986 4.10365 
1 -5.5151 4.35293 
1 -0.521952 5.64217 
1 -0.525074 5.04681 
1 -0.503023 5.006 
1 -0.525667 4.6152 
1 -0.54997 5.23017 
1 -0.512411 5.86058 
1 -0.508477 5.10201 
1 -5.2786 4.282 
1 -0.525474 4.59328 
1 -0.489993 3.99694 
1 -0.496226 3.42114 
1 -0.530821 5.76703 
1 -0.500109 4.87703 
1 -3.56998 3.82556 
1 -0.535216 7.22052 
1 -2.42357 7.20791 
1 -0.47609 6.26214 
1 -7.22203 4.79285 
1 -0.547852 5.67669 
1 -6.85816 4.69883 
1 -0.545543 4.31828 
1 -0.487244 5.55713 
1 -0.511563 5.26876 
1 -5.64937 4.38416 
1 -0.54474 4.39755 
