1 4.21324 -4.35901 
1 -3.15002 7.44087 
1 -0.592713 3.33677 
1 2.22806 -1.21127 
1 2.69681 -1.94751 
1 1.60857 -0.0256394 
1 5.44073 -6.37479 
1 -2.36831 6.16663 
1 1.28573 0.345018 
1 -0.938781 3.86433 
1 5.71364 -6.73447 
1 3.75382 -3.69554 
1 3.50052 -3.30913 
1 6.54139 -8.15284 
1 -0.657666 3.39393 
1 5.85251 -7.18142 
1 0.562941 1.49739 
1 6.05848 -7.39221 
1 2.21025 -1.25032 
1 2.92838 -2.20871 
1 3.06512 -2.6091 
1 -0.0637588 2.38112 
1 0.472934 1.67971 
1 0.550788 1.5118 
1 6.73879 -8.33324 
1 5.97997 -7.39365 
1 0.924381 0.866357 
1 -1.0917 4.22261 
1 0.157288 2.15107 
1 4.83169 -5.62199 
1 0.684141 1.32342 
1 5.97721 -7.3102 
1 0.88157 1.86698 
1 2.09198 -1.09263 
1 3.54998 -3.43706 
1 2.27034 -1.23021 
1 1.4136 0.156398 
1 -0.206173 2.75447 
1 3.34322 -3.02798 
1 1.0883 0.673798 
1 -0.440623 3.19363 
1 -1.25778 4.34918 
1 2.68885 -1.97091 
1 -1.41068 4.59859 
1 1.7818 -0.442157 
1 2.27464 -1.31657 
1 3.10251 -2.66388 
1 -2.2999 5.89207 
1 6.22943 -7.71264 
1 3.1963 -2.783 
1 0.0929274 2.35927 
1 0.528709 1.5003 
1 0.0994368 2.34045 
1 -0.669352 3.47769 
1 4.60124 -5.09102 
1 0.260197 2.02882 
1 -0.592048 3.224 
1 3.26331 -2.90041 
1 0.560315 1.38847 
1 6.79915 -8.51918 
1 2.14164 -1.06503 
1 -2.00672 5.43367 
1 -2.21079 5.8786 
1 6.02059 -7.42948 
1 -3.15898 7.52855 
1 -2.9477 7.23922 
1 -1.61034 4.8726 
1 0.68376 1.14432 
1 4.9511 -5.61541 
1 4.39792 -4.71003 
1 -1.57726 4.89419 
1 4.08713 -4.04591 
1 6.77915 -8.56838 
1 -1.12901 2.8139 
1 -1.18435 4.39814 
1 5.83588 -6.91576 
1 -2.25292 6.08406 
1 -2.59191 6.48651 
1 -0.920928 3.74853 
1 6.97254 -8.84138 
1 -2.94567 7.13883 
1 -1.13311 4.1921 
1 5.23623 -5.99477 
1 0.260354 2.02099 
1 3.05237 -2.56365 
1 3.26848 -2.92975 
1 -0.117504 2.6044 
1 -3.46527 7.82686 
1 3.19487 -2.78679 
1 5.4588 -6.52531 
1 1.64694 -0.0371546 
1 -2.48688 6.44061 
1 4.74191 -5.40495 
1 2.20285 -1.12312 
1 -0.31313 2.94315 
1 3.76785 -3.70752 
1 -2.79419 6.79313 
1 1.69677 -0.459268 
1 0.223135 1.81257 
1 6.39962 -7.9254 
1 -0.974707 3.76618 
1 -1.47768 4.69437 
1 5.40773 -6.25831 
1 5.5741 -6.71448 
1 1.92411 -0.72099 
1 -3.32396 7.70781 
1 2.03609 -1.05407 
1 4.10299 -4.38562 
1 3.61714 -3.48287 
1 2.52032 -1.87379 
1 2.60523 -1.92822 
1 -0.2963 2.73143 
1 -2.65276 6.52282 
1 0.237907 1.69661 
1 5.69594 -6.89979 
1 0.922018 0.982951 
1 6.92288 -8.81475 
1 4.76262 -5.39585 
1 4.79557 -5.45283 
1 -0.777306 3.18711 
