1 1.91809 4.86166 
1 2.07788 5.22635 
1 -3.1419 -9.50414 
1 -2.05737 -6.43998 
1 -3.35492 -10.0213 
1 -1.21736 -4.07296 
1 -1.31841 -4.26702 
1 1.04823 2.43364 
1 1.70835 4.21713 
1 0.290348 0.167015 
1 -2.45989 -7.5645 
1 -1.30005 -4.3884 
1 -3.0773 -9.2916 
1 -1.88116 -5.95388 
1 -3.20512 -9.6902 
1 0.169962 -0.171936 
1 2.01045 5.06335 
1 -2.28036 -7.12749 
1 1.96623 4.97446 
1 -3.86296 -11.5957 
1 -2.29006 -7.08555 
1 -1.23836 -4.09812 
1 -1.9516 -6.10015 
1 -1.36619 -4.43346 
1 2.26597 5.75487 
