1 -2.05094 -0.937608 
1 4.88182 0.737577 
1 1.60857 -0.0256394 
1 3.5445 2.33707 
1 -8.54845 -2.45521 
1 1.28573 0.345018 
1 3.00318 0.278774 
1 2.85242 0.0384561 
1 -10.8837 -3.01755 
1 -5.90374 -1.82345 
1 -10.0504 -2.81565 
1 -3.80642 -0.223398 
1 -3.77214 -1.31134 
1 6.13317 -0.242293 
1 -6.95389 -2.10139 
1 5.51173 0.891075 
1 -7.57859 -2.24041 
1 1.0883 0.673798 
1 1.7818 -0.442157 
1 -6.09708 -1.87595 
1 5.38979 0.865541 
1 -6.04864 -1.86189 
1 7.27853 1.33002 
1 6.49169 1.13136 
1 5.49328 0.845676 
1 2.14164 -1.06503 
1 -4.42859 -1.48762 
1 5.46882 -0.378408 
1 -2.50534 -1.88996 
1 -1.87301 -0.898639 
1 -3.34573 0.347297 
1 -5.1885 -1.70201 
1 -3.06911 0.595202 
1 3.84655 0.469033 
1 -7.68581 -2.24792 
1 2.91897 0.272312 
1 1.69677 -0.459268 
1 8.09606 1.50017 
1 0.223135 1.81257 
1 -3.77252 -0.175926 
1 -10.016 -2.81294 
1 -0.541825 -0.570234 
1 2.03609 -1.05407 
1 -3.27243 -2.02762 
1 1.61317 -0.300168 
1 -6.41237 -1.9567 
1 -7.16598 -2.14248 
