1 0.195822 -0.321211 
1 -4.09782 3.40647 
1 -0.356179 0.0897694 
1 -4.95123 4.05264 
1 1.24379 -1.2576 
1 -3.16233 2.59256 
1 -1.4252 1.13578 
1 2.27177 -2.19156 
1 -1.65342 1.23086 
1 -2.46782 1.97581 
1 -4.76587 3.51256 
1 -2.31475 1.85393 
1 -2.29028 1.82287 
1 -8.25305 7.06591 
1 -2.81162 2.3748 
1 -1.5888 1.23657 
1 -2.80289 2.26113 
1 -7.39619 6.23403 
1 -4.70138 3.94453 
1 -6.72207 5.82031 
1 -5.16711 4.30409 
1 -4.29561 3.56974 
1 1.53116 -1.53188 
1 0.991111 -0.0138061 
1 -6.98152 5.94741 
1 1.57135 -1.51666 
1 3.88559 -3.54728 
1 -0.427323 0.168281 
1 3.16348 -2.97437 
1 4.59408 -4.22118 
1 -8.06659 6.86562 
1 -6.94513 5.99239 
1 -2.30159 1.81016 
1 -3.43373 2.82898 
1 -4.84627 4.06493 
1 -6.12421 5.22387 
1 1.96778 -1.867 
1 -0.243285 0.0231085 
1 5.82147 -5.281 
1 -4.28771 3.53272 
1 -5.64062 4.8354 
1 -2.05256 1.68892 
1 -2.33953 1.91829 
1 -4.42809 3.71791 
1 -9.03924 7.76319 
1 -5.61491 4.75136 
1 -1.88836 1.44768 
1 -6.44724 5.46456 
1 2.23741 -2.15263 
1 -1.35634 1.00961 
1 3.20396 -2.95566 
1 -2.33805 1.88082 
1 -1.92425 1.48447 
1 -7.03543 5.95908 
1 -7.90825 6.72566 
1 -7.94369 6.77274 
1 -4.46009 3.77499 
1 0.962079 -0.153515 
1 -2.80179 2.3382 
1 2.04256 -1.99615 
1 1.02793 -1.06569 
1 -7.02492 6.03826 
1 -9.00489 7.72091 
1 -4.67455 3.87384 
1 1.41748 -1.4204 
1 -7.75691 6.6453 
1 -3.38842 2.79941 
1 -7.8774 6.66832 
1 2.0075 -1.9113 
1 -0.700403 0.350291 
1 0.0724041 -0.26811 
1 -1.39647 1.07692 
1 -1.54481 1.17776 
1 -7.93203 6.78038 
1 1.82144 -1.78563 
1 -8.92452 7.60364 
1 -2.05248 1.53523 
1 1.52765 -1.55321 
1 -1.75381 1.37191 
1 1.67612 -1.59697 
1 -4.65436 3.87496 
1 -3.61379 2.99477 
1 -6.96242 5.95127 
1 -4.23435 3.47904 
1 -6.11217 5.17796 
1 -6.86136 5.886 
1 -5.02944 4.19723 
1 -4.65797 3.90535 
1 -3.77137 3.17393 
1 -4.09814 3.33832 
1 -8.70689 7.40865 
1 2.0311 -1.98716 
1 -7.92712 6.74082 
1 -5.18347 3.05777 
1 -7.52473 6.3944 
1 -3.8315 1.90593 
1 -2.81351 2.32681 
1 -5.56048 4.73766 
1 -0.016855 -0.208911 
1 -0.413802 0.151475 
1 -4.1015 3.46689 
1 0.933537 -1.01595 
1 -8.18161 6.95953 
1 1.49386 -1.40199 
1 0.348604 -0.477948 
1 -4.68129 3.99302 
1 -4.54743 3.84301 
1 -8.98058 7.69071 
1 -4.16044 3.44893 
1 -0.597316 0.353882 
1 -3.72469 3.02602 
1 -2.56481 2.04233 
1 -7.32136 6.21835 
1 -4.59385 3.76072 
1 1.98 -1.94018 
1 -0.932062 0.658476 
1 -3.82701 3.16945 
1 0.863272 -0.972556 
1 1.33132 -1.31562 
1 -1.23237 0.915619 
1 0.740306 -0.820187 
1 -1.53361 1.19118 
1 -3.2666 1.74694 
1 -2.72545 2.28686 
1 -5.3017 4.47387 
1 0.594507 -1.49498 
1 0.455865 -0.577842 
1 -6.1104 5.17381 
1 0.236332 -0.367275 
1 1.24506 -1.25973 
1 5.60178 -5.0793 
1 -4.24113 3.4767 
1 3.56684 -3.29292 
1 1.49444 -1.49422 
