1 -9.63287 -1.58299 
1 4.40449 -4.02218 
1 4.5003 -4.11031 
1 -7.7064 -5.77976 
1 5.78865 -5.22489 
1 -9.97337 -1.00455 
1 -10.8639 -2.93066 
1 5.41065 -4.87726 
1 1.02393 -1.0898 
1 -9.69081 -0.875069 
1 3.39179 -3.14912 
1 5.26394 -4.76248 
1 4.33374 -4.04066 
1 5.0807 -4.65898 
1 3.04679 -2.79416 
1 2.71689 -2.57831 
1 3.29748 -3.14448 
1 -10.9527 -3.04314 
1 5.41513 -4.86312 
1 1.508 -1.56819 
1 -10.7136 -1.3233 
1 -10.9375 -3.00033 
1 1.77201 -1.75496 
1 2.01298 -1.90095 
1 -7.31014 0.0860302 
1 5.45627 -4.89558 
1 3.61927 -3.32532 
1 4.5922 -4.25631 
1 3.85059 -3.58162 
1 4.41129 -4.06667 
1 5.22238 -4.74469 
1 5.57414 -5.05021 
1 5.02436 -4.56078 
1 -6.86195 -4.00562 
1 5.1273 -4.67223 
1 4.09826 -3.76377 
1 5.38347 -4.91601 
1 4.20425 -3.78762 
1 2.06242 -2.01143 
1 3.26498 -3.10621 
1 -11.3949 -3.55143 
1 0.280306 -2.5916 
1 5.04194 -4.60168 
1 2.05467 -2.00579 
1 -4.78315 0.0608416 
