1 0.511302 -6.46936 
1 -10.131 -1.25481 
1 6.67794 -9.38571 
1 6.36396 -9.23435 
1 -2.79098 -4.81074 
1 2.10064 -7.19523 
1 -3.46001 -4.55152 
1 -4.8459 -3.82674 
1 -11.0625 -0.864602 
1 -5.8984 -3.29192 
1 -2.82051 -3.14949 
1 -0.20835 -6.20666 
1 -4.0011 -3.95988 
1 -1.94007 -5.22267 
1 -5.65044 -3.47187 
1 6.60809 -9.3246 
1 -1.6514 -5.28694 
1 -1.35748 -5.47987 
1 -1.49879 -5.41036 
1 3.07311 -7.67079 
1 4.24484 -8.1554 
1 -10.5801 -1.04124 
1 -6.80997 -2.86705 
1 -2.60592 -5.03412 
1 -1.99288 -5.10118 
1 -2.57134 -3.7286 
1 -5.55357 -3.52488 
1 -1.94984 -5.26005 
1 -2.6301 -4.61176 
1 6.18485 -9.08604 
1 -6.93338 -2.82364 
1 -6.47059 -2.94987 
1 -2.59645 -5.44872 
1 4.67516 -7.08182 
1 3.56632 -7.97561 
1 0.712913 -6.45093 
1 3.95066 -6.0955 
1 5.38022 -8.73303 
1 4.94827 -8.49127 
1 0.138573 -6.10527 
1 0.0638252 -6.22339 
1 -0.205502 -5.99759 
1 -8.21851 -2.1952 
1 -8.57105 -2.07048 
1 -8.92046 -1.87822 
1 -2.47501 -3.27272 
1 1.46598 -6.85492 
1 -2.42903 -4.95489 
1 3.67912 -7.9025 
1 1.57733 -5.81517 
1 -1.50422 -5.43204 
1 -9.32464 -1.64216 
1 4.50923 -8.2711 
1 -2.55696 -2.93373 
1 -2.55316 -3.02636 
1 -7.77071 -2.45507 
1 1.8846 -7.10158 
1 4.21561 -8.18371 
1 -5.22182 -3.68202 
1 -1.29391 -5.56464 
1 4.1354 -8.17898 
1 4.87973 -7.37324 
1 -2.53033 -5.25739 
1 -2.59563 -4.42195 
1 -6.30516 -3.09661 
1 -7.01316 -2.65326 
1 -1.97098 -5.18226 
1 -9.83925 -1.44806 
1 -10.4896 -1.06041 
1 5.84872 -9.03428 
1 5.45518 -8.73989 
1 4.07731 -8.18421 
1 5.38158 -8.69989 
1 3.12535 -7.6978 
1 0.54764 -6.40452 
1 2.60419 -7.42468 
1 -6.08033 -3.25467 
1 5.02643 -8.63498 
1 4.33595 -8.20685 
1 -9.57697 -1.53851 
1 -1.03281 -5.71792 
1 -1.59282 -5.35411 
1 -4.60688 -3.91103 
1 4.91187 -7.43605 
1 -2.59632 -4.70099 
1 4.53293 -8.34151 
1 2.01855 -7.16586 
1 -0.245186 -6.08715 
1 -4.41561 -4.0581 
1 -4.8904 -3.8203 
1 -3.39492 -2.86669 
1 4.84786 -8.44167 
1 1.90901 -6.96815 
1 2.68857 -7.41561 
1 4.43765 -6.76899 
1 -10.0897 -1.29501 
1 0.258157 -6.08386 
1 -4.59505 -3.94276 
1 -10.9776 -0.909289 
1 -2.42815 -5.01849 
1 -11.3005 -0.758394 
1 -1.60379 -6.59042 
1 -6.43409 -3.02233 
1 -6.17619 -4.72819 
1 2.16683 -7.19733 
1 -2.55787 -5.27763 
