1 -1.74461 1.45555 
1 4.26204 -3.1531 
1 -1.34984 2.19901 
1 -6.41704 4.96422 
1 1.72627 -1.12034 
1 -8.50214 6.57582 
1 -2.1248 1.69492 
1 4.11565 -3.01056 
1 4.12699 -3.02243 
1 -4.90918 3.8655 
1 -6.20399 4.84889 
1 5.42237 -4.01662 
1 -10.3946 8.00471 
1 1.53659 -1.05166 
1 -6.78573 5.23617 
1 -4.72554 3.61845 
1 1.248 -0.849785 
1 -3.79521 3.02608 
1 -9.60981 7.38837 
1 2.0139 -1.39957 
1 -5.1872 4.04046 
1 2.67966 -0.550339 
1 1.7802 -0.406509 
1 -9.10711 7.03342 
1 5.13364 -3.77196 
1 5.30911 -3.92229 
1 -1.72696 1.42232 
1 -5.26041 4.11709 
1 -2.07636 1.64552 
1 5.07899 -3.69948 
1 -9.22421 7.10273 
1 -9.63317 7.40556 
1 -6.03879 4.70944 
1 3.58138 -2.63132 
1 -8.85733 6.77235 
1 5.43579 -4.01491 
1 -8.95747 6.93653 
