1 -0.41841 -0.0454894 
1 -1.74461 1.45555 
1 -6.41704 4.96422 
1 -3.27937 2.60672 
1 -1.75006 1.91976 
1 -8.50214 6.57582 
1 2.39723 -0.53278 
1 4.11565 -3.01056 
1 4.12699 -3.02243 
1 -4.90918 3.8655 
1 -6.20399 4.84889 
1 5.42237 -4.01662 
1 -2.80723 2.22023 
1 -10.3946 8.00471 
1 1.53659 -1.05166 
1 -6.78573 5.23617 
1 -4.72554 3.61845 
1 -3.79521 3.02608 
1 -9.60981 7.38837 
1 -5.1872 4.04046 
1 -0.32424 0.329527 
1 -3.44565 0.95471 
1 -9.10711 7.03342 
1 5.13364 -3.77196 
1 5.30911 -3.92229 
1 -1.72696 1.42232 
1 -5.26041 4.11709 
1 5.07899 -3.69948 
1 -9.22421 7.10273 
1 -9.63317 7.40556 
1 -3.19732 2.50823 
1 -6.03879 4.70944 
1 -8.85733 6.77235 
1 5.43579 -4.01491 
1 -8.95747 6.93653 
