-1.07946 1.86599 2.26215 
-0.421261 0.843033 1.25811 
-0.181234 1.84143 2.11526 
-0.36064 0.878707 2.26953 
-0.204442 1.31377 2.27131 
-0.200018 1.87333 1.28307 
-1.20271 1.84116 1.84437 
-0.497911 0.878199 2.25844 
-1.17047 1.68726 1.22401 
-0.194094 0.852442 1.94476 
-0.183666 0.881731 1.62837 
-1.18312 1.62322 1.2506 
-0.205237 0.859215 2.11684 
-0.20284 1.87301 2.02935 
-0.205261 1.56915 2.27385 
-1.18056 0.866315 1.46173 
-0.191806 1.626 2.282 
-0.194551 1.29073 2.27052 
-1.20954 1.10134 2.27857 
-0.193668 1.03878 2.27282 
-0.962451 0.84979 1.27302 
-0.208237 1.84556 1.29196 
-0.198237 1.85312 1.92798 
-0.194204 0.857623 2.12829 
-0.200267 0.855498 1.40816 
-0.199229 0.996657 1.26254 
-1.20103 0.863811 2.16571 
-0.51989 0.835048 1.25035 
-1.20411 1.13814 2.2666 
-0.314155 0.849749 1.28163 
-1.19175 0.84214 2.22828 
-0.19004 1.8659 1.71191 
-0.715377 0.842229 2.27518 
-0.260474 0.858984 1.23725 
-1.19317 0.85509 2.05404 
-0.185603 0.91632 1.25139 
-1.19691 1.87944 2.04369 
-0.19989 1.86396 2.00755 
-1.19346 1.69678 2.26432 
-0.1895 0.856341 1.79583 
-0.214123 1.88102 1.31468 
-1.18243 1.69451 2.24488 
-0.95008 0.854444 1.27587 
-0.190372 1.0065 1.26115 
-0.863067 0.865674 2.25463 
-0.532963 0.799396 -0.553412 
-0.799067 0.860781 1.27884 
-1.1949 1.86274 1.38868 
-0.6683 0.857926 1.27113 
-0.47847 1.88719 1.26252 
-0.191883 1.27154 1.25453 
-0.174231 1.84399 1.91027 
-1.22012 0.937073 2.27921 
-0.204139 1.73517 1.28414 
-0.203362 1.81788 2.27029 
-1.22002 1.81387 1.28764 
-0.218487 0.865436 1.27174 
-1.18886 0.865221 2.06837 
-0.477434 1.86293 2.27351 
-1.20607 0.846483 1.53127 
-1.19562 0.889071 2.26451 
-1.19015 0.940451 2.23314 
-1.20843 1.22619 1.28432 
-0.186196 1.03935 2.25861 
-1.1249 0.847789 1.24072 
-0.926595 0.867418 1.25286 
-0.182396 1.86941 1.95972 
-1.19897 1.86281 1.77332 
-0.410158 1.86017 1.25585 
-0.302196 0.835017 1.26376 
-1.21253 0.840218 1.63458 
-0.187981 1.6195 1.27029 
-1.20673 1.44157 1.25779 
-1.21796 1.67421 1.27146 
-1.19796 1.06737 2.26506 
-0.928684 1.8757 2.24376 
0.0500547 -0.817644 -0.643542 
-0.394105 0.837147 1.29349 
-0.199137 0.980239 1.26497 
-0.207665 0.946044 2.25593 
-1.18527 0.937391 1.26419 
-0.549101 1.84891 1.26416 
-1.20332 0.85427 1.81229 
-0.929066 0.857614 2.24375 
-0.762734 1.86656 2.25055 
-1.19978 0.850606 2.21583 
-1.20053 1.91164 2.25276 
-1.20417 0.883236 1.26507 
-0.486796 0.86682 1.25559 
-1.27151 0.743723 0.0758078 
-0.959525 1.85558 2.27663 
-1.09259 1.85958 1.25703 
-1.19009 1.49248 2.27944 
-0.596413 1.85582 1.26161 
-0.179827 0.862384 2.17231 
-0.197174 1.59365 1.25231 
-0.193563 1.86221 1.29433 
-0.214761 0.852431 1.37502 
-0.198239 1.12034 1.26678 
-0.567957 0.847927 1.27392 
-0.198799 1.84386 1.28306 
-0.192729 1.4904 1.25676 
-0.192158 1.84768 1.23695 
-1.20276 1.70998 1.27249 
-0.198634 0.86114 1.80863 
-0.194608 1.07594 1.25758 
-0.549328 1.85478 2.26151 
-0.19519 0.844768 2.21729 
-0.78218 0.867713 1.25306 
-0.424498 1.87351 1.2482 
-0.254183 1.8486 1.26473 
-1.17474 0.853728 1.6851 
-1.19664 0.881806 2.26001 
-1.17238 0.850713 1.27161 
-0.195431 1.43471 1.24999 
-1.20718 0.901704 2.25942 
-1.16209 1.84046 2.24675 
-1.20005 0.96497 2.26704 
-0.207336 1.82248 1.29022 
-0.933245 0.832548 2.26796 
-0.176276 1.57773 2.26106 
-1.12 0.869056 1.29223 
-0.192583 1.09932 1.24188 
