-0.752239 -0.796762 -0.290811 
-0.962487 -1.78786 -0.741339 
-0.833011 -1.81676 -1.27959 
0.0686972 -1.8017 -0.711269 
-0.0681387 -1.79869 -0.294353 
-0.937731 -1.32098 -1.27745 
-0.949625 -1.4018 -1.30318 
0.0622923 -1.19739 -0.250647 
-0.498775 -0.810681 -0.25084 
0.0795221 -0.831911 -0.846713 
0.0575269 -1.53999 -0.265151 
-0.926658 -0.778264 -0.981866 
-0.917403 -1.7807 -1.27877 
0.0826923 -1.20155 -1.22663 
0.0588284 -1.24037 -1.28734 
0.0575102 -0.809951 -0.270924 
0.077446 -1.57947 -1.21113 
-0.93711 -1.77085 -1.14446 
0.0752589 -1.81357 -0.244101 
0.0562222 -1.07489 -0.293097 
-0.48514 -1.79244 -0.278834 
-0.0838075 -0.803044 -0.25711 
0.0745067 -1.8137 -0.701498 
-0.690014 -0.817471 -0.274658 
0.0339978 -1.82233 -0.272198 
-0.606306 -0.794849 -0.296787 
-0.942498 -0.797957 -0.743865 
-0.960065 -1.77509 -1.16998 
