0.979821 2.96235 2.4888 
0.201995 2.88002 1.51582 
0.244256 2.91535 2.51288 
0.435583 2.86656 1.49931 
0.947879 2.90739 1.84533 
0.950833 3.50058 2.51575 
0.957944 3.46286 2.48933 
0.238852 3.91076 2.50693 
0.779822 3.88881 1.49741 
0.592689 2.86697 2.47531 
0.877121 3.88595 2.51202 
-0.0285584 3.72493 2.49652 
0.621184 3.89154 1.52572 
0.954473 2.85695 1.55475 
0.949331 3.12502 1.5116 
0.949782 2.86931 2.43818 
0.961753 3.38643 1.50821 
0.949109 2.86214 2.37542 
-0.0433889 3.87254 2.24187 
0.914856 2.87009 2.10143 
-0.029204 2.90217 1.61242 
0.865042 3.87661 1.51394 
0.733333 2.87495 2.49577 
-0.0574203 3.56589 1.51421 
0.950258 3.06426 2.52176 
0.569253 2.88812 1.50559 
0.579929 3.84191 1.52183 
0.953765 3.59034 2.50904 
-0.048277 3.21374 2.51376 
0.523133 3.90295 1.50161 
0.974724 3.89536 1.9272 
0.180128 2.87471 2.50256 
-0.037394 3.88428 1.50523 
-0.0358925 3.90572 2.20405 
0.136924 3.87042 1.51776 
0.968155 3.64064 1.48349 
-0.0199539 3.63338 1.48247 
0.406162 2.87884 1.50114 
0.202327 2.90549 1.48958 
0.952206 2.87061 2.19746 
-0.0531729 3.84812 1.88977 
0.0681687 3.90221 1.48514 
0.948644 3.8555 2.24478 
-0.0385427 3.84713 1.96145 
-0.0440696 3.85605 2.21711 
0.980122 3.21248 1.50185 
0.9398 2.90356 2.51259 
-0.0362755 3.48683 2.50018 
-0.0341811 3.51406 2.49824 
-0.0415488 3.36827 1.49739 
0.956157 3.67806 2.48619 
0.196441 2.88922 2.49594 
0.964984 3.90589 2.46483 
-0.0340787 2.93542 1.50107 
-0.04182 2.89084 2.09622 
-0.0498601 3.86128 1.93768 
0.0832461 3.87514 1.4914 
0.209636 3.87194 2.50237 
-0.0419758 3.3611 1.51439 
0.000878724 3.52783 2.50775 
0.918278 3.87373 2.51645 
0.961471 3.17597 1.51006 
0.969294 2.89146 1.50163 
-0.0419387 3.90407 2.16796 
-0.662985 0.774418 0.946416 
-0.0708523 2.89163 2.43495 
-0.0610786 3.01004 1.50835 
-0.0245546 2.88371 2.14638 
0.939774 2.87305 1.6794 
0.848877 2.91972 2.50265 
0.964616 2.88269 2.08221 
0.457962 3.90365 2.5162 
0.128617 2.88559 1.503 
0.0347249 3.87596 2.50527 
0.125256 2.88451 1.52788 
0.94318 3.56416 1.49321 
0.0468508 3.84597 2.49477 
0.739951 2.86718 2.50586 
0.456153 3.86081 2.48959 
0.721033 3.90377 2.50062 
-0.0467423 2.86158 2.03229 
0.0847326 2.87148 1.51318 
0.976231 3.72811 1.50786 
0.868059 2.86368 2.51018 
0.804002 2.8988 2.51106 
-0.050746 2.87421 1.66053 
-0.0324826 3.50321 1.49923 
0.948639 2.89042 2.34704 
0.537094 2.8982 1.51394 
0.940964 3.88826 2.16148 
0.946195 2.89725 2.45786 
0.957869 3.42658 2.51096 
0.958836 2.87452 1.8588 
0.965444 3.89748 1.66143 
0.955209 3.87824 2.01837 
0.942034 3.24406 1.52779 
0.958656 3.30725 1.5009 
-0.0523246 3.03268 2.51167 
0.417979 2.8876 1.50587 
0.0324044 3.90427 1.51281 
