-0.985321 -0.195073 1.64648 
-0.161697 1.97729 -0.982181 
-0.00426096 0.0968781 0.987699 
0.0204076 0.797793 1.27243 
-0.994012 -0.0203513 1.00965 
-1.00061 -0.191125 1.87368 
0.0267574 0.762946 1.478 
0.0294786 0.771418 1.26427 
-1.8419 -0.049851 4.0542 
-0.979831 0.650254 0.998641 
0.0145797 0.682035 2.00731 
0.033023 -0.208762 1.91127 
0.00652116 -0.167624 1.98457 
0.492176 1.95198 -1.45217 
-0.343627 0.797726 1.98435 
-0.9849 -0.215126 1.38667 
0.00728628 0.280073 2.00514 
-0.418466 0.804701 2.02386 
-0.9734 -0.209407 1.00706 
-0.993835 0.783238 1.20321 
-0.892837 -0.229329 0.997091 
-0.977426 -0.226375 1.82044 
0.0263202 0.361495 1.96623 
-0.273627 0.776204 0.987719 
0.0063489 0.809697 1.94792 
-0.0237019 0.970174 -1.44372 
-0.999285 0.447613 2.00091 
-0.700554 0.796597 0.994545 
-0.982625 0.783418 1.2791 
0.0486159 0.757627 1.40164 
0.035811 0.145439 1.98873 
-0.903053 -0.21438 1.98822 
-0.987967 0.776471 1.30755 
0.0128763 -0.22394 1.75432 
-0.396165 -0.222053 1.03711 
-0.795648 -0.201851 0.971914 
0.0195491 -0.115681 1.98733 
0.0201453 -0.215047 1.41388 
-0.986589 0.0856428 0.996913 
0.0149787 0.462201 0.956881 
-0.852271 0.788113 0.979493 
0.0313968 0.380614 1.93151 
0.02213 -0.203761 1.35769 
-0.304245 -0.187413 2.0073 
-0.984534 -0.20918 1.19144 
0.0179965 -0.0988237 1.99005 
-0.113893 -0.246443 0.966074 
0.0213923 0.780036 1.01924 
0.0166151 -0.223 1.48144 
-0.555167 0.793229 1.97556 
-0.0188582 -0.211453 1.99631 
-0.977738 0.416685 1.00004 
-0.0102086 0.743546 1.0023 
-0.668761 0.781219 1.98982 
-0.995105 -0.120401 1.01561 
-0.422558 0.809826 2.02539 
-0.662985 0.774418 0.946416 
-0.988411 0.611413 0.971549 
0.019727 0.789396 1.09614 
-0.00581648 0.815385 1.87859 
0.00169106 -0.223174 1.92987 
-0.185146 -0.210714 0.943716 
-0.118207 0.796031 1.02859 
-0.126003 0.778842 0.972524 
-0.591972 0.763355 1.96076 
0.00417369 0.776867 1.19364 
-0.9613 -0.232105 1.11715 
-0.655466 -0.213412 2.01234 
-0.16174 -0.196722 1.02173 
-0.992081 0.604361 0.992792 
-0.989663 0.346322 0.996127 
0.0318824 -0.231416 1.53901 
-0.0440955 0.789127 0.991588 
-0.984577 0.786293 1.86374 
0.0294143 0.664259 0.977128 
-0.986421 0.513357 1.96268 
-0.9904 -0.193353 1.75821 
0.0191042 0.137082 0.990296 
0.0049921 -0.223989 1.11374 
0.847462 1.00945 -0.487301 
-0.241899 -0.214565 1.98557 
0.0171661 0.284645 0.95189 
0.810909 0.97561 -0.769027 
0.0422227 0.795532 1.47852 
-0.529909 0.796941 1.00098 
-0.965175 0.777313 1.88134 
-0.543034 0.795054 0.952847 
0.0135096 0.233466 1.98381 
-0.00824933 -0.192275 1.45779 
0.00745945 0.813881 1.82063 
0.0259887 -0.228121 1.2129 
-0.978971 0.526146 1.01689 
-1.02589 -0.90724 3.03772 
-0.991496 0.799936 1.07651 
1.01016 0.286574 -2.19413 
0.0162443 -0.21829 1.95621 
0.0305696 -0.0504413 1.95414 
0.0152013 0.387527 0.971902 
-0.230793 0.778212 1.95904 
