1 2.39597 -5.58749 
1 2.64047 -5.95013 
1 -2.7516 2.19889 
1 -4.5908 4.90671 
1 -3.60354 3.43777 
1 3.53273 -7.17874 
1 -6.34097 7.52706 
1 0.321179 -2.00193 
1 -3.9606 4.02664 
1 -2.06415 1.18549 
1 -1.9926 1.08125 
1 1.76411 -4.6083 
1 2.5303 -5.74879 
1 -2.71335 2.1407 
1 -4.47089 4.72867 
1 -1.02782 -0.438813 
1 1.53847 -4.21008 
1 -6.18028 7.36057 
1 -2.71086 2.07884 
1 -4.99466 5.48758 
1 3.32602 -6.87449 
1 -6.13096 7.26803 
1 -2.2228 -0.609486 
1 -0.402659 -1.32047 
1 2.22848 -5.29531 
1 -3.9429 3.92344 
1 3.18464 -6.66686 
1 -1.85539 -0.829526 
1 -1.93169 0.909961 
1 -3.84 3.79255 
1 -4.41837 4.70252 
1 -1.99106 0.989003 
1 0.317926 -2.43079 
1 1.81307 -4.6745 
1 1.57944 -4.31954 
1 2.43004 -5.52727 
1 -5.22436 5.8782 
1 4.17887 -8.20027 
1 2.70028 -5.9572 
1 1.61934 -4.42289 
1 -3.82486 3.76748 
1 -6.05992 7.10362 
1 3.08328 -6.55886 
1 -4.92581 5.52148 
1 0.525312 -2.72566 
1 1.54035 -4.23367 
1 4.15931 -8.27166 
1 -3.47462 3.27089 
1 -5.22118 5.87542 
1 2.63635 -5.94427 
1 1.01902 -3.4666 
1 1.81892 -4.67673 
1 0.442998 -2.6685 
1 0.165138 -2.16718 
1 -0.867422 -0.684166 
1 -5.63529 6.37933 
1 3.17265 -6.59388 
1 -4.08737 4.15311 
1 -2.58282 1.8201 
1 -4.0778 4.1672 
1 0.49198 -2.61766 
1 -3.44018 3.1407 
1 0.33382 -2.00125 
1 -0.645148 -0.995045 
1 -0.961831 -0.520986 
1 -1.34561 0.0536207 
1 -2.78597 2.24038 
1 4.18202 -8.19981 
1 -4.74212 5.19961 
1 -6.48712 7.82474 
1 -2.23882 1.41128 
1 0.325567 -2.48781 
1 -6.18424 7.32005 
1 -6.10841 7.22387 
1 -3.10219 2.71266 
1 4.42959 -8.60666 
1 -2.52725 1.82144 
1 2.41656 -5.54654 
1 1.39411 -2.53047 
1 -3.21143 2.84372 
1 -0.393695 -1.361 
1 -3.1525 2.77103 
1 -2.99352 2.56243 
1 -4.36607 4.58899 
1 4.17617 -8.08283 
1 0.490279 -2.69334 
1 3.42665 -7.14319 
1 2.94875 -6.40793 
1 -5.13286 5.75792 
1 0.892362 -3.24183 
1 -6.12853 7.1943 
1 -3.33993 3.00178 
1 -4.96651 5.54908 
1 -4.00739 4.04402 
1 -0.115501 -1.73295 
1 -3.39619 3.0558 
1 -1.73324 -0.889584 
1 2.00334 -4.95571 
1 1.20691 -3.69403 
1 -0.769916 -0.826305 
1 -0.707617 -0.891188 
1 -6.33911 7.4878 
1 3.51559 -7.21047 
1 -5.38597 6.07797 
1 -5.54108 6.37755 
1 -1.66915 0.50135 
1 3.53117 -7.21789 
1 -5.81368 6.74375 
1 -4.99614 5.50794 
1 -0.29411 -1.45691 
1 -2.22988 1.42921 
1 -4.74328 5.16433 
1 -4.54101 4.88758 
1 2.39474 -5.51636 
1 3.49758 -7.16832 
1 -0.646743 -0.973997 
1 -3.18015 2.77921 
1 -2.69912 2.0394 
1 -2.36882 1.61943 
1 1.55475 -4.29859 
1 3.70183 -7.537 
1 -5.04395 5.58636 
1 0.772753 -3.08331 
1 2.15532 -5.13786 
1 -5.35154 6.14703 
1 -0.0983784 -1.75361 
1 2.84101 -6.17278 
1 -0.156123 -1.79844 
1 -4.06088 4.12522 
1 -3.57848 3.37439 
1 -5.38953 6.18324 
1 2.08088 -5.02193 
1 -3.56315 3.45645 
1 0.075693 -1.8609 
1 3.10627 -6.54196 
1 3.22476 -6.79994 
1 3.3071 -6.8403 
1 2.03087 -4.95053 
1 2.20034 -5.24228 
1 2.54999 -5.71359 
1 -4.6873 5.10291 
1 0.819816 -3.25699 
1 -3.07288 2.73017 
1 -0.939241 -1.35988 
1 -2.82392 2.23567 
1 -1.86547 0.873835 
1 0.946431 -2.34307 
1 -5.89718 6.81255 
1 -5.81466 6.73725 
1 3.42683 -7.08845 
