1 4.07275 -0.859673 
1 -2.60912 6.28369 
1 7.23519 -4.19367 
1 4.51147 -1.37579 
1 0.026752 3.43597 
1 -0.214062 3.75645 
1 1.42134 1.86194 
1 3.17903 0.145472 
1 -3.54692 7.3188 
1 -2.45248 6.15477 
1 -0.397561 3.88941 
1 3.29259 -0.0346213 
1 7.65246 -4.63531 
1 8.27297 -5.35074 
1 0.0389797 3.51201 
1 8.52302 -5.61181 
1 4.18524 -1.00211 
1 0.998841 2.39686 
1 0.339388 3.14915 
1 4.46529 -1.26332 
1 -0.366576 3.89477 
1 0.00979734 3.44479 
1 7.71379 -4.66543 
1 2.99419 0.263306 
1 -0.57609 4.08612 
1 8.41657 -5.50302 
1 8.62668 -5.68479 
1 8.29163 -5.37971 
1 7.06883 -4.02194 
1 5.43496 -2.27701 
1 0.378354 3.08392 
1 3.50894 -0.246064 
1 -1.06266 4.67558 
1 3.43926 -0.20657 
1 2.89449 0.363529 
1 -0.45667 4.00115 
1 1.08991 2.30753 
1 -1.36734 4.98701 
1 4.56257 -1.34709 
1 -3.20564 6.94763 
1 7.50683 -4.53772 
1 1.87922 1.51037 
1 5.99163 -2.87837 
1 -4.6707 8.12884 
1 -0.00848544 3.547 
1 4.38677 -1.22581 
1 -1.391 4.97863 
1 5.67652 -2.52094 
1 -1.1611 4.73849 
1 3.85243 -0.639148 
