1 -2.23715 5.61299 
1 0.360131 -2.68758 
1 -1.995 4.84824 
1 3.19173 -11.7518 
1 3.29727 -12.0351 
1 -0.480609 -0.022287 
1 0.452796 -2.99166 
1 -1.40473 2.92783 
1 1.57269 -6.62414 
1 1.70072 -7.0333 
1 2.69912 -10.1729 
1 1.34576 -5.81929 
1 2.8105 -10.4945 
1 0.405872 -2.8741 
1 -1.34261 2.83029 
1 -1.2485 3.50877 
1 -1.95393 4.66157 
1 -2.27316 5.74071 
1 1.25318 -5.48029 
1 2.494 -9.48728 
1 -0.743307 -0.16337 
1 1.64131 -6.81794 
1 0.110546 -1.90827 
1 -2.53277 6.51135 
1 0.826311 -4.18162 
1 -0.133862 -1.14639 
1 1.10586 -5.08884 
1 -1.28251 2.54022 
1 -0.150572 -1.09954 
1 2.19637 -8.55769 
1 -1.34064 2.7093 
1 1.50082 -6.29373 
1 -1.79134 4.16557 
1 -1.26526 2.51759 
1 2.89034 -10.7893 
1 0.782739 -4.11364 
1 -0.139928 -1.10976 
1 0.0580693 -1.5103 
1 1.72951 -7.09266 
1 2.14533 -8.39872 
1 0.0663923 -1.74699 
1 1.84782 -7.38718 
1 2.27149 -8.78179 
1 -0.998326 1.62409 
1 0.104334 -1.94047 
1 0.361889 -2.6669 
1 1.35031 -5.82404 
1 -0.33811 -0.433346 
1 1.51795 -6.4043 
