1 -5.44416 2.80529 
1 3.26817 4.49315 
1 2.84339 4.40735 
1 -1.995 4.84824 
1 7.26648 5.22001 
1 2.83903 4.31072 
1 7.83748 5.45007 
1 10.907 6.03539 
1 7.98884 5.34284 
1 0.263993 4.311 
1 -4.93563 2.81194 
1 11.0652 6.09172 
1 0.150933 3.83763 
1 -1.40473 2.92783 
1 -5.62387 2.72339 
1 7.92727 5.32548 
1 10.8472 5.99968 
1 -1.11531 3.56393 
1 -1.34261 2.83029 
1 -2.97224 3.1725 
1 0.699996 3.9525 
1 -5.12805 2.76165 
1 -0.832806 3.65583 
1 3.61042 4.44698 
1 -4.4694 3.01848 
1 8.58418 5.51203 
1 -0.335781 3.66997 
1 13.0003 6.37604 
1 10.6606 5.83231 
1 -2.7488 3.13867 
1 -3.33491 3.01709 
1 2.32586 4.27349 
1 5.04756 4.8109 
1 4.98787 4.83857 
1 9.46487 5.6294 
1 -1.49193 3.2392 
1 9.73356 5.76256 
1 -5.64778 2.63293 
1 0.213043 4.18096 
1 8.57949 5.50917 
1 0.0806017 3.54553 
1 -2.4076 3.4047 
1 -1.42188 3.03144 
1 -0.201667 3.70751 
1 2.57581 4.32098 
1 7.99433 5.47123 
1 4.18384 10.5953 
1 2.77956 4.41141 
1 0.312886 4.47492 
1 -3.92951 2.95389 
1 -1.79134 4.16557 
1 1.52464 4.17135 
1 -3.27404 3.12216 
1 -1.51909 3.30378 
1 9.5897 5.70682 
1 7.57774 5.3146 
1 -4.60934 2.90324 
1 0.263881 4.36293 
1 -5.74187 2.77279 
1 4.69394 7.16143 
1 -3.34882 3.00982 
1 10.0898 5.85921 
1 -4.25663 3.01034 
1 0.227403 4.44798 
1 8.46237 5.59854 
1 9.3874 5.71741 
1 3.15546 4.48921 
