1 -0.78066 7.4395 
1 4.97943 5.37093 
1 12.5284 2.72259 
1 5.32061 5.31582 
1 4.69149 5.5014 
1 5.27681 5.29458 
1 11.321 3.11247 
1 7.24977 4.58278 
1 12.935 2.5699 
1 14.9449 1.828 
1 9.71847 3.71248 
1 16.0513 1.45631 
1 12.6701 2.65579 
1 0.925223 6.85315 
1 7.62313 4.43715 
1 11.0887 3.21136 
1 -3.54692 7.3188 
1 15.6901 1.55077 
1 -1.28374 7.62072 
1 0.474984 6.93018 
1 3.1096 6.07536 
1 7.38127 4.56113 
1 14.4567 1.99238 
1 5.90254 2.67592 
1 7.69465 4.43384 
1 0.328045 7.09392 
1 7.84922 4.41715 
1 2.26934 6.34583 
1 4.57602 5.5259 
1 0.842521 6.88408 
1 0.151331 7.10232 
1 0.283221 7.04583 
1 8.72931 4.01198 
1 8.08878 4.33773 
1 15.1788 1.764 
1 13.0208 2.54322 
1 6.58576 5.12667 
1 13.276 2.40683 
1 4.45069 5.61623 
1 14.0966 2.09628 
1 2.32648 6.35771 
1 16.222 1.33191 
1 2.122 6.47991 
1 3.54553 5.95623 
1 1.08684 6.75879 
1 -0.63298 7.39128 
1 9.36069 3.86263 
1 12.3426 2.76041 
1 9.88652 3.60551 
1 14.7603 1.91208 
1 1.63175 6.60265 
1 2.17308 6.38545 
1 13.064 2.52354 
1 1.25544 6.71844 
1 4.26056 5.61993 
1 10.4622 3.46508 
1 4.41005 5.57895 
1 12.801 2.70671 
1 -0.94612 7.46443 
1 7.72495 4.36809 
1 12.9436 2.58537 
1 16.4918 1.30492 
1 13.2128 2.43846 
1 10.1014 3.59712 
1 -0.901496 7.45997 
1 1.34595 6.70876 
1 -0.410235 7.36825 
1 -3.20564 6.94763 
1 11.7608 2.98004 
1 11.0061 3.20954 
1 13.4493 2.33421 
1 6.4656 4.84542 
1 13.1154 2.44193 
1 0.642672 6.93993 
1 9.14482 3.89125 
1 6.33323 4.96133 
1 -4.6707 8.12884 
1 13.932 2.19216 
1 7.48655 2.39584 
1 0.362732 6.98742 
1 7.52229 3.88101 
1 5.8343 5.09039 
1 -0.779272 7.48505 
1 15.2229 1.73191 
1 -1.18003 7.56941 
1 -3.03804 6.73608 
1 6.30291 4.957 
1 -4.22532 8.0124 
1 11.3021 3.17765 
1 5.78859 5.08592 
1 5.63519 5.13829 
1 9.99226 3.6347 
1 6.54723 4.88857 
1 10.5624 3.38921 
1 9.77676 3.6752 
1 13.6782 2.27108 
1 4.27386 5.5923 
