1 8.11163 1.52178 
1 -6.1917 2.57917 
1 -3.66327 2.3799 
1 9.00979 1.47482 
1 0.266205 2.03182 
1 -4.04955 2.43076 
1 0.798764 2.02208 
1 -6.00818 2.55704 
1 4.87018 1.75803 
1 -6.91849 2.68646 
1 -7.93987 2.7412 
1 3.31307 1.88273 
1 7.82602 1.52618 
1 -3.94457 2.34843 
1 0.351739 1.88667 
1 -6.02494 2.57472 
1 5.84913 1.65666 
1 0.781283 2.10399 
1 5.44511 1.68035 
1 1.61886 2.03082 
1 -8.14347 2.74157 
1 11.4364 1.23153 
1 0.144423 2.12839 
1 1.32718 2.05795 
1 -2.59694 2.31233 
1 -7.94404 2.72308 
1 -5.79784 2.59813 
1 0.296498 -0.0671102 
1 11.2618 1.23803 
1 4.344 1.78693 
1 -4.69953 2.49415 
1 0.638154 1.16953 
