1 8.11163 1.52178 
1 -4.56448 -5.59751 
1 2.29574 -3.03083 
1 -4.64974 -5.6609 
1 9.00979 1.47482 
1 6.37976 -0.83693 
1 2.60384 -3.80194 
1 -2.98041 -3.78854 
1 4.191 -1.03091 
1 -0.397462 -0.85094 
1 -3.29213 -1.61023 
1 5.36538 -0.905964 
1 -2.95331 -3.79301 
1 -0.865581 -1.39753 
1 -2.81857 -3.63176 
1 -2.79066 -3.5104 
1 -10.3024 -6.18615 
1 2.57572 -3.67973 
1 -0.518145 -0.972201 
1 7.09252 -1.21949 
1 -0.813472 -1.33013 
1 0.303031 -2.61662 
1 -3.69094 -4.64758 
1 -2.83531 -3.64051 
1 -3.03541 -3.83594 
1 3.32207 -1.82369 
1 6.31959 -0.847568 
1 5.07095 -0.937491 
1 -5.12527 -6.25224 
1 -3.93279 -4.9009 
1 4.40522 -0.166938 
1 7.055 -0.783654 
1 -1.78862 -1.50551 
1 -4.82595 -5.8835 
1 1.46812 -0.92538 
1 7.94694 -0.704691 
1 7.8955 -0.721953 
1 1.52537 -1.22533 
1 -5.13812 -6.26471 
1 -4.83298 -5.88453 
