1 -0.568631 5.39401 
1 3.85247 -1.86636 
1 0.492377 3.66851 
1 0.777536 3.18589 
1 3.12299 -0.674344 
1 -2.33522 8.24655 
1 5.07223 -3.81694 
1 -0.531754 5.23964 
1 -2.15273 7.99274 
1 -1.537 6.8943 
1 -1.33686 6.54991 
1 -2.61983 8.69789 
1 5.8641 -5.13038 
1 4.04609 -2.19479 
1 6.59361 -6.33548 
1 -1.85891 7.50653 
1 4.56967 -2.95076 
1 1.79135 1.51525 
1 -1.00219 5.99882 
1 -0.636626 5.44949 
1 5.8738 -5.0804 
1 5.67078 -4.77949 
1 3.41634 -1.17875 
1 -1.82775 7.34348 
1 4.12994 -2.07138 
1 -2.56958 8.6022 
1 -2.47099 8.4147 
1 7.08661 -7.20403 
1 -2.10897 7.85057 
1 -3.0312 9.35396 
1 4.33057 -4.73871 
1 0.905454 3.03304 
1 7.11908 -7.22339 
1 6.48679 -6.19757 
1 5.86768 -5.1676 
1 -0.849745 5.89833 
1 5.79256 -5.03288 
1 6.92129 -6.88113 
1 4.10576 -1.92848 
1 -1.1433 6.36256 
1 4.02883 -0.999932 
1 -0.245923 4.83119 
1 5.61674 -4.71392 
1 0.198546 3.99741 
1 -2.28585 8.03273 
1 -2.33104 8.19811 
1 -2.32062 8.24783 
1 -1.52044 6.82024 
1 2.10082 0.991362 
1 -2.56521 8.58371 
1 4.10809 -2.16112 
1 4.18567 -3.10985 
1 -2.5937 8.63857 
1 4.50708 -2.88067 
1 4.11243 -2.32785 
1 -2.87704 9.02151 
1 1.67321 1.66531 
1 -0.0070301 4.40499 
1 7.03169 -7.02437 
1 3.50916 -1.3883 
1 -3.27758 9.71075 
1 -0.509126 5.26803 
1 2.02714 1.17101 
1 -2.42352 8.31592 
1 -2.02948 7.83402 
1 -1.46645 6.73484 
1 3.41331 -1.1942 
1 4.02674 -2.11732 
1 3.80836 -1.78901 
1 2.7483 -0.128434 
1 -1.88322 7.50118 
1 -2.12043 7.76294 
1 4.21839 -2.4763 
1 5.21347 -4.0656 
1 2.60369 0.185354 
1 4.14663 -2.83954 
1 -2.41341 8.35731 
1 3.16902 -0.659894 
1 -0.221313 4.69152 
1 2.67216 0.0560968 
1 3.33908 -1.00029 
1 6.56744 -6.3164 
1 -0.29433 4.87205 
1 6.71333 -6.43744 
1 1.43342 1.98194 
1 -0.243688 4.86758 
1 6.98087 -6.99291 
1 4.92637 -3.52462 
1 -0.870676 5.84062 
1 4.86806 -3.53771 
1 3.45386 -1.19294 
1 7.13372 -7.18712 
1 3.36549 -1.08536 
1 4.05307 -2.18592 
1 1.8463 1.4181 
1 6.32889 -5.9083 
1 -2.88541 9.13453 
1 6.57449 -6.22805 
1 -0.629169 5.39179 
1 -0.480963 5.27248 
1 -3.21106 9.69824 
1 5.88733 -5.2068 
1 -1.91061 7.54952 
1 3.14217 -0.723526 
1 6.99262 -6.8985 
1 2.22336 0.795789 
1 1.88523 1.32401 
1 -2.85182 9.04767 
1 7.08073 -7.09248 
1 2.78731 -0.121312 
1 4.28815 -2.54822 
1 -1.84265 7.42212 
1 3.98168 -1.07474 
1 4.22502 -2.6191 
1 4.35399 -2.6605 
1 4.00702 -0.552446 
1 3.98365 -0.594954 
1 3.72045 -1.61406 
1 1.17607 2.5241 
1 1.61293 1.77419 
1 0.0757183 4.28049 
1 1.17153 2.57662 
1 0.181028 4.07971 
1 2.85166 -0.255063 
1 3.27462 -0.846092 
1 4.11883 -2.34718 
1 2.34774 0.604462 
1 6.95937 -6.89548 
1 7.11283 -7.17655 
1 -1.1796 6.40251 
1 0.143766 4.16922 
1 -2.60854 8.60914 
1 0.972374 2.87004 
1 6.87008 -6.78445 
1 6.81634 -6.62802 
1 7.02305 -7.03317 
1 6.28488 -5.93373 
1 2.64843 0.13449 
1 1.96047 1.24459 
1 1.10739 2.62488 
1 5.75853 -5.01142 
1 4.01529 -2.09318 
1 6.04687 -5.40877 
1 6.19293 -5.62789 
1 -2.68031 8.72626 
1 2.52365 0.326558 
1 -0.439277 5.22801 
1 -1.8479 7.42324 
1 2.41366 0.521937 
1 -1.14357 6.30652 
1 -2.41576 8.33644 
1 0.407238 3.70845 
1 0.606908 3.3628 
1 0.0326182 4.30921 
1 4.44852 -2.85387 
1 4.3211 -4.47283 
1 6.07248 -5.4876 
1 5.30791 -4.2436 
1 -0.67855 5.43319 
1 -1.4424 6.79597 
1 4.78535 -3.28935 
1 6.13386 -5.58386 
1 6.3472 -5.89775 
1 4.02937 -1.45019 
1 -2.89782 9.10528 
1 7.16947 -7.25449 
