1.58089 2.42232 0.997296 
0.811488 0.137797 0.502225 
0.953423 0.130328 0.0539755 
1.48593 2.76672 1.03616 
0.920556 1.09446 -0.483992 
1.57939 2.51995 1.06127 
1.54236 1.7407 1.49144 
0.59095 1.73628 1.77318 
0.5825 1.78277 1.32997 
1.01461 2.78199 1.041 
1.29149 1.77907 2.02614 
1.01237 1.7866 2.05129 
1.59107 2.18295 1.02023 
0.60688 2.7686 1.56022 
0.964734 0.161709 0.4816 
1.56675 2.73884 1.03482 
0.583916 1.75564 1.01146 
0.583246 2.27124 2.0836 
1.04301 2.76362 0.982698 
1.58964 2.53006 1.96158 
0.576067 2.59149 2.00897 
0.944902 1.79769 0.979217 
0.575969 1.84551 1.06608 
0.100402 0.115772 0.494332 
1.55314 2.74217 1.07422 
1.60203 2.0492 1.0153 
1.42606 2.74901 1.00108 
0.699054 2.77102 2.04886 
0.575961 1.76684 1.51861 
1.59079 1.99525 2.02612 
0.590157 2.69148 2.01466 
0.581783 1.74364 1.94502 
1.57867 1.84693 0.981983 
0.589342 1.97749 2.06507 
0.593682 2.72269 1.98464 
1.19903 2.73969 2.02182 
0.569544 2.10454 2.03128 
1.5737 2.73075 1.71188 
0.595758 2.77609 1.02604 
-0.0596425 0.854199 0.464978 
1.60696 2.53077 1.9707 
1.42112 2.73108 1.02578 
0.585329 1.77693 1.21568 
1.38676 1.80512 1.03048 
0.954574 0.569238 0.505177 
1.58527 2.742 1.15342 
0.552999 1.13708 -0.501359 
2.87277 1.18396 1.39865 
1.59761 1.75364 1.81408 
1.60095 1.87146 0.980019 
1.07246 2.74543 1.00247 
1.27277 1.77132 1.99081 
0.801517 1.13707 0.49093 
1.56646 1.76192 1.40112 
1.03703 1.78208 1.0423 
1.58965 2.328 2.02228 
0.568833 2.00973 2.05538 
0.606435 2.44241 1.97489 
1.19389 2.77639 2.00096 
1.5815 2.21285 2.03071 
0.581995 2.05903 1.03756 
1.56928 2.51545 1.01117 
1.38983 1.76925 0.942054 
0.570399 1.99645 2.02526 
1.33854 1.77448 1.03907 
0.589388 2.53021 2.01021 
0.587334 2.77685 1.49973 
1.58293 1.75011 2.03454 
0.603008 2.72129 0.999021 
0.584286 1.84302 1.01311 
1.57356 2.73561 2.00697 
1.25631 1.76227 1.99798 
1.57579 2.58262 2.07756 
1.14407 2.77787 1.01404 
0.601095 1.78177 1.56903 
1.08863 2.75149 2.01371 
0.597932 1.79673 1.27261 
1.57988 2.4104 2.02679 
0.591035 2.77802 1.55098 
0.986838 1.76596 0.97391 
1.57077 1.76897 1.79765 
0.588816 2.07835 0.99956 
0.58103 1.89119 1.03278 
1.51578 1.77365 1.99133 
0.600573 2.54295 1.95742 
1.60238 2.76791 1.04638 
0.585078 2.75182 1.20313 
1.58175 1.75865 1.9061 
0.581708 2.5322 2.01416 
1.58513 2.2725 2.03515 
-0.0652658 0.108223 0.0710735 
1.32902 1.7867 0.929478 
0.575689 1.77762 1.92729 
0.572383 2.409 2.01806 
0.584286 1.98028 1.01934 
1.58392 2.55789 2.0489 
1.58641 2.75046 1.54384 
0.592397 1.85673 1.00046 
1.59191 2.53757 0.996814 
0.593473 2.77996 1.92644 
0.459119 1.13265 -0.507958 
1.58086 2.7591 1.19686 
1.57933 2.09366 1.02136 
1.10858 2.75894 2.06174 
2.43522 2.21488 0.390173 
0.990073 1.76993 1.0324 
1.58937 1.79144 0.997852 
0.634293 2.76685 0.985963 
0.868208 1.77007 0.99123 
1.61407 1.77448 1.49247 
1.59845 2.7445 1.87007 
1.58681 2.74556 1.54377 
-0.0686947 0.141373 -0.0177851 
1.26982 2.76147 1.01015 
1.59625 2.36599 1.99552 
1.5112 1.77891 1.99067 
-0.0401989 0.120298 0.484114 
-0.0902824 1.14863 0.116262 
1.59851 2.30808 0.947166 
-0.0526856 0.137694 -0.220233 
1.59801 1.78365 1.24938 
0.562299 2.74939 1.34663 
1.59739 1.77458 1.10439 
1.23916 2.76216 2.0191 
1.37331 1.77017 1.9931 
0.571076 1.95314 2.03479 
0.572724 2.50504 2.03824 
0.6026 2.61864 0.972482 
0.585994 2.61629 2.03614 
1.57867 1.75422 1.3815 
0.977739 2.7523 1.0518 
1.32022 2.76739 1.98823 
0.574582 1.97378 1.0035 
1.02315 2.7481 2.00119 
0.95409 0.108816 0.157783 
1.01616 2.78264 1.02395 
1.59812 2.77234 1.54946 
1.58358 2.07026 2.00527 
1.23676 1.7794 1.95608 
0.79387 1.72057 2.01333 
0.605372 1.77643 2.01465 
0.631993 1.75517 2.03609 
1.56801 1.98662 1.05988 
0.593218 1.83505 1.0101 
1.14639 1.76421 1.98209 
1.58745 1.87111 1.99238 
0.591733 1.83514 1.98838 
0.595244 2.46341 0.974752 
0.927734 1.1493 0.29079 
0.589082 2.42133 0.986252 
1.41152 1.76704 1.01418 
0.737165 2.77778 0.97856 
0.602675 2.33576 2.00634 
1.59347 2.77763 1.0381 
1.58578 2.12562 2.00692 
1.17683 2.78196 2.00829 
0.581101 2.7207 1.00981 
1.58638 2.75835 1.91911 
-0.0773099 0.135299 0.291626 
1.57298 1.7372 1.99379 
0.571551 1.91244 2.01678 
0.0158294 0.134952 -0.503429 
1.57978 1.74901 1.41401 
1.36798 2.76104 1.01066 
1.60325 2.77998 1.99791 
-0.0733348 0.910038 0.480226 
0.57416 2.17584 1.99908 
0.790448 2.74574 2.00747 
1.57666 1.76388 1.74444 
1.57951 2.75329 1.88597 
0.797103 2.78576 1.9886 
0.587913 1.7482 1.55661 
1.31832 1.73066 2.05434 
0.602068 1.76437 1.43919 
1.55247 1.77418 1.9784 
1.58147 1.75657 1.44793 
0.579246 1.76704 1.45101 
-0.0538981 0.141945 -0.504083 
1.58917 2.76138 1.91262 
1.58292 2.76901 1.36387 
1.48174 1.76657 1.01832 
1.59475 1.78724 1.45478 
1.41797 2.76642 1.0175 
1.458 2.7661 2.06074 
1.10837 2.74192 2.00738 
1.10282 2.76086 2.01904 
0.569289 2.18675 2.02531 
0.598935 2.57951 2.02271 
1.5813 1.75912 1.10905 
0.586564 1.77691 1.33116 
1.59211 1.78711 1.92495 
1.60243 2.72395 0.982265 
1.44566 2.73991 1.06404 
0.59478 1.959 1.99877 
1.58205 1.74531 1.15382 
1.57621 2.74683 2.05075 
1.59611 2.75056 1.08343 
0.730015 1.11247 0.501607 
1.58362 1.78731 1.60724 
0.586335 2.72617 2.00237 
