1 -1.13425 -8.03752 
1 -0.840847 -7.57534 
1 1.29393 -3.69868 
1 4.63204 2.58091 
1 -0.895844 -7.66134 
1 1.89724 -2.45055 
1 7.25921 7.51324 
1 6.30782 5.73074 
1 -0.262468 -6.50345 
1 6.21245 5.59975 
1 1.3741 -3.50354 
1 6.15121 5.56511 
1 -0.420306 -6.91403 
1 0.381208 -5.30968 
1 6.07584 5.43515 
1 -1.38796 -8.64866 
1 -1.88792 -9.50608 
1 2.63969 -0.990429 
1 2.81284 -0.659276 
1 6.63804 6.45228 
1 6.32261 5.7463 
1 0.869878 -3.67718 
1 2.71791 -0.994109 
1 6.46332 7.65669 
1 1.23673 -3.75748 
1 2.71649 -0.946642 
1 1.44586 -3.32519 
1 2.44446 -1.38673 
1 -0.465211 -6.9167 
1 6.01041 5.22219 
1 -1.61346 -9.07669 
1 4.26161 1.82785 
1 -1.13903 -8.12237 
1 2.71544 -0.470415 
1 7.03141 7.07889 
1 2.94832 -0.572872 
1 2.19354 -2.01724 
1 5.20657 3.72196 
1 1.73537 -2.84133 
1 6.38952 5.93236 
1 3.01942 -0.278191 
1 -0.894059 -7.63916 
1 4.21356 1.7648 
1 -1.15528 -8.20771 
1 3.92791 1.25328 
1 -0.581327 -7.15572 
1 1.67676 -3.0164 
1 -0.897344 -7.75866 
1 3.1844 0.0187144 
1 1.00389 -4.25645 
1 1.82987 -2.46261 
1 7.10814 7.20454 
1 2.90206 -0.741588 
1 6.80856 6.61514 
1 3.62459 0.757345 
1 2.86187 -0.703473 
1 6.92093 6.88112 
1 3.23757 0.0825095 
1 3.16701 -0.313522 
1 3.19184 -0.13878 
1 0.319408 -5.28651 
1 -0.790967 -7.50465 
1 5.70243 4.58145 
1 -1.13366 -8.12564 
1 1.84812 -2.54125 
1 -0.448526 -7.04188 
1 6.69502 6.43897 
1 0.784188 -4.57331 
1 6.8328 6.63413 
1 4.10407 1.73437 
1 3.54721 0.652136 
1 0.421898 -5.26247 
1 0.236062 -5.57752 
1 6.26724 5.61681 
1 6.62069 6.41334 
1 6.04716 5.31291 
1 4.95663 3.2012 
1 -1.60359 -9.05582 
1 -0.0239208 -5.95142 
1 2.09826 -2.1773 
1 7.61635 8.15256 
1 4.67598 2.82788 
