1 -1.50777 -3.25019 
1 -0.978748 -0.607909 
1 1.15901 9.67472 
1 0.00437211 4.15143 
1 -1.82613 -4.7307 
1 -1.5073 -3.21257 
1 -0.271311 2.81021 
1 -2.13858 -6.46366 
1 -1.25057 -1.93789 
1 -0.33167 2.52182 
1 0.334277 5.7239 
1 0.421909 6.0472 
1 -0.0450021 3.83361 
1 -0.369553 2.31871 
1 -0.672076 0.802084 
1 1.07574 9.23294 
1 -1.74727 -4.30602 
1 -2.48867 -8.02676 
1 -2.63757 -8.75786 
1 -2.30751 -7.15962 
1 0.785647 7.90783 
1 -0.536101 1.43785 
1 0.100503 4.60221 
1 -0.69965 0.685123 
1 -1.56856 -3.58355 
1 -1.45766 -2.93266 
1 -1.99376 -5.56123 
1 -1.77345 -4.55147 
1 1.08122 9.36137 
1 0.809286 8.04746 
1 0.316158 5.69941 
1 0.128502 4.71511 
1 -0.715814 0.68188 
1 0.747817 7.7821 
1 1.21504 10.0888 
1 -1.7676 -4.47114 
1 -2.21535 -6.74739 
1 0.960842 8.78426 
1 0.560316 6.91411 
1 0.950623 8.78758 
1 -1.8429 -4.91202 
1 1.30685 10.4948 
1 -2.05857 -5.91534 
1 -1.41127 -2.66491 
1 1.15497 9.64415 
1 -0.892062 -0.268587 
1 -2.38231 -7.56553 
1 -2.45705 -7.94412 
1 -1.6704 -4.06838 
1 -0.387426 2.16576 
1 -1.43587 -2.83979 
1 -1.59968 -3.66442 
1 -1.03241 -1.00985 
1 1.11702 9.61403 
1 -1.8605 -4.89986 
1 -2.29765 -7.06932 
1 -0.483424 1.74068 
1 -0.803283 0.0687494 
1 -2.36655 -7.35406 
1 0.0199006 4.1328 
1 -2.1982 -6.70418 
1 -0.320732 2.47244 
1 -1.63694 -3.87406 
1 -1.78963 -4.69232 
1 -2.47648 -7.95531 
1 -2.53061 -8.16414 
1 -0.872759 -0.166164 
1 0.383935 5.95959 
1 -0.0265665 3.98184 
1 0.724829 7.67481 
1 -0.631806 1.03394 
1 -2.04068 -5.81268 
1 -2.21274 -6.63769 
1 0.960675 8.84764 
1 -0.951379 -0.567506 
1 0.182699 4.92517 
1 0.191656 4.98188 
1 0.18876 4.91665 
1 -0.216892 3.108 
1 -1.9274 -5.29313 
1 -1.83653 -4.86592 
1 -1.7969 -4.58534 
1 -2.11649 -6.20742 
1 -0.935399 -0.477681 
1 0.931417 8.57402 
1 0.175769 4.91293 
1 1.34814 10.7094 
1 -1.39888 -2.80163 
1 -1.23252 -1.90266 
1 -0.6241 1.09632 
1 -1.68373 -4.15219 
1 0.370455 5.84488 
1 -2.14622 -6.39353 
1 -1.86167 -5.17258 
1 -0.292298 2.6422 
1 -0.353483 2.31872 
1 -0.169569 3.17313 
1 0.0547304 4.43349 
1 -0.428476 2.04342 
1 -2.51824 -8.23265 
1 -1.7723 -4.53937 
1 1.31424 10.4199 
1 -1.9984 -5.57294 
1 -1.1739 -1.62662 
1 0.998515 8.9574 
1 -1.54697 -3.44698 
1 -1.20447 -1.79292 
1 -2.13734 -6.29759 
1 -0.447387 1.91595 
1 0.333215 5.68787 
1 -1.91649 -5.21726 
1 0.993033 8.97392 
1 0.466567 6.55346 
1 -1.43861 -2.98169 
1 -1.19252 -1.73073 
1 0.395239 6.02343 
1 -2.42342 -7.82065 
1 -2.56208 -8.34181 
1 -0.95451 -0.505835 
1 -0.140262 3.51001 
1 0.738469 7.66519 
1 -1.2949 -2.32051 
1 -1.72584 -2.24077 
1 -0.643926 0.961839 
1 -1.76362 -4.48672 
1 -2.60412 -8.5989 
1 -1.5803 -3.57407 
1 -2.01332 -5.71546 
1 -2.09083 -5.97027 
1 -1.49965 -3.26405 
1 1.14613 9.64133 
1 0.991957 8.89737 
1 -0.969549 -0.776875 
1 -1.21448 -1.82842 
1 0.0752158 4.47002 
1 -0.424956 2.03737 
1 -2.04501 -5.89447 
1 0.654791 7.29021 
1 -0.144114 3.47114 
1 -1.941 -5.36858 
1 -1.95937 -5.44238 
1 -1.08306 -1.16964 
1 -2.34109 -7.30628 
1 -0.13294 3.34162 
1 -0.595463 1.15163 
1 0.245199 5.29914 
1 -1.4624 -3.00529 
1 -0.355021 2.38863 
1 -0.723222 0.629524 
1 -1.28082 -2.20164 
1 1.25659 10.162 
1 -1.69504 -4.27726 
1 -1.04896 -1.07441 
1 -1.72278 -4.21663 
1 1.15177 9.69098 
1 0.104336 4.55458 
1 -2.05185 -5.89686 
1 -1.12172 -1.36775 
1 1.09228 9.35279 
1 -2.27332 -7.03153 
1 -0.567793 1.25578 
1 0.949505 8.618 
1 -2.60774 -8.64385 
1 -1.34246 -2.48827 
1 -2.66714 -8.8292 
1 -0.434429 1.96521 
1 -1.38705 -2.7068 
1 -0.599142 1.21104 
1 -2.03339 -5.74552 
1 1.34708 10.5755 
1 -1.69043 -4.17577 
1 -0.291555 2.71764 
