1 1.17264 -9.08019 
1 0.64151 -11.118 
1 0.648488 -11.2403 
1 2.12978 -5.40654 
1 3.08266 -1.64627 
1 3.58075 0.236695 
1 2.50174 -3.96017 
1 2.76599 -2.88743 
1 1.47119 -8.0117 
1 2.10027 -5.45678 
1 1.18492 -8.97013 
1 1.71252 -6.937 
1 2.42756 -4.13739 
1 0.769443 -10.6701 
1 2.0239 -5.6331 
1 0.557157 -11.5344 
1 5.01499 5.81676 
1 3.66632 0.682319 
1 3.01165 -1.97957 
1 2.21447 -4.9202 
1 5.21325 6.47048 
1 5.01653 5.88609 
1 2.78753 -2.90344 
1 2.65026 -3.23803 
1 3.57866 0.0886419 
1 6.09308 8.71801 
1 1.73833 -6.89915 
1 0.922234 -10.0896 
1 3.00391 -2.15158 
1 0.801607 -10.6399 
1 1.04856 -9.65202 
1 0.885196 -10.2612 
1 1.85653 -6.51542 
1 2.48523 -3.93481 
1 5.31183 7.13081 
1 2.60366 -3.54689 
1 1.8838 -6.27155 
1 5.09583 6.09481 
1 0.723567 -10.7664 
1 1.98261 -6.02891 
1 3.68686 0.678846 
1 2.75613 -2.83051 
1 1.78791 -6.69854 
1 3.34433 -0.761775 
1 0.412458 -12.1329 
1 0.924359 -10.129 
1 0.468506 -11.7682 
1 1.6546 -7.10699 
1 1.99382 -5.85613 
1 3.38678 -0.500505 
1 4.95993 5.57129 
1 1.97098 -5.89688 
1 4.8522 5.30932 
1 2.84178 -2.64084 
1 3.97691 1.82187 
1 1.27218 -8.77773 
1 4.97164 5.57588 
1 2.3699 -4.3328 
1 1.87436 -6.35534 
1 1.16511 -9.3021 
1 2.5052 -3.88584 
1 4.0168 2.05999 
1 0.596149 -11.3304 
1 1.11431 -9.47371 
1 2.82664 -2.59488 
1 1.86581 -6.49238 
1 5.13165 6.65725 
1 1.25607 -8.67743 
1 1.35325 -8.30759 
1 3.69063 0.622644 
1 2.98055 -2.02571 
1 3.21933 -1.32276 
1 3.00015 -1.9785 
1 1.48104 -7.98772 
1 4.6634 4.5409 
1 2.92504 -2.436 
1 0.772464 -10.7721 
1 1.65429 -7.08229 
1 2.60755 -3.46308 
1 3.1904 -1.18079 
1 1.43957 -8.11169 
1 1.09234 -9.57546 
1 1.99487 -5.93532 
1 3.01832 -1.93992 
1 0.906893 -9.97693 
1 0.846271 -10.3551 
1 2.29367 -6.14541 
1 2.07609 -5.55396 
1 0.69391 -11.0614 
1 2.94752 -2.04277 
1 3.64514 0.49561 
1 2.08641 -5.56392 
1 2.40852 -4.26652 
1 2.48216 -4.08615 
1 2.47098 -3.8949 
