1 4.69067 4.67739 
1 4.73475 4.77146 
1 -9.62399 -5.81882 
1 3.8853 1.39277 
1 2.90982 2.22537 
1 1.48738 1.34224 
1 4.89132 3.52599 
1 3.41658 2.59006 
1 3.57124 2.69041 
1 3.95589 1.72416 
1 -1.0446 -0.282787 
1 0.883068 3.0661 
1 -7.91712 -4.71286 
1 -9.05617 -5.44078 
1 -8.54266 -5.10568 
1 -7.98169 -4.75861 
1 -0.765225 -0.177629 
1 0.173127 0.499752 
1 -8.31713 -5.01119 
1 -4.36204 -2.44196 
1 4.32724 3.29716 
1 -6.17645 -3.54548 
1 3.92099 1.56979 
1 4.51491 3.92949 
1 4.84421 5.0721 
1 -3.44827 -1.80804 
1 -0.559105 -0.336644 
1 2.84553 2.24185 
1 4.11772 2.20426 
1 1.54934 1.38818 
1 -9.43798 -5.73321 
1 2.61921 2.03482 
1 4.56062 3.96068 
1 -4.53804 -2.53438 
1 4.16613 2.43432 
1 -8.15562 -4.89351 
1 5.00689 3.58281 
1 -9.10313 -5.53452 
1 -4.86467 -2.76374 
1 1.3628 1.2864 
1 1.21261 1.1852 
1 4.57561 4.24558 
1 -2.95443 -1.51792 
1 3.83973 1.41305 
1 3.4122 2.55411 
1 4.22866 2.59052 
