-1.07372 -3.01274 -3.01127 
-1.6524 -2.3011 -2.03288 
-1.00452 -3.23907 -2.97666 
-2.04749 -2.93802 -2.98542 
-2.06659 -2.29661 -2.80948 
-1.57633 -2.31461 -2.07916 
-1.07502 -3.30527 -2.31331 
-1.04715 -3.29881 -2.78136 
-1.24755 -2.29949 -3.00485 
-1.24562 -2.29578 -2.00216 
-1.92489 -2.27701 -1.98593 
-1.07149 -3.27152 -3.00875 
-1.04162 -2.39367 -3.0015 
-1.11373 -2.97062 -3.05472 
-2.06519 -3.29668 -2.4782 
-1.0363 -2.94535 -3.01079 
-1.09683 -3.20814 -3.04729 
-2.08218 -3.06892 -2.02936 
-2.07533 -3.30349 -2.79433 
-2.04696 -2.62477 -2.99861 
-1.0392 -3.30709 -2.49708 
-1.11132 -3.0885 -2.06484 
-2.03739 -2.63036 -2.00042 
-1.04007 -2.29006 -2.66304 
-2.04346 -3.29359 -2.05623 
-1.06535 -3.30942 -2.94278 
-1.04127 -3.29671 -2.01982 
-2.05599 -2.63112 -2.03234 
-2.08675 -2.31648 -2.29651 
-1.0434 -3.284 -2.36128 
-2.01748 -2.30869 -2.23339 
-1.08273 -3.29957 -2.03572 
-1.95721 -2.69531 -1.94137 
-1.51631 -3.30337 -2.01155 
-1.01359 -2.63036 -1.99035 
-2.0643 -2.62845 -3.00652 
-1.05503 -2.31698 -3.00757 
-1.46382 -3.30904 -3.00948 
-1.49662 -3.30767 -3.00715 
-2.05398 -3.01325 -3.00549 
-1.63294 -2.27544 -1.98298 
-1.0858 -2.2989 -2.46892 
