-2.08211 -1.26073 0.49089 
-1.58382 -2.80053 -0.879695 
-1.82392 -1.25854 0.977545 
-1.3126 -1.27948 -0.0379452 
-1.09351 -2.83392 -0.761214 
-1.10614 -1.16397 -0.0483047 
-0.280124 -2.8618 -0.533853 
-1.5768 -1.27068 -0.0499877 
0.692619 -2.76549 0.182602 
-1.09699 -0.637868 -0.0223176 
-2.0945 -0.271074 0.225148 
-0.595917 -2.8405 -1.13011 
-1.76103 -1.24217 0.966003 
-1.5982 -1.23673 0.9583 
-2.10657 -1.26033 -0.0121525 
-1.95342 -1.25435 -0.0597133 
-0.568946 -3.60998 -1.7868 
-1.4344 -1.28974 0.965076 
-1.72666 -1.26107 -0.0427801 
-1.00033 -3.79803 -1.77653 
-1.8701 -1.27207 0.959674 
-2.09514 -0.229749 0.417677 
-1.58588 -3.77592 -1.53768 
-1.6141 -2.82542 -1.70004 
-1.09465 -1.10222 0.981693 
-1.6767 -0.244346 -0.0405921 
-1.11326 -2.80453 -1.78081 
-0.573284 -2.83544 -1.19855 
-1.4538 -1.24197 -0.0442944 
-1.09472 -1.25713 0.123274 
-2.09156 -1.2347 0.828998 
-1.53729 -1.24926 0.984655 
-1.11162 -0.592728 0.956292 
-2.09556 -0.237537 0.305124 
-0.809458 -2.77654 -1.77841 
-0.093459 -1.8886 0.206398 
-2.10239 -0.612347 0.966238 
0.727069 -1.83944 0.149874 
-2.08625 -0.890203 0.975176 
-1.55426 -3.35666 -1.77513 
-2.1027 -0.950896 0.962075 
-1.4632 -1.26072 -0.0637958 
-0.625624 -2.839 -0.777524 
-0.555836 -3.80432 -1.7784 
-1.39373 -2.74278 -0.791734 
-1.10063 -0.249295 0.69726 
-1.34956 -3.75926 -0.771941 
-0.289656 -1.93684 0.22362 
-1.8979 -1.26304 0.966687 
-1.48173 -3.77024 -1.7561 
-2.1075 -0.781516 0.958 
-2.09458 -1.14391 -0.0412605 
-1.22403 -1.22692 0.95592 
-2.08838 -1.04769 0.98436 
