1 -8.61544 0.238007 
1 6.36453 1.55538 
1 -2.38799 0.816046 
1 -8.98328 0.215321 
1 3.18666 1.26793 
1 4.093 1.35687 
1 3.51093 1.33533 
1 -5.51217 0.550086 
1 -3.38126 0.692316 
1 0.0807793 0.988124 
1 8.60919 1.73762 
1 5.87908 1.50216 
1 7.20521 1.64802 
1 6.17832 1.51732 
1 0.12633 1.01163 
1 4.56314 1.39633 
1 6.11351 1.54053 
1 4.10779 1.35835 
1 3.40289 1.29666 
1 -2.29571 0.808002 
1 4.98852 1.44483 
1 6.34707 1.55176 
1 -5.37623 0.538633 
1 -0.0806958 1.0167 
1 7.07239 1.63732 
1 1.35241 1.11983 
1 -3.09609 0.723665 
1 1.44162 1.09729 
1 1.90811 1.15789 
1 0.664188 1.06449 
1 -10.9544 0.0720622 
1 -5.09269 0.554995 
1 2.69049 1.2233 
1 -1.00287 0.921287 
1 8.53193 1.74498 
1 -5.23696 0.595357 
1 -7.30041 0.391274 
1 -1.9465 0.82129 
1 -9.7832 0.166842 
1 -7.04403 0.396094 
1 -0.330565 0.965368 
1 0.504719 1.05791 
1 -0.341572 0.973008 
1 -7.1793 0.348351 
1 -3.7667 0.685278 
1 -3.52371 0.696622 
1 -2.5646 0.777673 
1 -10.3774 0.0831493 
1 -1.37887 0.881862 
1 -5.84574 0.519221 
1 -10.338 0.11528 
1 1.9615 1.17373 
1 -2.29852 0.785149 
1 -8.77716 0.239662 
1 -5.1635 0.573468 
1 -6.12194 0.477264 
1 4.40885 1.38832 
1 -5.2986 0.533788 
1 5.15449 1.38728 
1 6.19913 1.5557 
1 -2.18842 0.814391 
1 4.38767 1.40258 
1 6.08067 1.51382 
1 -4.3685 0.617116 
1 -8.3367 0.279216 
1 -2.02422 0.814057 
1 -9.85811 0.174092 
1 -4.76606 0.581257 
1 3.40352 1.28923 
1 -9.16857 0.221494 
1 3.15652 1.28749 
1 6.92886 1.57277 
1 -9.23556 0.231591 
1 -10.5885 0.0976297 
1 -8.61254 0.230807 
1 -6.99008 0.392363 
1 8.52688 1.76085 
1 -9.38349 0.160955 
1 -7.62006 0.336604 
1 -6.51595 0.441913 
1 -6.62192 0.423413 
1 6.70331 1.57436 
1 4.15732 1.34465 
1 1.11955 1.12711 
1 -5.80956 0.492744 
1 -7.57241 0.322994 
1 -1.91534 0.827207 
1 3.36235 1.2672 
1 -6.82871 0.434541 
1 -10.9678 0.0380541 
1 3.41013 1.28899 
1 -9.53173 0.160286 
1 -4.3115 0.635563 
1 4.93695 1.45181 
1 -2.57541 2.28258 
1 4.30202 1.37106 
1 -10.721 0.0693614 
1 2.67765 1.22885 
1 -1.13204 0.867312 
1 -4.03771 0.663706 
1 8.01214 1.70387 
1 -4.85565 0.616231 
1 -7.58979 0.328959 
1 0.906266 1.07887 
1 3.75418 1.32741 
1 -8.79853 0.254214 
1 -10.3409 0.0918599 
1 3.90733 1.33583 
1 -3.22664 0.718532 
1 8.08442 1.67935 
1 -4.84221 0.573126 
1 -0.310541 0.968081 
1 -2.85135 0.790508 
1 8.19998 1.70963 
1 -5.39918 0.551183 
1 -2.8205 0.789735 
1 -6.84247 0.427351 
1 -2.51524 0.785968 
1 -3.2665 0.736337 
1 -3.90285 0.64338 
1 1.43932 1.10746 
1 3.45335 1.32639 
1 -3.01152 0.73797 
1 -10.3723 0.141466 
1 4.95333 1.46179 
1 -7.3354 0.401577 
1 -9.79541 0.20686 
1 3.7287 1.31828 
1 7.18933 1.62197 
1 -8.48889 0.266269 
1 -0.648438 0.939191 
1 5.96922 1.53491 
1 -9.2909 0.209159 
1 3.36151 1.2821 
1 -10.1108 0.111529 
1 -7.03618 0.382101 
1 -2.82101 0.786255 
1 -6.52298 0.431544 
1 -9.81962 0.141004 
1 -3.61019 0.669428 
1 0.87604 1.07866 
1 1.68755 1.14367 
1 -8.45419 0.269782 
1 2.4473 1.21285 
1 -1.83038 0.839361 
1 0.351042 1.02586 
1 5.23541 1.45455 
1 -1.41261 0.889148 
1 -0.547823 0.962193 
1 -3.99176 0.647293 
1 6.70311 1.58864 
1 4.70003 1.37171 
1 -1.17143 0.890338 
1 -7.49978 0.381179 
1 2.09451 1.18156 
1 -3.0747 0.757219 
1 -0.435238 0.977561 
1 0.405597 1.0572 
1 -0.997572 0.902961 
1 6.75523 1.57565 
1 6.09231 1.52881 
1 -1.3052 0.910716 
1 -5.9858 0.472225 
1 -3.69455 0.696294 
1 -1.19275 0.901394 
1 -6.08801 0.484102 
1 -10.6151 0.11991 
1 -9.96776 0.142796 
1 3.42883 1.29629 
1 -7.92465 0.31194 
1 -7.8778 0.328556 
1 -9.42096 0.19137 
1 6.30998 1.5423 
1 5.96149 1.53772 
1 2.93612 1.26545 
1 3.3934 1.30254 
1 -1.8875 0.836222 
1 -7.10742 0.38538 
1 8.58779 1.74617 
1 -9.72983 0.137125 
1 3.79634 1.3316 
1 -7.18401 0.377296 
1 3.20093 1.25534 
1 5.27211 1.45415 
1 -4.22379 0.637645 
1 4.14614 1.37608 
1 -11.034 0.0600059 
1 -10.8194 0.0742523 
1 -1.20603 0.888979 
1 -2.62167 0.797149 
1 7.51973 1.63304 
1 -8.00374 0.310477 
1 -1.43723 0.888537 
1 -1.57578 0.843573 
1 -5.90781 0.480661 
1 -3.34228 0.711164 
1 3.30211 1.27704 
1 5.63088 1.46944 
1 7.53367 1.65052 
