1 1.26846 1.59348 
1 1.79167 0.941667 
1 -0.326824 2.98059 
1 7.8567 -6.84518 
1 1.41322 1.36999 
1 4.08478 -2.05797 
1 -1.78092 5.59909 
1 0.750016 2.20307 
1 6.19379 -4.7161 
1 8.42881 -7.53187 
1 2.77451 -0.3567 
1 5.03421 -3.16482 
1 -1.95984 5.94185 
1 5.46294 -3.82046 
1 1.48614 -0.341672 
1 -0.464995 3.23794 
1 3.93014 -1.80667 
1 0.27281 1.85972 
1 -2.06381 5.79133 
1 1.33152 1.42146 
1 -2.32143 6.16095 
1 5.19322 -3.376 
1 3.59338 -1.35486 
1 3.54428 -1.31974 
1 -0.641427 3.53099 
1 3.04981 -0.653402 
1 0.88118 0.832597 
1 1.25878 1.55181 
1 6.84191 -5.52721 
1 7.133 -5.95466 
1 0.835792 2.17713 
1 3.64825 -1.5154 
1 -2.65295 7.1479 
1 -0.295253 2.9145 
1 -0.529253 3.32567 
1 2.30352 0.295132 
1 4.56994 -2.68323 
1 2.59243 -0.0638361 
1 0.166891 2.07307 
1 7.49749 -6.38065 
1 4.46307 -2.59071 
