1 0.735622 2.18029 
1 4.06753 -4.99088 
1 3.16531 -3.36747 
1 6.39167 -9.19876 
1 -1.24184 4.59258 
1 1.81067 -0.882374 
1 5.39416 -7.38379 
1 3.61541 -4.18202 
1 5.51894 -7.61956 
1 -2.9243 7.66713 
1 6.57532 -9.47291 
1 -0.396642 3.057 
1 4.06274 -4.98229 
1 4.30846 -5.42061 
1 4.76255 -6.25934 
1 -0.207486 2.7582 
1 2.60247 -2.30468 
1 6.30036 -9.01988 
1 2.24045 -1.67699 
1 5.43939 -7.45466 
1 0.49036 1.53213 
1 -1.27024 4.65849 
1 3.09053 -3.21364 
1 0.768568 0.967254 
1 -1.29614 4.69512 
1 -2.54434 6.93732 
1 -0.775999 3.79238 
1 0.19698 1.98592 
1 -2.59974 7.07465 
1 5.90139 -8.31776 
1 3.96927 -4.94738 
1 3.38337 -3.74622 
1 -0.840907 3.89974 
1 6.48056 -9.34627 
1 5.31713 -7.27398 
1 3.72357 -4.34684 
1 5.43136 -7.45701 
1 3.06307 -3.1755 
1 1.28603 0.0469503 
1 2.05224 -1.33505 
1 3.84737 -4.53554 
1 3.78823 -4.51329 
1 4.97216 -6.61623 
1 0.951946 0.614567 
1 3.28599 -3.58037 
1 2.44837 -2.07304 
1 -2.46751 6.88634 
1 3.43003 -3.82904 
1 4.27641 -5.35565 
1 4.17736 -5.17281 
1 4.57279 -5.90794 
1 2.77271 -2.63795 
1 0.227363 2.89629 
1 -2.41094 6.72795 
1 -0.331457 2.96086 
1 6.59887 -9.54226 
1 2.2234 -1.69393 
1 3.29832 -3.59662 
1 3.87465 -4.64469 
1 -2.42167 6.72852 
1 4.83531 -6.34399 
1 2.51939 -2.18758 
1 1.39856 -0.136754 
1 5.94016 -8.39904 
1 4.20395 -5.24926 
1 -2.73912 7.31459 
1 -2.55564 6.39783 
1 4.26848 -5.32559 
1 0.450215 1.54277 
1 3.97156 -4.80938 
1 -2.31528 6.5564 
1 -1.29456 4.67849 
1 0.491595 1.48109 
1 -2.70677 7.30532 
1 -2.4475 6.82254 
1 -0.908822 4.48867 
1 -2.43621 6.81495 
1 -2.36801 6.65094 
1 1.00612 0.543861 
1 1.80545 -0.890347 
1 5.75527 -8.00003 
1 0.176876 2.08958 
1 0.514397 1.42914 
1 -0.76263 3.74259 
1 -1.95288 5.91291 
1 -2.83728 6.80431 
1 2.46135 -2.10505 
1 4.32073 -5.43283 
1 -1.38109 4.88056 
1 6.49662 -9.38001 
1 5.8256 -8.20813 
1 -1.97742 5.93224 
1 1.70828 -0.704999 
1 0.171112 2.06132 
1 1.40635 -0.193819 
1 -1.7098 5.45557 
1 4.6972 -6.14969 
1 3.75216 -4.39812 
1 -1.49214 5.13259 
1 4.06855 -4.99235 
1 -0.0900918 2.54696 
1 4.80426 -6.3024 
1 6.25661 -8.94832 
1 5.90085 -8.30495 
1 6.50501 -9.34786 
1 -0.317998 2.95347 
1 0.639505 1.25767 
1 -0.188784 2.6968 
1 3.47279 -3.94989 
1 -1.07535 4.32788 
1 5.63357 -7.83048 
1 2.22903 -1.65083 
1 -1.01749 4.20987 
1 3.56775 -4.13159 
1 1.22323 0.119449 
1 -0.674348 3.62557 
1 3.55944 -4.06528 
1 1.37749 -0.130633 
1 2.35128 -1.8776 
1 6.44386 -9.23769 
1 -2.23382 6.45157 
1 3.34557 -3.64936 
1 -0.944274 4.05636 
1 3.32385 -3.66151 
1 5.7524 -8.05787 
1 1.43943 -0.262495 
1 3.84746 -4.58181 
1 -2.08782 6.13598 
1 -2.0612 6.10892 
1 3.67173 -4.30631 
1 -1.19645 4.57493 
1 4.67998 -6.11842 
1 6.16111 -8.81148 
1 5.27126 -7.16374 
1 2.90027 -2.87976 
1 1.58518 -0.490776 
1 5.04582 -6.72991 
1 1.62084 -0.580498 
1 -2.87709 7.6266 
1 5.38862 -7.37669 
1 -1.70804 5.4777 
1 0.766759 0.98935 
1 0.901186 0.72854 
1 4.78427 -6.29359 
1 2.51196 -2.1571 
1 4.63632 -6.00318 
1 0.839082 0.860414 
1 6.20135 -8.85131 
1 6.21487 -8.88233 
1 -2.0874 6.13907 
1 -1.82522 5.70038 
