1 0.735622 2.18029 
1 1.79167 0.941667 
1 -0.326824 2.98059 
1 -1.24184 4.59258 
1 7.8567 -6.84518 
1 1.41322 1.36999 
1 -0.396642 3.057 
1 4.08478 -2.05797 
1 0.750016 2.20307 
1 -1.27024 4.65849 
1 0.768568 0.967254 
1 -0.775999 3.79238 
1 6.19379 -4.7161 
1 8.42881 -7.53187 
1 2.77451 -0.3567 
1 5.03421 -3.16482 
1 3.78823 -4.51329 
1 1.00342 2.77516 
1 -1.95984 5.94185 
1 -2.41094 6.72795 
1 -0.331457 2.96086 
1 5.46294 -3.82046 
1 -2.31528 6.5564 
1 1.00612 0.543861 
1 3.93014 -1.80667 
1 0.27281 1.85972 
1 1.40635 -0.193819 
1 1.33152 1.42146 
1 -1.7098 5.45557 
1 5.19322 -3.376 
1 3.59338 -1.35486 
1 3.54428 -1.31974 
1 3.04981 -0.653402 
1 0.88118 0.832597 
1 -0.317998 2.95347 
1 6.84191 -5.52721 
1 7.133 -5.95466 
1 3.64825 -1.5154 
1 2.30352 0.295132 
1 4.56994 -2.68323 
1 0.166891 2.07307 
1 7.49749 -6.38065 
1 4.46307 -2.59071 
