1 -0.716844 -0.386089 
1 -7.90073 -0.957796 
1 -5.04047 -0.738491 
1 -11.5008 -1.15314 
1 -4.79859 -0.745896 
1 2.44988 -0.223928 
1 -12.4003 -1.25695 
1 -1.17909 -0.409582 
1 -11.3071 -1.19035 
1 -11.0937 -1.11208 
1 -4.44271 -0.679704 
1 2.13968 -0.212799 
1 -11.9282 -1.22998 
1 1.90182 -0.268155 
1 2.95516 -0.154668 
1 4.60133 -0.0465181 
1 -0.219519 -0.666302 
1 -2.23071 -0.548594 
1 -8.35032 -0.951598 
1 -11.7261 -1.12805 
1 -0.237922 -0.767606 
1 0.537331 -0.308351 
1 1.58077 -0.268241 
1 5.40022 -0.0169139 
1 -0.683719 -0.495223 
1 -9.6655 -1.07444 
1 -1.42338 -0.442444 
1 -4.77993 -0.688386 
1 -3.44122 -0.522033 
1 -5.10927 -0.650622 
1 -3.18811 -0.622727 
1 6.07615 0.0464532 
1 1.09498 -0.319208 
1 -10.5942 -1.12108 
1 -4.99181 -0.721481 
1 -3.41462 -0.628097 
1 0.41499 -0.387138 
1 -12.0562 -1.21328 
1 -6.31423 -0.826545 
1 -2.31906 -0.599739 
1 3.37321 -0.134798 
1 -2.51715 -0.60751 
1 -2.74475 -0.537804 
1 -12.0646 -1.22244 
1 -12.5598 -1.17371 
1 -8.44869 -0.902047 
1 2.18054 -0.195906 
1 -0.173004 0.665104 
1 3.84693 -0.113049 
1 -0.238129 -0.309084 
1 -4.74459 -0.728185 
1 0.925782 -0.264485 
1 -5.21657 -0.760495 
1 -2.7061 -0.61406 
1 -4.47757 -0.706607 
1 -0.778429 -0.425972 
1 -2.27246 -0.594853 
1 -6.17132 -0.682634 
1 -9.99645 -1.05455 
1 -2.07325 -0.465661 
1 -5.56088 -0.759058 
1 6.28156 0.0626385 
1 -0.149591 0.953003 
1 0.778075 0.820339 
1 5.60227 0.01515 
1 4.88638 -0.0561159 
1 -2.90102 -0.597985 
1 -1.50856 -0.469809 
1 -5.52569 -0.705945 
1 -1.79285 0.471647 
1 2.40305 -1.40312 
1 -4.71746 -0.687265 
1 -10.195 -1.02911 
1 -3.22787 -0.608242 
1 -0.190877 0.238421 
1 0.231714 -0.395724 
1 -10.3491 -1.1506 
1 -0.268603 -1.48071 
1 -5.79323 -0.772534 
1 -3.55468 -0.619356 
1 -7.9821 -1.00617 
1 -10.2692 -1.07336 
1 -0.47663 -0.365688 
1 3.66586 -0.153812 
1 -2.29849 -0.489541 
1 -7.19061 -0.866218 
1 1.68876 -0.26369 
1 5.56223 0.0299999 
1 -13.0223 -1.21026 
1 -5.76748 -0.770022 
1 -0.225245 -1.37035 
1 -6.82524 -0.783419 
1 -11.5636 -1.16248 
1 1.45074 -0.271707 
1 4.11091 -0.0289075 
1 -13.0225 -1.26388 
1 -2.90859 -0.62132 
1 -12.5329 -1.26343 
1 -5.0504 -0.700105 
1 -9.99195 -1.02594 
1 0.745876 0.807268 
1 0.8915 -0.36477 
1 0.778126 -0.27243 
1 -5.89455 -0.742913 
1 -10.528 -1.17016 
1 -13.3222 -1.33334 
1 -5.49427 -0.708321 
1 1.85455 -0.283804 
1 -12.4396 -1.26331 
1 -9.03683 -0.958396 
1 6.41418 0.0968752 
1 4.10073 -0.092598 
1 -11.7679 -1.17021 
1 -0.134367 -0.451441 
1 -3.83479 -0.652316 
1 -13.2826 -1.19593 
1 -11.6907 -1.21207 
1 4.98563 -0.0178023 
1 -4.49004 -0.630087 
1 -0.071402 -0.340533 
1 -10.9403 -1.16455 
1 -6.881 -0.862551 
1 -1.12028 -0.34171 
1 6.07255 0.0199597 
1 -6.88727 -0.86295 
1 -2.90286 -0.607199 
1 5.98639 0.101185 
1 0.615187 -0.248476 
1 -1.54851 -0.47073 
1 5.03254 0.00410987 
1 5.35029 0.0720269 
1 4.97566 -0.0335429 
1 2.81965 -0.218096 
1 -0.228141 -0.316081 
1 -10.8915 -1.18788 
1 -5.22926 -0.777962 
1 -10.6464 -1.14545 
1 -6.22037 -0.77226 
1 2.80208 -0.145243 
1 4.39828 -0.0844451 
1 -5.67737 -0.773788 
1 -10.6928 -1.12331 
1 -9.25818 -1.00958 
1 -9.95753 -1.04367 
1 -5.81782 -0.776188 
1 -0.194549 0.513115 
1 1.48105 -0.300477 
1 -0.189139 -0.352323 
1 -0.168847 0.593643 
1 -1.0855 -0.442349 
1 -3.02139 -0.591594 
1 -2.17094 -0.539078 
1 4.86769 -0.0338983 
1 -8.24979 -0.922854 
