1 -0.211445 -1.56902 
1 -0.204018 -1.7343 
1 -0.174164 -6.01761 
1 -0.214922 -2.29265 
1 -0.2373 -2.01897 
1 -0.170118 -5.62815 
1 -0.174135 -3.65976 
1 -0.190782 -1.80373 
1 -0.212271 -4.76621 
1 -0.232599 -1.93249 
1 -0.1535 -6.25685 
1 -0.145156 -6.8529 
1 -0.242746 -2.16876 
1 -0.178781 -4.56002 
1 -0.201369 -4.0959 
1 -0.152884 -7.20906 
1 -0.158586 -6.57576 
1 -0.186615 -6.98127 
1 -0.193614 -2.21098 
1 -0.161035 -7.6597 
1 -0.177833 -6.20675 
1 -0.156636 -6.75286 
1 -0.212125 -1.97123 
1 -0.208233 -5.74768 
1 -0.204567 -4.40917 
1 -0.206337 -4.64518 
1 -0.220221 -1.40308 
