1 3.04983 2.37289 
1 -0.268559 1.50618 
1 4.19432 2.66267 
1 -10.108 -1.07519 
1 -2.28065 0.982548 
1 -2.01472 1.05154 
1 -0.251251 2.66641 
1 2.81788 2.31415 
1 -5.02371 0.260037 
1 -5.03997 0.253348 
1 -0.229811 2.3279 
1 -0.286986 1.49299 
1 -9.12908 -0.811627 
1 -6.81514 -0.202159 
1 -2.73217 0.879066 
1 2.69986 2.28632 
1 -11.1761 -1.33773 
1 1.84605 2.06287 
1 0.635895 1.73883 
1 -0.227603 1.48724 
1 -0.225363 0.344175 
1 -5.07989 0.254619 
1 -9.27507 -0.840187 
1 -0.251361 3.41799 
1 -8.78286 -0.727036 
1 5.52222 3.02707 
1 -0.00217149 1.56944 
1 -0.209778 0.705894 
1 4.20766 2.67931 
1 -6.01851 0.00219286 
1 1.85111 2.05861 
1 -6.29094 -0.0698735 
1 -0.226124 0.42496 
1 -6.06539 -0.00688908 
1 1.68819 2.01036 
1 -2.73376 0.856196 
1 1.17478 1.88626 
1 -0.203778 1.75885 
1 -10.0777 -1.04564 
1 -4.79265 0.323844 
1 -0.920684 1.32816 
1 -3.97269 0.533741 
1 0.290484 1.65336 
1 -5.15117 0.224613 
1 -9.69587 -0.96028 
1 -0.244192 2.8476 
1 -9.58899 -0.932478 
1 -1.52337 1.18003 
1 5.33431 2.97186 
1 -5.17248 0.217124 
1 -3.97918 0.521734 
1 5.63771 3.05187 
1 -4.66615 0.345331 
1 7.05417 3.4262 
1 -1.78336 1.1122 
1 -11.1042 -1.33303 
1 -9.73651 -0.962926 
1 -2.20197 1.00351 
1 -0.568371 1.44689 
1 0.608986 1.73875 
1 -8.41067 -0.618072 
1 -5.05166 0.242041 
1 -0.286481 3.05823 
1 -0.253071 3.92311 
1 -0.363994 1.49588 
1 -3.44542 0.671449 
1 -3.47812 0.668359 
1 -3.80918 0.583949 
1 -6.76437 -0.184906 
1 -10.1018 -1.06929 
1 3.48299 2.49151 
1 7.40575 3.51871 
1 -9.80721 -0.986121 
1 3.75311 2.55936 
1 -3.50681 0.659649 
1 -9.84754 -1.0037 
1 -5.34667 0.185484 
1 1.08508 1.84281 
1 -0.2815 4.06418 
1 4.65101 2.78684 
1 -4.54571 0.386038 
1 3.34891 2.44314 
1 -1.10253 1.28147 
1 -6.66223 -0.165527 
1 -10.2124 -1.09367 
1 6.2303 3.21151 
1 4.6813 2.80147 
1 -2.08694 1.02619 
1 -9.64663 -0.951367 
1 3.02057 2.35683 
1 -5.96901 0.00364942 
1 0.918547 1.80306 
1 1.72734 2.01376 
1 0.383425 1.69174 
1 1.40379 1.95381 
1 -0.219886 2.89959 
1 7.1922 3.44741 
1 -3.43045 0.680399 
1 7.10078 3.42911 
1 3.75473 4.58917 
1 0.893801 1.81525 
1 4.62084 2.78121 
1 7.31923 3.49508 
1 7.55872 3.55557 
1 0.955941 1.81725 
1 -4.85623 0.31803 
1 3.65294 2.51903 
1 -3.91226 0.5439 
1 0.601704 1.7276 
1 1.49826 1.97889 
1 -4.35724 0.442646 
1 -9.64081 -0.951751 
1 -4.9357 0.274931 
1 -1.7745 1.11296 
1 2.80007 2.32838 
1 -8.3962 -0.625694 
1 -0.107552 1.54879 
1 1.16192 1.86434 
1 -7.59011 -0.416214 
1 -0.225701 1.1784 
1 2.32464 2.18096 
1 -2.32102 0.968431 
1 -10.9878 -1.30588 
1 -0.23064 1.9639 
1 4.31008 2.71053 
1 -2.85871 0.830972 
1 -11.437 -1.41053 
1 6.72561 3.33896 
1 -3.37643 0.678438 
1 3.95164 2.60509 
1 -0.233263 3.87416 
1 -0.220311 2.2869 
1 4.56161 2.77408 
1 -8.77595 -0.72264 
1 -10.482 -1.18645 
1 -11.0833 -1.33298 
1 5.0682 2.91014 
1 -2.97668 0.789633 
1 -9.68338 -0.954752 
