1 -1.11064 -1.8667 
1 -2.85714 -0.306895 
1 -4.05522 -1.8897 
1 1.29393 -3.69868 
1 -0.895016 -2.24718 
1 -7.31219 3.52644 
1 -5.73397 2.2902 
1 0.0866582 -3.05123 
1 -2.01244 -1.16031 
1 2.2605 -4.90763 
1 1.3741 -3.50354 
1 -1.83993 2.29498 
1 -1.02144 -1.9525 
1 3.85684 -6.24206 
1 0.381208 -5.30968 
1 4.49361 -6.81432 
1 -8.54445 4.72691 
1 -1.16554 -1.8866 
1 0.194794 -0.933919 
1 -2.77038 -2.79143 
1 5.76624 -7.82399 
1 -3.57655 0.742307 
1 1.80758 -4.40693 
1 -7.79263 3.97301 
1 2.96415 -5.50451 
1 -5.01991 1.54761 
1 -1.27892 -1.71305 
1 3.56391 -5.98232 
1 -3.63072 3.18464 
1 -2.17937 0.508952 
1 -0.762697 -2.14323 
1 -6.938 3.36461 
1 -7.28299 3.5282 
1 -5.32962 3.40688 
1 1.73537 -2.84133 
1 -5.41421 1.92206 
1 -1.32458 -1.73826 
1 -6.63524 1.88229 
1 1.81317 -4.97182 
1 -7.67648 3.99759 
1 3.02555 -5.56771 
1 2.15479 -7.984 
1 -2.40417 -0.725604 
1 5.06993 -7.26403 
1 -8.15792 4.32287 
1 -6.29073 2.71981 
1 -5.67029 2.07633 
1 -3.84262 0.437737 
1 2.5949 -5.15604 
1 -2.99927 -3.95649 
1 1.67676 -3.0164 
1 -4.05521 0.748857 
1 2.47227 -4.99713 
1 1.00389 -4.25645 
1 -3.64709 0.400999 
1 -1.69219 -1.45377 
1 -5.14181 1.58195 
1 -3.20403 -0.0939324 
1 -7.59618 3.94411 
1 1.57428 -4.53427 
1 3.58361 -5.99601 
1 0.173458 -3.09556 
1 -5.30078 0.511912 
1 -1.90899 -1.12271 
1 -0.420617 -2.40377 
1 -0.242596 -2.69124 
1 -2.94421 -0.222958 
1 -0.415716 -2.40854 
1 -0.419535 -4.08244 
1 -0.0103014 -2.38758 
1 -5.84463 2.26969 
1 -0.756685 -2.12466 
1 -4.4565 0.985981 
1 2.53589 -5.06858 
1 -1.9019 -1.23009 
1 -2.91498 -3.46205 
1 -3.81767 0.431363 
1 0.94596 -2.87473 
1 -2.48174 -1.16262 
1 -8.06942 4.20189 
1 1.90848 -4.52254 
1 3.75527 -2.77665 
1 -1.59947 -2.19117 
