-0.273904 0.32574 -0.912187 
-0.245275 -0.692632 0.0660634 
0.338662 -0.193577 -0.92608 
-2.95131 -1.10559 0.414901 
0.322304 0.2573 -0.885513 
0.309297 -0.272188 -0.94933 
-0.639689 -0.653434 -0.0154745 
0.344325 0.105945 0.073856 
1.24676 -0.461145 -0.80286 
-2.99251 -1.49997 -0.202352 
0.312361 -0.101928 0.0631216 
-0.64069 0.3228 -0.0462046 
-0.66625 0.325287 -0.541014 
0.267355 0.239114 -0.857993 
-0.659884 -0.487056 -0.917769 
-0.678189 0.311349 -0.358052 
-0.684764 0.275995 -0.894352 
-0.178991 0.275851 0.0695187 
0.33135 0.180092 0.0813294 
0.0745606 0.251128 0.0388864 
0.340108 -0.141856 0.0752114 
-0.642937 -0.671833 -0.667693 
1.21318 -0.44078 -1.0275 
0.173079 -0.729996 0.076031 
0.293695 -0.777256 -0.0632573 
-2.72869 -1.10079 -0.195285 
0.295842 -0.271246 0.0670747 
0.0664046 0.268417 0.0527446 
-0.639403 0.31367 -0.266672 
-0.624285 -0.676366 -0.382802 
0.328683 -0.0657191 -0.930732 
-0.0609627 0.346829 0.0681963 
-0.344564 0.332563 0.0787757 
-0.574802 -0.52937 0.128925 
0.391712 -0.315561 0.0983865 
0.332486 -0.67426 0.0257266 
-0.21558 0.311561 -0.918384 
0.520655 0.548025 -1.44384 
-1.97751 -2.01915 -0.176506 
-0.655608 -0.661336 -0.0349608 
0.353855 0.354028 -0.656 
-2.99447 -2.0934 0.689319 
-0.684671 0.0312384 -0.944957 
1.25675 -0.369946 2.85571 
-0.7079 0.131513 0.0659098 
0.150394 0.318672 -0.911867 
-0.662045 -0.163764 -0.925614 
0.326027 -0.26652 0.0745003 
1.22373 -0.37208 3.81722 
-0.663658 0.073066 0.101279 
-0.690583 -0.699654 -0.745371 
-3.03431 -2.08087 0.725889 
-0.672454 0.268685 -0.376242 
0.314708 0.29635 0.0653015 
1.25023 0.482388 -0.472239 
0.324555 -0.70944 -0.300829 
-0.00135294 -0.684341 0.0601576 
-0.487105 0.251855 -0.931633 
0.33022 -0.406706 0.0624764 
1.2284 -0.450926 -0.896652 
0.227504 -0.444228 -0.789576 
-0.457197 0.252789 -0.967602 
-0.665115 -0.763773 -0.936046 
-0.242744 0.263733 0.0492018 
-0.672231 0.296169 -0.174088 
0.307714 0.226437 -0.938213 
-0.765351 -0.507076 0.0344343 
-0.65137 0.321933 0.0799866 
0.331889 -0.293939 -0.927595 
-0.725359 -0.744673 -0.0849758 
-0.210618 -0.689551 -0.926057 
0.219366 0.556365 -0.901726 
0.335982 -0.673986 -0.865211 
0.240438 0.363127 0.0759394 
0.324919 0.319819 -0.0716075 
-0.643041 -0.656524 -0.261589 
-0.65349 -0.678259 -0.198751 
0.340691 -0.332978 -0.928282 
0.209148 -0.66779 -0.924944 
-0.663667 0.0444319 -0.919458 
1.20596 -0.441795 -0.620822 
-0.662122 0.127579 -0.917346 
-0.650022 -0.381041 0.0741582 
0.287984 -0.253117 -0.939133 
0.319869 -0.0162014 -0.95063 
-0.667185 0.289684 0.0994207 
0.258445 0.0237882 -1.4599 
0.143342 -0.704142 0.100507 
-0.000407653 0.324417 -0.926237 
-0.0321125 0.330996 0.0559174 
0.296221 0.315412 0.0981693 
0.339432 -0.255586 -0.937832 
-0.678282 -0.163373 -0.93882 
1.65717 1.25293 1.96812 
-0.479106 0.319222 0.0615339 
-0.688383 -0.747647 -0.66511 
0.64919 -0.385422 2.87073 
-0.333979 0.30277 0.0813129 
0.340073 -0.0680614 0.0926186 
-2.6543 -1.0924 -0.200471 
-0.169984 -0.724037 0.0568426 
-0.671408 -0.652581 -0.0309865 
0.331524 0.102037 -0.920823 
0.376141 -0.378363 3.26041 
-0.66596 -0.683955 0.0517402 
0.305118 0.285855 -0.661854 
0.337712 0.301108 0.0818712 
-0.64456 0.354989 -0.488104 
0.363705 0.159344 -0.90759 
0.293061 -0.397608 -0.946607 
-0.667225 0.119891 0.0652541 
0.190051 0.301426 -0.915269 
-3.03412 -2.09475 0.559772 
0.282605 -0.713859 0.0402218 
0.297116 -0.476402 -0.935798 
0.340967 -0.572641 0.0648506 
0.308154 -0.567049 0.0582279 
-0.289145 0.274886 0.0678948 
-0.179266 0.309473 0.0517 
-0.683013 0.253478 -0.174003 
0.29001 -0.542232 -0.952516 
-0.668579 -0.340459 -0.904411 
0.345034 -0.665923 -0.414724 
0.0574429 -0.708485 0.0575428 
-0.642488 0.293215 0.0752384 
0.285176 0.316537 -0.913686 
-0.41585 -0.725981 0.0744841 
-0.674837 0.284049 -0.930179 
-2.64109 -2.06164 0.784962 
-0.713868 -0.724536 0.00314347 
0.350156 0.353653 -0.409188 
1.0422 -0.350408 2.84249 
-0.574143 0.277856 -0.912197 
-0.643729 -0.537578 0.0832062 
-0.704921 -0.430647 -0.956719 
0.304777 -0.513069 -0.93069 
-0.441149 -0.704273 0.0620809 
0.3448 0.34807 -0.125641 
-0.695259 -0.343836 0.0612855 
-0.0614609 -0.689 0.0622816 
-0.706914 -0.715577 -0.122505 
-0.458848 0.334338 0.072785 
1.00285 0.53218 -0.445985 
-0.663688 -0.0491813 0.0820644 
-0.685516 -0.693568 -0.857554 
1.13347 -1.3773 3.84956 
1.11335 0.558044 -0.435864 
0.292302 -0.732046 -0.618206 
-0.319017 -0.69323 -0.911731 
0.337789 -0.474372 0.0666752 
-0.579004 -0.648972 0.0904824 
0.293216 -0.725731 -0.0960421 
0.312451 -0.236203 0.0815425 
-0.674108 -0.433863 0.0737286 
-0.16196 -0.410738 -0.40184 
-0.69706 -0.739264 -0.710581 
0.319521 0.311219 -0.352716 
0.375547 -0.624582 -0.895953 
0.220954 -0.450118 -0.431311 
0.288219 -0.395166 0.068544 
0.384821 -0.67278 -0.598526 
0.274801 -0.179286 0.0442011 
-2.35922 -2.08048 -0.216663 
0.211609 0.319597 0.0832012 
1.2298 0.565994 -1.0383 
-0.654553 -0.62624 -0.91139 
1.05562 0.536203 -1.45505 
0.877958 1.96789 1.98521 
0.356307 -0.668523 -0.612341 
0.130825 0.282191 0.0875629 
0.150614 0.299684 -0.937692 
-0.696053 0.266973 -0.734002 
0.317797 0.136056 -0.911325 
0.347426 0.0858606 0.0864995 
-0.667397 -0.305679 0.0771516 
-0.67681 -0.718291 -0.189571 
0.333911 0.333324 -0.550794 
-0.658785 -0.00629046 -0.932324 
-0.70689 -0.213275 -0.945442 
1.25877 -0.350634 2.84591 
-0.153204 0.31696 -0.921881 
-3.00024 -1.08736 0.731748 
0.388346 0.22019 -0.889365 
-0.648481 0.344519 -0.589617 
0.335613 -0.702282 -0.631601 
0.284416 -0.440525 0.0621514 
-0.655256 -0.660915 -0.26137 
-0.672685 0.297616 -0.0963428 
0.208981 0.310201 -0.926748 
-0.408737 -0.687092 -0.911091 
-0.687822 0.302503 -0.604026 
-2.12901 -1.09582 -0.199382 
-0.106875 0.271867 0.0678444 
-0.671138 0.315993 -0.262291 
0.326676 -0.7062 -0.655246 
-0.681082 -0.39551 -0.941323 
-0.673305 -0.297918 0.0752119 
-0.52317 0.391848 0.0955396 
0.332579 -1.36382 3.75059 
-0.232706 -0.72525 -0.930592 
