-0.83683	0.035608	-1.97056	 0
-0.810181	0.0885827	-0.951978	 0
-0.863571	0.187741	-0.968445	 0
-0.854343	0.608583	-1.32933	 0
-0.846585	0.510042	-1.05204	 0
-0.806163	-0.448536	-1.41582	 0
0.170708	-0.453124	-1.6532	 0
0.158611	0.567488	-1.13101	 0
0.177175	0.569594	-1.74245	 0
-0.642179	1.75025	-0.240815	 0
0.521697	-1.70496	-0.191168	 0
0.166961	0.491918	-0.947909	 0
0.978654	-0.705514	-0.183232	 0
-0.830838	0.625976	-1.4726	 0
-0.537947	-0.441117	-1.94521	 0
0.171023	0.175646	-1.95628	 0
0.168969	0.588295	-1.66318	 0
-0.832842	-0.426263	-1.11223	 0
-0.828056	0.19482	-0.952407	 0
-0.827644	-0.18815	-1.96358	 0
-0.420294	0.541401	-1.97384	 0
0.080638	-0.463099	-0.966582	 0
-0.840028	0.525399	-0.963788	 0
1.68977	-0.431242	0.784397	 0
0.0922915	-0.900836	0.810807	 0
0.149505	-0.327885	-0.984263	 0
-0.800619	0.538957	-1.72781	 0
-0.825733	0.324592	-0.947002	 0
0.178842	0.583716	-1.62918	 0
0.163318	-0.222732	-1.95195	 0
0.168304	0.526842	-1.44748	 0
-0.815426	-0.435125	-1.53444	 0
-0.83102	0.473591	-0.962346	 0
-0.835718	0.01694	-1.9498	 0
-0.833694	-0.236113	-1.95585	 0
-0.745485	0.597955	-1.94577	 0
0.176761	-0.446325	-0.964872	 0
0.151073	0.53348	-1.7744	 0
-0.294647	-0.40428	-1.94263	 0
-0.530473	-0.408487	-0.952789	 0
0.175866	0.0966015	-1.96152	 0
0.17057	0.147729	-1.96382	 0
-0.576818	-0.396438	-1.96084	 0
-0.824365	-0.416299	-1.29004	 0
-0.686833	0.604074	-1.95582	 0
0.0817402	-0.715211	0.330955	 0
-0.714502	-0.463077	-1.95393	 0
-0.0424037	0.551016	-0.95417	 0
-0.827072	-0.355642	-1.96032	 0
-0.815228	-0.557629	-1.80581	 0
-0.83798	-0.137198	-0.966036	 0
0.0517084	-0.452778	-0.939946	 0
-0.82413	0.275865	-0.949362	 0
0.301194	-1.09417	0.446301	 0
-0.704986	-0.489251	-1.94725	 0
-0.84325	0.364322	-0.940311	 0
0.125215	0.498991	-0.933565	 0
-0.81669	-0.116553	-0.957559	 0
0.183893	-0.101395	-1.94111	 0
0.192512	0.494104	-1.17329	 0
-0.828418	-0.491825	-1.21381	 0
-0.779002	-0.417274	-1.96182	 0
0.171377	-0.35386	-1.95428	 0
0.166248	-0.439367	-1.084	 0
0.0890731	-1.63453	0.81145	 0
-0.678186	0.495705	-0.966359	 0
1.04557	-0.712244	-0.234128	 0
0.669854	-0.701662	0.783425	 0
1.10367	-1.42276	-0.193354	 0
-0.235841	-0.50004	-1.95198	 0
-0.731856	0.580058	-0.952627	 0
-0.836393	-0.4633	-0.966099	 0
-0.818222	-0.456722	-1.21589	 0
-0.471006	-0.451032	-0.9459	 0
-0.845288	-0.439149	-1.32124	 0
0.178387	0.433415	-1.95938	 0
-0.806506	-0.213085	-1.93825	 0
-0.831675	-0.410151	-1.64719	 0
-0.816314	-0.459649	-1.58959	 0
-0.836826	0.428588	-1.96205	 0
-0.283197	-0.429582	-0.952678	 0
1.08972	-1.38901	0.786594	 0
-0.820822	0.548118	-1.50076	 0
0.110403	-0.409532	-1.96972	 0
-0.843329	0.375413	-1.96284	 0
-0.845589	-0.494303	-1.29707	 0
-0.653672	-0.0801027	0.0303602	 0
-0.797257	0.437458	-1.63374	 0
-0.80755	-0.449203	-1.38473	 0
0.137396	-0.383379	-1.5396	 0
0.0344282	0.515224	-1.968	 0
-0.0773894	-0.43902	-0.952703	 0
-0.609436	0.534717	-1.97139	 0
0.160876	-0.142352	-0.965249	 0
0.163467	0.0828913	-1.95431	 0
0.714834	-1.72775	-0.197619	 0
0.178751	0.556577	-1.79783	 0
-0.552247	-0.410315	-0.965386	 0
-0.816227	0.0436456	-0.961651	 0
-0.857962	-0.351822	-1.63787	 0
0.196572	0.565526	-1.70484	 0
0.0835897	-1.72382	0.362802	 0
-0.756221	0.64117	-1.95488	 0
-0.813072	0.159887	-1.95902	 0
1.10342	-1.63859	0.796621	 0
1.42737	-0.693315	0.799921	 0
2.1958	0.861264	-1.76042	 0
0.181429	-0.431889	-1.27549	 0
-0.833189	-0.378228	-1.04363	 0
0.161255	0.595391	-1.57803	 0
0.171892	0.351811	-0.953793	 0
0.169132	0.111507	-0.957452	 0
-0.644369	1.1936	-0.666546	 0
0.451052	-1.68054	0.767089	 0
0.954583	0.303102	1.8149	 0
-0.0816913	-0.507456	-1.96916	 0
-0.830419	0.493952	-1.43846	 0
-0.194698	0.627201	-1.97985	 0
-0.774776	-0.487405	-1.96498	 0
0.172811	0.604006	-1.95229	 0
-0.810844	-0.10499	-1.95306	 0
-0.825664	0.511411	-1.2123	 0
-0.834492	-0.0604457	-1.97171	 0
-0.816967	0.516091	-1.92615	 0
-0.839511	-0.143976	-0.954495	 0
-0.825633	0.53496	-1.43707	 0
0.182427	-0.494905	-1.3207	 0
-0.378049	-0.465411	-1.95368	 0
0.152003	-0.364748	-1.70385	 0
0.157764	0.285204	-1.97532	 0
-0.832828	0.549264	-1.04939	 0
-0.852756	0.568254	-0.999845	 0
0.133329	0.596248	-0.964498	 0
-0.765442	-0.440434	-1.95455	 0
-0.631283	0.560285	-1.9679	 0
-0.818385	0.571948	-1.41666	 0
0.0891834	-1.71011	-0.0973991	 0
1.10615	-1.71805	0.530091	 0
0.175409	-0.416938	-1.51542	 0
-0.622352	-0.425089	-0.964265	 0
-0.822741	-0.142597	-0.964054	 0
-0.156194	-0.409329	-1.9487	 0
2.25721	1.82903	-1.49495	 0
0.142571	-0.438973	-1.9553	 0
0.0818569	-1.73568	-0.027187	 0
0.658462	-1.70126	-0.212692	 0
0.448609	-1.71664	0.790653	 0
-0.823477	0.465672	-1.97124	 0
0.171468	-0.526118	-0.975172	 0
-0.830479	0.543276	-1.27668	 0
-0.585278	0.482115	-0.9627	 0
2.18438	1.39691	-1.76028	 0
0.16795	-0.403754	-1.3565	 0
-0.798874	-0.463655	-0.952339	 0
0.191991	-0.526049	-1.28709	 0
0.168235	-0.457112	-1.57383	 0
0.175238	-0.432973	-1.42867	 0
0.0737979	-0.876169	-0.211428	 0
-0.818271	0.545371	-0.988371	 0
-0.834152	0.597166	-1.55875	 0
0.171822	0.535726	-1.15253	 0
1.0987	-1.65313	0.792649	 0
-0.829797	-0.458936	-1.34931	 0
-0.299591	0.485485	-1.94525	 0
-0.841233	-0.345898	-1.30991	 0
0.648212	-0.214151	0.828091	 0
0.189467	0.498971	-1.94721	 0
-0.624594	0.558502	-1.96326	 0
0.645715	-0.724729	-0.189112	 0
0.344452	-1.08265	-0.503863	 0
0.173182	0.339987	-0.944774	 0
1.08731	-1.71782	0.304993	 0
0.354875	-0.598274	-0.558146	 0
0.167257	-0.314618	-0.959804	 0
-0.820002	-0.196501	-1.96001	 0
0.354052	-1.10155	-0.23798	 0
1.68404	0.291057	1.83616	 0
-0.840836	0.369162	-1.95115	 0
0.190005	-0.279314	-0.94483	 0
-0.839741	0.45543	-1.9593	 0
0.166964	0.537393	-1.36677	 0
0.165916	0.0864519	-1.95904	 0
0.161207	0.568181	-1.77777	 0
1.08903	-1.70319	0.126184	 0
1.0704	-1.7063	-0.204222	 0
-0.495249	-0.445314	-0.948833	 0
0.179985	0.384721	-0.970335	 0
-0.232808	0.581317	-0.961277	 0
1.10219	-1.7142	0.803114	 0
0.170332	-0.478779	-1.9616	 0
-0.351252	-0.471014	-0.956166	 0
-0.0950716	0.579719	-1.94261	 0
-0.51617	0.567656	-1.95946	 0
-0.810229	0.493732	-1.70702	 0
-0.789292	0.583171	-0.955632	 0
0.176384	-0.116015	-0.966677	 0
0.713933	-0.712949	1.7295	 0
-0.837093	-0.457424	-1.22213	 0
-0.84546	0.0735871	-1.96218	 0
-0.838396	-0.381966	-0.944029	 0
