1 2.86365 3.04987 
1 -0.511127 6.11003 
1 -5.43538 10.758 
1 -0.579236 6.2105 
1 -4.48108 9.88755 
1 3.56958 2.34934 
1 -1.39852 6.97551 
1 -0.484406 6.06061 
1 -5.41395 10.7793 
1 -2.84035 8.27813 
1 -8.49939 13.6523 
1 -9.33433 14.3797 
1 2.67692 3.0905 
1 -8.9133 14.0815 
1 -6.78411 12.1034 
1 -1.00238 6.48781 
1 -0.871546 6.43415 
1 -0.81754 6.31144 
1 0.364764 5.28011 
1 -0.0346737 5.65516 
1 -5.00564 10.4204 
1 3.12914 2.71347 
1 -0.514712 6.0421 
1 4.47671 1.48031 
1 3.77402 1.90357 
1 -8.3318 13.4612 
1 -7.6382 12.8425 
1 -1.10467 6.65822 
1 -0.984734 6.58585 
1 3.62348 2.19691 
1 -1.28415 6.74286 
1 -7.65459 12.8955 
1 0.400534 5.26708 
1 1.80232 3.12795 
1 -7.85872 13.0611 
1 2.38639 3.4171 
1 1.77526 3.98396 
1 2.16293 4.8126 
1 -1.79126 7.23935 
1 -7.82605 12.9698 
1 3.07123 2.68557 
1 -2.38556 8.01222 
1 -2.02307 7.5756 
1 1.17762 4.11973 
1 -0.737155 6.27834 
1 -4.42176 9.8406 
1 -3.02143 8.59066 
1 -1.91998 7.4397 
1 -8.03298 13.2302 
1 1.69252 3.98454 
1 2.77662 2.92906 
1 -4.46247 9.77062 
1 4.25252 1.65616 
1 -8.35568 13.5381 
1 -5.2114 10.6113 
1 -3.49835 8.99021 
1 -1.71058 7.28593 
1 -3.79691 9.20639 
1 0.358559 5.42236 
1 3.77843 1.96297 
1 4.08047 1.88923 
1 -3.48657 8.85104 
1 -9.33163 14.4096 
1 -6.5486 11.8344 
1 3.06943 2.55461 
1 -3.14394 8.6796 
1 1.71502 3.06795 
