1 3.34996 5.68184 
1 -7.47058 -8.78855 
1 2.28036 4.28883 
1 -0.179549 0.990252 
1 -7.03567 -8.18885 
1 -7.21391 -8.39474 
1 -0.453423 0.600534 
1 -1.51653 -0.818157 
1 -2.08172 -1.57863 
1 3.25486 5.56867 
1 2.98784 5.20411 
1 -5.04629 -5.55552 
1 -5.6483 -6.29931 
1 -5.78571 -6.48245 
1 1.90314 2.49735 
1 -3.76244 -3.82166 
1 -2.42183 -3.19995 
1 3.27726 5.58859 
1 -3.64939 -3.6891 
1 -7.41827 -8.67406 
1 2.85688 5.01958 
1 3.88122 6.36215 
1 0.928698 1.87456 
1 2.69585 4.79909 
1 -6.62357 -7.64014 
1 -2.20572 -1.77095 
1 -2.44557 -2.07588 
1 -2.38127 -3.19532 
1 -1.39629 -0.668549 
1 1.15415 2.72637 
1 -1.11492 -0.322416 
1 -4.15028 -4.32992 
1 -4.78414 -5.12842 
1 -5.58995 -6.2913 
1 -3.90491 -3.94567 
1 -4.79219 -5.20581 
1 1.98628 3.86159 
1 2.96421 5.15862 
1 -2.81997 -2.50149 
1 2.47671 2.8758 
1 0.892182 2.43097 
1 2.90867 5.09201 
1 -2.1758 -1.68344 
1 -0.80346 0.101739 
1 2.98472 5.19147 
1 -6.01619 -6.79044 
