1 -2.01986 -0.320483 
1 -4.13475 -1.19255 
1 -2.33475 -0.556751 
1 -7.09841 -3.96971 
1 -5.05711 -2.51153 
1 7.28605 6.35712 
1 1.90424 2.53983 
1 -4.12371 -1.18951 
1 -0.439445 0.66556 
1 -2.44962 -0.700414 
1 -0.733379 0.249312 
1 -2.75292 -0.84692 
1 -1.28301 -0.473351 
1 2.98489 3.28615 
1 -3.31346 -1.31546 
1 -0.203389 0.953643 
1 4.25582 4.19769 
1 5.0683 4.76145 
1 -6.86921 -3.8005 
1 5.35054 4.97177 
1 -4.63296 -2.18008 
1 -6.14976 -3.27887 
1 -2.95273 -1.02242 
1 7.90784 6.82256 
1 3.11256 3.33526 
1 0.812932 2.27207 
1 -5.5127 -2.84301 
1 8.2535 7.0747 
1 -7.06096 -3.95269 
1 0.0381143 1.06961 
1 -0.722607 0.585518 
1 7.58254 6.60214 
1 4.09089 4.09994 
1 -4.1506 -1.87009 
1 7.89276 6.78466 
1 -2.10647 -0.427663 
1 -6.24482 -3.32193 
1 -1.73307 -0.137002 
1 -6.0817 -3.25924 
1 -5.51424 -2.90665 
1 8.29647 7.08679 
1 6.50945 5.79805 
1 5.90813 5.39451 
1 -2.06339 -0.375311 
1 -4.96626 -2.48287 
1 0.959945 1.86618 
1 -6.49415 -3.51285 
1 -3.59101 -1.4662 
1 -2.5889 -0.733848 
1 6.18413 5.52851 
1 -2.63689 -0.762074 
1 1.10167 1.88809 
1 -3.6977 -1.50651 
1 4.28234 4.20556 
1 -5.43243 -2.71673 
1 8.17379 7.06702 
1 3.30849 3.47231 
1 0.918199 1.74586 
1 -5.50822 -2.8764 
1 7.57257 6.52822 
1 -3.67417 -1.47242 
1 6.86135 6.03217 
1 -2.20757 -0.462977 
1 4.99371 4.63653 
1 7.23793 6.37199 
1 5.97726 5.35282 
1 -4.56314 -2.10526 
1 -7.01617 -3.95735 
1 -6.22914 -3.32245 
