1 3.34996 5.68184 
1 -3.36421 -3.2832 
1 -7.47058 -8.78855 
1 2.28036 4.28883 
1 -7.03567 -8.18885 
1 -7.21391 -8.39474 
1 -1.28301 -0.473351 
1 3.25486 5.56867 
1 -5.04629 -5.55552 
1 -5.6483 -6.29931 
1 -5.78571 -6.48245 
1 -3.76244 -3.82166 
1 3.27726 5.58859 
1 0.812932 2.27207 
1 -3.64939 -3.6891 
1 -7.41827 -8.67406 
1 0.0381143 1.06961 
1 3.88122 6.36215 
1 2.69585 4.79909 
1 -6.62357 -7.64014 
1 -1.39629 -0.668549 
1 -3.1292 -2.97414 
1 -4.15028 -4.32992 
1 -4.78414 -5.12842 
1 -5.58995 -6.2913 
1 -4.79219 -5.20581 
1 2.96421 5.15862 
1 2.90867 5.09201 
1 -0.80346 0.101739 
1 2.98472 5.19147 
1 -6.01619 -6.79044 
