1.2247 1.85809 1.04936 
2.08504 1.84592 1.62742 
1.45625 1.81845 0.651053 
2.20328 2.10603 0.644433 
1.53347 2.84185 1.63022 
1.17883 2.46743 1.63459 
1.41747 1.85194 1.646 
1.19125 2.53856 1.65217 
1.19237 2.82051 1.14729 
0.695267 -0.205441 -0.328962 
2.0376 2.83371 1.63412 
1.16613 1.9988 0.641173 
1.72802 1.82414 1.63132 
1.21372 1.79517 1.64013 
2.17535 1.88005 1.4483 
2.23984 2.83577 1.3379 
1.16059 2.83441 0.644039 
2.19179 1.92461 1.39608 
2.21419 2.30548 0.634502 
1.30153 1.85019 0.640844 
1.20039 2.15262 1.62337 
1.85657 1.80224 0.62161 
1.53074 2.84695 0.611197 
1.20261 1.8759 0.630773 
2.22547 1.83377 0.724849 
2.0145 2.80053 0.631216 
2.19986 2.76224 1.07663 
1.19681 1.80653 1.4942 
2.17213 1.88257 1.5796 
1.24225 1.90934 0.791286 
2.19798 2.39289 1.65922 
2.05241 2.84973 0.645993 
1.1953 1.82508 0.985175 
1.22124 1.87009 1.4895 
2.18212 2.25575 0.641907 
2.20963 1.74229 0.670761 
1.14589 2.86934 1.4935 
1.76762 2.88832 0.624764 
1.30404 1.78341 0.636974 
1.16309 2.15089 0.629442 
1.23459 1.83605 1.08169 
1.25154 1.82 1.64808 
2.21467 1.83763 0.657346 
1.22307 1.8059 1.21838 
2.08162 2.86038 1.63293 
1.18271 2.36577 0.642188 
1.19197 1.86958 0.727683 
1.20623 2.02682 0.636376 
1.71351 1.89823 0.659832 
1.22687 2.77793 0.658931 
2.17146 1.82953 1.02978 
1.17726 1.96969 1.64348 
1.19619 2.66995 0.620206 
2.2149 2.07258 1.63603 
1.21452 2.00407 0.642733 
1.42921 2.82438 1.63191 
2.2184 2.77201 0.645556 
2.11092 1.83539 1.64439 
2.20073 2.81869 0.799605 
1.20253 2.11818 0.635922 
2.20655 2.66325 0.657777 
1.19773 2.81413 1.64744 
1.93647 2.90833 1.63279 
1.19059 2.46984 0.64658 
2.18523 2.76073 0.654889 
1.18683 2.27729 1.62002 
2.21148 1.93523 1.63487 
1.85622 2.88663 0.613602 
2.21966 2.81699 0.666709 
2.2064 2.84129 1.49694 
1.20526 2.91181 0.706743 
1.72867 2.87143 0.626907 
1.17215 2.18125 0.641713 
1.20834 2.78538 1.04569 
2.15001 1.82994 0.823285 
1.62421 2.84036 0.635861 
1.20871 2.43352 1.61643 
2.23962 2.63643 1.67727 
2.14294 2.88228 1.61677 
1.22795 2.88558 1.62209 
1.57964 2.82862 1.61662 
1.17939 2.24572 1.65656 
1.19385 2.07508 0.629795 
2.21393 1.93786 1.62705 
2.15462 2.85917 0.872969 
2.1808 1.79153 1.30005 
1.38317 1.79974 1.63088 
2.04314 2.83447 0.645735 
2.19775 2.3975 0.643113 
1.19497 1.8635 1.32123 
2.12093 1.81963 0.65015 
