-1.10901 1.79759 1.2788 
-1.54703 1.80089 1.28961 
-1.10896 2.10891 0.343401 
-1.11066 2.10725 1.27371 
-1.88652 2.78506 1.27393 
-1.61452 1.85402 0.323633 
-1.49446 1.79657 1.27491 
-2.10478 2.76004 0.26815 
-1.75497 1.83104 0.303741 
-1.31699 1.81991 1.31191 
-1.10059 2.05388 1.25508 
-0.0305415 -0.198226 -0.315318 
-1.09841 2.21091 1.3303 
-1.19632 2.77075 1.27583 
-1.41305 1.83595 1.35445 
-1.09234 1.76765 0.890742 
-2.10577 1.79487 1.00547 
-0.319498 -0.195456 -0.812435 
-1.96294 1.80261 0.293029 
-1.09611 2.40394 0.271268 
-2.09982 2.76424 1.29781 
-1.09028 2.7614 1.01582 
-1.10978 1.81208 0.757229 
-2.11588 2.4148 1.29491 
-1.62585 1.77009 1.28965 
-2.10184 1.7895 0.342043 
-1.75185 1.77422 0.264773 
-1.16267 2.83729 0.298219 
-2.1024 2.84779 0.65749 
-1.09418 1.78801 0.627921 
-2.11477 1.85559 1.02557 
-1.37363 1.82853 0.318979 
-1.63649 1.80367 0.300366 
-2.12458 2.80858 0.62772 
-1.10279 1.80362 0.935255 
-2.10127 1.82567 0.662182 
-2.08828 2.17985 1.28426 
-1.11201 1.85163 0.483297 
-2.09837 2.38144 1.29115 
-1.09063 1.77321 0.91027 
-2.11415 2.30398 1.27928 
-2.11497 1.82967 0.681654 
-1.09834 2.7728 0.438214 
-2.10996 2.65246 1.31846 
-2.11328 2.34823 1.33739 
-0.314788 -0.458814 -0.341909 
-2.10264 2.60559 1.27338 
-2.10385 1.82339 0.918655 
-1.33411 1.8169 0.289029 
-1.34023 2.84223 1.31339 
-1.78254 2.81968 1.28144 
-1.24625 2.83999 1.30594 
-1.76674 2.82267 1.30295 
-2.11165 2.79037 0.514501 
-2.10222 1.8554 0.270006 
-1.10006 1.87586 0.280053 
-1.76276 1.83018 1.3217 
-0.027696 -0.200398 -1.34869 
-1.11183 2.83233 0.486021 
-0.227911 -1.21583 -1.35613 
-1.92047 1.86304 0.343384 
-0.32518 -0.196171 -1.27898 
-1.95345 2.77504 0.279659 
-1.09467 1.81954 0.338383 
-2.0214 2.81484 1.28668 
-0.319835 -1.21223 -0.416089 
-1.09762 1.79871 1.22632 
-1.62651 2.79509 0.300422 
-1.10415 2.08815 1.30531 
-1.09096 1.92185 1.2802 
-1.97749 1.85555 1.30981 
-1.10806 2.41612 0.287184 
-2.10186 2.61161 0.298468 
-2.00117 1.81677 1.27344 
-1.93814 1.78797 1.25509 
-1.11333 1.8812 1.30977 
-1.09437 1.79235 0.816681 
0.000452819 -0.191367 -0.319701 
-1.90819 2.82735 1.2764 
-1.76826 2.84989 0.345616 
-2.0841 1.79836 0.438381 
-1.36823 2.80594 1.29929 
-1.57165 2.80289 0.303791 
-1.13973 1.79045 0.272914 
-1.83327 1.78243 0.264215 
-1.33789 2.84225 0.304286 
-1.50985 1.83468 1.32429 
-2.1087 2.77605 1.29658 
-1.59129 1.84151 0.338989 
-2.10226 2.11847 1.2772 
-2.09375 2.06696 1.29824 
-2.10124 1.79683 0.40855 
-2.09221 2.01807 0.253707 
-2.09026 2.0203 1.2536 
-1.09931 2.79343 1.08552 
-1.27972 2.84121 0.32391 
-1.11847 2.48673 1.29531 
-2.11176 2.80793 0.629306 
-1.115 1.80753 1.26398 
-2.1067 1.79966 0.327012 
-1.1188 2.85192 0.85385 
-2.10082 1.76534 0.578059 
-2.01279 2.80775 0.282723 
