-2.74738 -1.10074 -0.103563 
-1.72211 -1.03938 -1.09992 
-4.64956 0.320502 1.24657 
-1.53368 -1.15731 0.17764 
-1.71702 -0.571508 -0.249872 
-2.74434 -1.56835 -0.423997 
-2.70254 -1.50696 -1.10144 
-2.66666 -0.599529 -0.0959543 
-2.72206 -1.59282 -1.10537 
-2.07572 -1.59016 -0.102211 
-2.71186 -0.582477 -0.288403 
-2.7192 -1.56953 -0.759924 
-2.72394 -0.594935 -0.529289 
-1.70878 -0.765612 -0.0986948 
-2.52426 -0.526566 -1.09296 
-2.72451 -0.590098 -0.553743 
-2.48613 -1.62838 -0.0982135 
-1.7135 -1.262 -0.109226 
-2.73722 -1.57111 -0.565284 
-1.71296 -0.557322 -1.0545 
-2.70501 -1.26966 -1.1168 
-2.7677 -0.721206 -1.09873 
-2.73932 -0.612882 -0.148951 
-2.11583 -1.63814 -0.0971905 
-1.71587 -0.750221 -0.11287 
-2.69182 -0.615843 -0.107512 
-2.71256 -0.712386 -0.0951443 
-1.76322 -1.22521 -0.0942849 
-2.49016 -1.57627 -1.10095 
-1.9493 -0.572069 -0.0939831 
-2.7369 -0.952438 -1.0895 
-2.72185 -0.615974 -0.550182 
-1.55574 -1.24493 0.20029 
-2.14626 -1.57116 -0.110221 
-2.69815 -0.581191 -1.01821 
-2.71568 -1.24198 -0.102135 
-2.68212 -0.604043 -0.10135 
-2.74576 -1.11252 -1.1074 
-2.72837 -0.585046 -0.242043 
-2.72428 -0.581021 -0.257153 
-2.69944 -1.42917 -0.112519 
-2.39284 -1.53874 -1.095 
-1.72684 -1.60801 -0.942239 
-2.36078 -0.569921 -1.09304 
-2.1243 -0.581343 -1.10454 
-2.10494 -1.58517 -0.09747 
-1.87969 -0.524479 -1.09757 
-1.73713 -1.02661 -0.099255 
-1.80138 -1.62164 -1.09796 
-2.76555 -1.32765 -0.0936344 
-1.75457 -1.02333 -0.0838661 
-2.32779 -1.56933 -0.113226 
-2.59626 -1.55179 -0.0901007 
-2.73548 -1.60485 -0.630009 
-2.70913 -0.67149 -1.09728 
-2.71313 -1.56101 -0.410394 
-1.97355 -1.56171 -0.114752 
-1.72937 -0.541608 -0.986868 
-2.3741 -0.623105 -0.111415 
-1.72279 -1.52794 -0.640042 
-1.70563 -0.57663 -0.703621 
-1.72261 -0.911552 -0.105349 
-2.69133 -1.16624 -1.09043 
-1.74102 -0.576118 -0.80698 
-2.34489 -1.58494 -1.11036 
-2.51576 -1.57206 0.171991 
-1.74067 -1.09808 -0.0976151 
-2.71917 -1.61108 -1.10677 
-2.72574 -1.55238 -0.992936 
-1.73109 -0.54914 -0.675764 
-2.40144 -0.543379 -0.101444 
-2.71126 -1.48116 -1.11312 
-1.54042 -1.09346 -0.290943 
-2.43547 -1.55334 -0.0998008 
-1.70393 -0.506845 -0.114108 
-1.72126 -1.24357 -1.10945 
-2.72463 -1.55374 -0.11981 
-2.73508 -1.02517 -1.09342 
-1.72596 -1.56501 -0.12585 
-1.70913 -0.750001 -1.11644 
-2.53326 -1.62473 -1.09739 
-1.70104 -0.575203 -0.336958 
-1.7331 -1.60185 -1.03996 
-1.91745 -0.573666 -1.09177 
-1.69922 -1.54496 -0.758607 
-2.60103 -1.56909 -1.09034 
-1.50918 -2.07405 -0.372957 
-2.39808 -2.10947 0.182613 
-1.74563 -0.554163 -0.947729 
-2.6579 -0.59097 -1.09849 
-1.99631 -2.08528 0.209227 
-1.73996 -1.38823 -1.0965 
-1.70665 -0.570404 -0.513352 
-2.71434 -0.567692 -0.772277 
-1.73697 -1.57992 -0.61581 
-2.68637 -0.61806 -0.0945709 
-2.55131 -1.09062 0.155099 
-2.32232 -0.58222 -0.106772 
-2.73156 -1.52836 -0.0939749 
-1.97565 -1.56601 -1.09916 
-2.70959 -1.42284 -0.108954 
-1.71775 -0.60472 -1.00931 
-1.70569 -1.50956 -0.452681 
-2.06714 -0.562174 -0.099425 
-1.73329 -1.42563 -0.095654 
-1.78505 -0.600597 -0.0963683 
-2.71597 -0.596884 -0.449208 
-2.53419 -1.24804 0.177665 
-1.72136 -0.565753 -1.09152 
-1.92708 -1.57836 -1.10375 
-2.29348 -1.57599 -1.11903 
-2.51256 -0.522022 -1.09246 
-1.73206 -1.58333 -0.361229 
-2.74004 -0.594885 -0.483782 
-1.73688 -1.58996 -0.433764 
-2.72753 -1.61017 -0.596694 
-2.73679 -1.59193 -0.473705 
-1.74607 -0.755862 -1.10067 
-1.74213 -1.42735 -0.0996843 
-2.29557 -1.52944 -0.110848 
-1.74327 -1.3382 -0.0995674 
-2.69048 -1.36438 -0.104634 
-1.94031 -0.550511 -0.105719 
-1.75736 -1.20027 -1.09176 
-2.72071 -1.18617 -1.10929 
-2.71584 -0.956287 -0.11149 
-2.72853 -1.08893 -0.0955734 
-2.02171 -0.616101 -1.10821 
-2.73156 -0.938352 -1.11053 
-2.72195 -1.1476 -1.10296 
-2.27321 -0.618895 -0.0942614 
-2.72863 -1.49538 -0.0879564 
-1.71915 -1.56779 -0.892318 
-2.72707 -1.41922 -1.11743 
-2.72038 -1.58562 -0.426221 
-2.4605 -1.52248 -1.10466 
-2.72397 -1.53035 -0.103004 
-1.90532 -0.557395 -1.09516 
-1.73492 -1.54736 -0.977318 
-2.72735 -1.59672 -0.440134 
-1.74805 -1.48765 -0.0881973 
-1.74178 -0.614285 -0.978692 
-2.70867 -1.2577 -0.111792 
-2.55407 -1.05056 -0.42004 
-1.90103 -1.57886 -0.106454 
-2.41876 -0.602883 -1.09958 
-1.8323 -1.5916 -1.11654 
-1.73646 -0.941329 -1.09623 
-2.69384 -1.16247 -1.10468 
-1.68901 -0.599094 -0.21062 
-2.46958 -0.564441 -1.09574 
-1.71833 -0.954053 -1.09629 
-1.70952 -1.56034 -0.60469 
-1.72734 -1.6251 -0.922965 
-1.70429 -1.56044 -0.828975 
-2.74663 -0.612699 -0.620775 
-2.69629 -0.562503 -0.106924 
-2.41533 -0.558443 -1.10065 
-1.68597 -1.56204 -0.564658 
-1.89508 -0.536036 -1.09726 
-2.73025 -1.52054 -0.122572 
-1.71245 -1.59392 -0.180984 
-2.57701 -0.60158 -1.07919 
-1.73313 -0.665899 -1.09523 
-1.7274 -1.2262 -1.09228 
