-4.64956 0.320502 1.24657 
-4.78862 1.29732 1.22368 
-5.34849 1.28097 0.242938 
-5.28821 0.341871 1.23516 
-5.64219 1.04864 1.2602 
-5.654 1.08304 1.237 
-5.63116 0.479956 0.234018 
-4.6161 0.754274 0.251984 
-4.60523 1.30229 0.628073 
-4.90479 1.28376 0.223235 
-5.67017 0.745183 1.2535 
-5.66778 1.30278 0.272778 
-5.33774 1.30911 1.2317 
-5.663 0.614783 1.23228 
-5.23886 1.33652 0.252254 
-5.27549 1.31931 0.241121 
-5.6548 0.766735 1.23434 
-4.63113 0.969964 1.2644 
-4.62901 0.294162 1.08418 
-5.63766 1.30894 0.84292 
-4.86861 1.28983 0.22699 
-5.63777 1.28937 0.303729 
-5.65416 0.299311 0.941774 
-4.63734 0.338393 1.26031 
-5.65614 0.454541 1.22089 
-5.65834 0.310781 0.234407 
