-3.75756	-3.34556	0.640619	 0
-3.78039	-2.35183	0.327317	 0
-2.76503	-2.35793	0.34699	 0
-2.75264	-2.91313	-0.125401	 0
-3.73953	-2.3132	0.444476	 0
-2.89292	-2.34736	0.898715	 0
-2.73876	-3.3255	0.261148	 0
-2.76151	-2.3288	-0.00588105	 0
-3.77188	-2.35238	0.620585	 0
-2.75903	-2.58182	-0.109761	 0
-3.14574	-3.31627	0.870668	 0
-3.58975	-2.34107	-0.104319	 0
-3.73374	-2.76645	-0.115606	 0
-3.75616	-3.33787	0.239857	 0
-2.75832	-2.70141	-0.0829584	 0
-3.77078	-3.34886	0.506963	 0
-2.77303	-2.34827	0.330607	 0
-2.76343	-3.34113	0.649551	 0
-2.74741	-3.32571	0.350639	 0
-3.36079	-2.3371	0.909579	 0
-2.74037	-2.52554	0.892383	 0
-3.51448	-2.34822	-0.102396	 0
-3.55726	-2.32812	-0.121048	 0
-2.79918	-2.95979	0.888263	 0
-3.48273	-2.32478	0.900518	 0
-3.76589	-2.33189	0.812316	 0
-2.79538	-2.50558	-0.102324	 0
-3.69142	-3.34121	-0.0899445	 0
-2.78898	-3.36139	-0.108667	 0
-3.19772	-2.35737	0.894175	 0
-3.74869	-3.18987	0.885932	 0
-3.1774	-3.34812	0.883089	 0
-3.03299	-2.33973	-0.116925	 0
-3.58799	-2.34622	-0.112372	 0
-3.03236	-3.31849	-0.142908	 0
-3.78738	-2.35053	0.488993	 0
-3.7432	-2.93973	0.86935	 0
-2.75707	-3.33117	0.613223	 0
-2.75826	-2.91856	-0.0994708	 0
-2.75616	-3.30451	0.902402	 0
-3.17267	-3.34142	-0.122564	 0
-3.49309	-2.30199	0.889626	 0
-3.77518	-2.59394	-0.0777509	 0
-2.76608	-2.32773	0.325926	 0
-2.76092	-2.85129	0.86178	 0
-3.7793	-3.37065	0.508042	 0
-3.18969	-3.36306	-0.099696	 0
-2.83815	-2.33714	-0.140535	 0
-0.999535	-3.33156	1.93746	 0
-2.77823	-3.35059	0.489656	 0
-3.76752	-2.38687	-0.0729909	 0
-3.7644	-2.32663	0.129638	 0
-3.57404	-2.3239	0.880359	 0
-3.79633	-2.37197	0.127454	 0
-3.64932	-3.35588	0.875625	 0
-2.76187	-2.31064	-0.109624	 0
-3.06809	-3.35427	0.894367	 0
-3.22014	-3.34819	0.884472	 0
-2.7614	-2.46021	0.889963	 0
-3.72166	-3.35558	0.858034	 0
-2.74972	-3.2338	0.902924	 0
-2.77484	-2.3417	0.589895	 0
-3.77852	-2.4392	0.887536	 0
-3.78972	-3.11944	0.886611	 0
-3.60105	-3.32542	0.889475	 0
-3.56652	-3.37066	-0.112373	 0
-3.27382	-3.33823	-0.10739	 0
-3.66859	-2.35627	0.907145	 0
-3.76447	-2.73406	-0.0975652	 0
-3.76068	-3.3383	0.504792	 0
-2.92647	-2.34542	-0.111248	 0
-2.76603	-2.50108	-0.113618	 0
-2.75101	-3.32638	0.160621	 0
-3.136	-3.3411	0.902848	 0
-3.73003	-2.40336	-0.12324	 0
-3.74579	-2.36867	0.86365	 0
-3.11519	-3.34931	-0.119884	 0
-3.77063	-3.11327	-0.0995416	 0
-3.78246	-2.91013	0.872068	 0
-2.77323	-2.68702	-0.113765	 0
-3.71733	-3.38212	0.89538	 0
-3.37474	-2.34179	0.885255	 0
-2.76766	-2.35938	0.574148	 0
-3.76404	-3.07871	0.897658	 0
-2.74933	-3.33731	0.6608	 0
-2.80024	-2.63928	0.884743	 0
-3.74301	-3.32585	0.34142	 0
-3.76084	-3.19629	0.869497	 0
-3.76873	-3.30647	-0.0873943	 0
-3.78429	-2.68286	-0.105888	 0
-2.79569	-3.32407	-0.113999	 0
-3.27875	-3.34353	-0.12434	 0
-2.77211	-2.33835	-0.105937	 0
-3.73956	-2.78392	-0.11689	 0
-2.73865	-2.49998	0.871752	 0
-3.75266	-3.32771	0.356558	 0
-3.43876	-3.33735	-0.13142	 0
-3.80062	-2.46445	0.879134	 0
-2.74059	-3.34225	0.392	 0
-2.74657	-2.63316	0.886233	 0
-3.17045	-2.35357	-0.103632	 0
-3.74075	-3.19029	0.874772	 0
-2.78095	-3.33479	0.877566	 0
-3.76518	-2.35268	0.0645608	 0
-2.76523	-3.2773	-0.0949256	 0
-3.45839	-3.33786	-0.109244	 0
-3.76758	-3.34736	0.721187	 0
-2.78044	-2.78392	-0.116187	 0
-3.79419	-3.17265	-0.0838554	 0
-3.21973	-3.32951	0.859688	 0
-2.74824	-3.29143	-0.107231	 0
-2.76691	-3.33347	0.813302	 0
-3.75301	-2.33168	-0.106715	 0
-3.67308	-2.36714	0.876209	 0
-3.78777	-2.35669	0.765239	 0
-3.09236	-3.34674	-0.10297	 0
-3.1901	-3.3385	-0.0980895	 0
-3.74144	-3.32706	0.592173	 0
-2.8388	-2.31996	0.89986	 0
-2.77574	-3.3243	0.883128	 0
-3.50444	-3.33733	0.899179	 0
-3.75224	-3.00438	0.87791	 0
-2.72415	-2.70077	-0.126277	 0
-3.78242	-3.34076	0.286122	 0
-3.73306	-2.32897	0.905217	 0
-3.80044	-3.09064	0.899745	 0
-2.77132	-2.90701	0.891574	 0
-3.74572	-2.69862	-0.10735	 0
-4.62758	0.704873	-1.39422	 1
-4.58382	0.681469	-1.94044	 1
-4.51695	0.666926	-1.00751	 1
-3.58322	1.00428	-2.00763	 1
-4.6214	0.702149	-1.44438	 1
-4.58505	1.57677	-2.01144	 1
-3.57983	1.62896	-2.01405	 1
-4.65368	1.60169	-0.986501	 1
-4.58989	0.686621	-1.82474	 1
-4.61323	1.70162	-1.38351	 1
-3.66641	1.66691	-1.02767	 1
-4.10518	0.678295	-1.0155	 1
-3.6044	1.06067	-2.03759	 1
-4.61179	1.68554	-1.67171	 1
-4.1608	1.67832	-2.01089	 1
-3.98571	0.689507	-0.996358	 1
-4.20083	1.68705	-2.02298	 1
-3.6333	0.686815	-1.95142	 1
-4.2471	0.677915	-1.98527	 1
-4.60857	1.68656	-1.26503	 1
-4.4677	0.683132	-1.00327	 1
-3.58495	0.684937	-1.94513	 1
-3.59852	1.67621	-1.0429	 1
-4.23599	1.68598	-2.0207	 1
-4.61	0.667829	-1.69909	 1
-3.87899	1.69225	-2.00487	 1
-4.60297	1.68206	-1.84475	 1
-3.62441	0.733398	-0.992896	 1
6.15924	4.56089	-3.36481	 2
6.81979	4.53459	-4.26589	 2
6.76289	3.56895	-4.32515	 2
7.07744	3.51854	-3.68342	 2
6.51829	4.58979	-3.34679	 2
6.29233	4.5834	-4.35231	 2
7.17105	3.90937	-4.32709	 2
6.18519	3.57095	-3.88289	 2
7.09447	3.55843	-3.80198	 2
7.16453	4.57042	-3.63114	 2
7.13357	4.52842	-4.0222	 2
6.19126	3.55328	-4.05593	 2
6.24949	4.25018	-4.35857	 2
6.17298	3.81032	-3.30784	 2
6.1314	4.53368	-3.74386	 2
6.41094	3.53191	-3.30615	 2
7.07328	4.19808	-4.26136	 2
6.40638	3.54829	-3.28311	 2
7.1597	3.61945	-3.32338	 2
6.16639	3.62271	-3.28983	 2
6.82827	4.56075	-3.30947	 2
6.05998	3.5501	-3.50927	 2
7.16163	3.57112	-4.05708	 2
6.12786	3.55564	-3.8292	 2
6.24162	3.54881	-4.30097	 2
-1.34345	-4.35362	2.79319	 3
-0.316981	-3.34732	2.21275	 3
-0.353284	-3.87889	1.92627	 3
-0.353435	-4.35072	2.4275	 3
-1.33224	-3.75447	2.96661	 3
-1.32904	-3.33049	2.00302	 3
-1.07704	-3.35179	1.94553	 3
-0.320759	-3.31282	2.03407	 3
-0.341945	-3.95307	2.95122	 3
-1.1443	-3.33655	2.93662	 3
-1.34635	-3.33886	2.93015	 3
-1.32481	-3.87276	2.96167	 3
-0.340983	-3.8674	2.93654	 3
-0.334287	-3.66307	2.95277	 3
-1.32424	-3.39547	1.92901	 3
-1.3339	-4.33527	2.69268	 3
-0.329733	-4.26259	2.95633	 3
-0.31025	-4.18	1.94456	 3
-4.5962	1.68213	-1.10304	 4
