-4.62758 0.704873 -1.39422 
-4.58382 0.681469 -1.94044 
-4.51695 0.666926 -1.00751 
-3.58322 1.00428 -2.00763 
-4.6214 0.702149 -1.44438 
-4.58505 1.57677 -2.01144 
-3.57983 1.62896 -2.01405 
-4.65368 1.60169 -0.986501 
-4.58989 0.686621 -1.82474 
-4.61323 1.70162 -1.38351 
-3.66641 1.66691 -1.02767 
-4.10518 0.678295 -1.0155 
-3.6044 1.06067 -2.03759 
-4.61179 1.68554 -1.67171 
-4.1608 1.67832 -2.01089 
-3.98571 0.689507 -0.996358 
-4.20083 1.68705 -2.02298 
-3.6333 0.686815 -1.95142 
-4.2471 0.677915 -1.98527 
-4.60857 1.68656 -1.26503 
-4.4677 0.683132 -1.00327 
-3.58495 0.684937 -1.94513 
-3.59852 1.67621 -1.0429 
-4.23599 1.68598 -2.0207 
-4.61 0.667829 -1.69909 
-3.87899 1.69225 -2.00487 
-4.60297 1.68206 -1.84475 
-3.62441 0.733398 -0.992896 
