-3.75756 -3.34556 0.640619 
-3.78039 -2.35183 0.327317 
-2.76503 -2.35793 0.34699 
-2.75264 -2.91313 -0.125401 
-3.73953 -2.3132 0.444476 
-2.89292 -2.34736 0.898715 
-2.73876 -3.3255 0.261148 
-2.76151 -2.3288 -0.00588105 
-3.77188 -2.35238 0.620585 
-2.75903 -2.58182 -0.109761 
-3.14574 -3.31627 0.870668 
-3.58975 -2.34107 -0.104319 
-3.73374 -2.76645 -0.115606 
-3.75616 -3.33787 0.239857 
-2.75832 -2.70141 -0.0829584 
-3.77078 -3.34886 0.506963 
-2.77303 -2.34827 0.330607 
-2.76343 -3.34113 0.649551 
-2.74741 -3.32571 0.350639 
-3.36079 -2.3371 0.909579 
-2.74037 -2.52554 0.892383 
-3.51448 -2.34822 -0.102396 
-3.55726 -2.32812 -0.121048 
-2.79918 -2.95979 0.888263 
-3.48273 -2.32478 0.900518 
-3.76589 -2.33189 0.812316 
-2.79538 -2.50558 -0.102324 
-3.69142 -3.34121 -0.0899445 
-2.78898 -3.36139 -0.108667 
-3.19772 -2.35737 0.894175 
-3.74869 -3.18987 0.885932 
-3.1774 -3.34812 0.883089 
-3.03299 -2.33973 -0.116925 
-3.58799 -2.34622 -0.112372 
-3.03236 -3.31849 -0.142908 
-3.78738 -2.35053 0.488993 
-3.7432 -2.93973 0.86935 
-2.75707 -3.33117 0.613223 
-2.75826 -2.91856 -0.0994708 
-2.75616 -3.30451 0.902402 
-3.17267 -3.34142 -0.122564 
-3.49309 -2.30199 0.889626 
-3.77518 -2.59394 -0.0777509 
-2.76608 -2.32773 0.325926 
-2.76092 -2.85129 0.86178 
-3.7793 -3.37065 0.508042 
-3.18969 -3.36306 -0.099696 
-2.83815 -2.33714 -0.140535 
-2.77823 -3.35059 0.489656 
-1.32904 -3.33049 2.00302 
-1.07704 -3.35179 1.94553 
-3.76752 -2.38687 -0.0729909 
-3.7644 -2.32663 0.129638 
-3.57404 -2.3239 0.880359 
-3.79633 -2.37197 0.127454 
-3.64932 -3.35588 0.875625 
-2.76187 -2.31064 -0.109624 
-3.06809 -3.35427 0.894367 
-3.22014 -3.34819 0.884472 
-2.7614 -2.46021 0.889963 
-3.72166 -3.35558 0.858034 
-2.74972 -3.2338 0.902924 
-2.77484 -2.3417 0.589895 
-3.77852 -2.4392 0.887536 
-3.78972 -3.11944 0.886611 
-3.60105 -3.32542 0.889475 
-3.56652 -3.37066 -0.112373 
-3.27382 -3.33823 -0.10739 
-3.66859 -2.35627 0.907145 
-3.76447 -2.73406 -0.0975652 
-3.76068 -3.3383 0.504792 
-2.92647 -2.34542 -0.111248 
-2.76603 -2.50108 -0.113618 
-2.75101 -3.32638 0.160621 
-3.136 -3.3411 0.902848 
-3.73003 -2.40336 -0.12324 
-3.74579 -2.36867 0.86365 
-3.11519 -3.34931 -0.119884 
-3.77063 -3.11327 -0.0995416 
-3.78246 -2.91013 0.872068 
-2.77323 -2.68702 -0.113765 
-3.71733 -3.38212 0.89538 
-3.37474 -2.34179 0.885255 
-2.76766 -2.35938 0.574148 
-3.76404 -3.07871 0.897658 
-2.74933 -3.33731 0.6608 
-2.80024 -2.63928 0.884743 
-3.74301 -3.32585 0.34142 
-3.76084 -3.19629 0.869497 
-3.76873 -3.30647 -0.0873943 
-3.78429 -2.68286 -0.105888 
-2.79569 -3.32407 -0.113999 
-3.27875 -3.34353 -0.12434 
-2.77211 -2.33835 -0.105937 
-3.73956 -2.78392 -0.11689 
-2.73865 -2.49998 0.871752 
-3.75266 -3.32771 0.356558 
-3.43876 -3.33735 -0.13142 
-3.80062 -2.46445 0.879134 
-2.74059 -3.34225 0.392 
-2.74657 -2.63316 0.886233 
-3.17045 -2.35357 -0.103632 
-3.74075 -3.19029 0.874772 
-2.78095 -3.33479 0.877566 
-1.32424 -3.39547 1.92901 
-3.76518 -2.35268 0.0645608 
-2.76523 -3.2773 -0.0949256 
-3.45839 -3.33786 -0.109244 
-3.76758 -3.34736 0.721187 
-2.78044 -2.78392 -0.116187 
-3.79419 -3.17265 -0.0838554 
-3.21973 -3.32951 0.859688 
-2.74824 -3.29143 -0.107231 
-2.76691 -3.33347 0.813302 
-3.75301 -2.33168 -0.106715 
-3.67308 -2.36714 0.876209 
-3.78777 -2.35669 0.765239 
-3.09236 -3.34674 -0.10297 
-3.1901 -3.3385 -0.0980895 
-3.74144 -3.32706 0.592173 
-2.8388 -2.31996 0.89986 
-2.77574 -3.3243 0.883128 
-3.50444 -3.33733 0.899179 
-3.75224 -3.00438 0.87791 
-2.72415 -2.70077 -0.126277 
-3.78242 -3.34076 0.286122 
-3.73306 -2.32897 0.905217 
-3.80044 -3.09064 0.899745 
-2.77132 -2.90701 0.891574 
-3.74572 -2.69862 -0.10735 
