6.15924 4.56089 -3.36481 
6.81979 4.53459 -4.26589 
6.76289 3.56895 -4.32515 
7.07744 3.51854 -3.68342 
6.51829 4.58979 -3.34679 
6.29233 4.5834 -4.35231 
7.17105 3.90937 -4.32709 
6.18519 3.57095 -3.88289 
7.09447 3.55843 -3.80198 
7.16453 4.57042 -3.63114 
7.13357 4.52842 -4.0222 
6.19126 3.55328 -4.05593 
6.24949 4.25018 -4.35857 
6.17298 3.81032 -3.30784 
6.1314 4.53368 -3.74386 
6.41094 3.53191 -3.30615 
7.07328 4.19808 -4.26136 
6.40638 3.54829 -3.28311 
7.1597 3.61945 -3.32338 
6.16639 3.62271 -3.28983 
6.82827 4.56075 -3.30947 
6.05998 3.5501 -3.50927 
7.16163 3.57112 -4.05708 
6.12786 3.55564 -3.8292 
6.24162 3.54881 -4.30097 
