-2.62783 -1.36084 0.475767 
-2.9018 -2.09571 -0.546306 
-2.86169 -2.37072 -0.420033 
-2.87757 -2.37775 -0.523705 
-2.88539 -1.71942 0.467995 
-2.66161 -2.34571 0.438612 
-1.88079 -2.39319 -0.0848317 
-1.86406 -1.37787 -0.218912 
-2.86938 -2.33636 -0.303272 
-2.85624 -2.33784 0.0282393 
-2.68335 -2.39157 -0.541216 
-2.88965 -2.368 -0.322174 
-2.89171 -2.03708 0.45509 
-2.27791 -1.37548 -0.533094 
-2.41416 -1.3795 0.482355 
-2.86165 -1.37386 -0.461204 
-2.88268 -2.1833 -0.579107 
-1.86552 -1.36028 -0.324084 
-1.87571 -2.38323 -0.497304 
-1.88678 -1.61193 0.454581 
-2.85871 -1.33245 -0.544649 
-2.31319 -1.3368 -0.551664 
-1.88091 -2.32175 0.377714 
-1.87406 -1.35354 0.0557592 
-2.71099 -1.33204 -0.537709 
-2.23636 -1.34629 -0.545272 
-2.42656 -1.35722 0.456657 
-1.87042 -1.38968 -0.139217 
-1.87149 -1.36772 0.374771 
-2.88687 -1.36829 0.439939 
-2.89061 -1.78418 0.458896 
-1.88361 -1.57495 0.454155 
-1.86914 -2.22614 0.481329 
-2.78404 -2.32808 0.461124 
-2.07744 -2.34447 0.485593 
-1.89614 -1.81707 0.497852 
-2.42736 -2.3405 -0.538608 
-2.85961 -1.34244 0.0970332 
-1.99605 -2.35956 -0.567561 
-1.87407 -2.33242 0.37864 
-1.88193 -1.66126 0.475321 
-1.87596 -2.33972 -0.53432 
-1.86155 -1.37448 -0.51563 
-1.87188 -2.13917 0.457958 
-2.61546 -1.34837 0.456948 
-2.8806 -2.32109 0.111863 
-1.87882 -2.31543 -0.232743 
-2.01699 -3.45928 -0.00979605 
-1.86521 -1.35598 0.183116 
-1.86634 -1.60334 -0.502866 
-2.33974 -1.34288 -0.545785 
-2.87211 -1.37 0.187668 
-2.20011 -1.37438 -0.542635 
-2.14993 -2.33432 0.427175 
-2.86212 -2.35487 -0.172264 
-2.28839 -1.33579 -0.580072 
-1.86551 -2.29745 -0.433589 
-1.87172 -1.36845 0.130156 
-1.87044 -2.34796 0.320202 
-1.86744 -2.35991 0.330153 
-1.86676 -1.83485 0.455307 
-2.38641 -1.36372 0.484331 
-2.87299 -1.34683 -0.243682 
-1.85262 -1.71715 0.497922 
-1.84744 -1.55372 -0.535923 
-2.23189 -2.37818 0.466489 
-2.86377 -1.34272 -0.259094 
-1.88475 -2.08117 0.460537 
-2.38832 -2.37451 -0.541875 
-1.99279 -2.3415 -0.565189 
-1.84999 -2.34799 -0.533272 
-1.88358 -1.7627 0.45947 
-2.90167 -1.72511 0.45449 
-2.61135 -2.33668 0.446817 
-1.87701 -1.66791 -0.547538 
-2.82867 -2.33136 -0.548162 
-2.03315 -2.61381 0.406879 
-2.90387 -2.36559 0.393491 
-3.02649 -3.45448 -0.134773 
-2.86586 -1.31174 0.440455 
-1.87497 -1.37954 0.101537 
-2.18577 -1.3395 -0.574606 
-2.05241 -2.98039 0.336468 
-2.87642 -2.345 -0.106161 
-2.28671 -1.34293 -0.564837 
-2.76187 -2.35628 -0.574548 
-1.85245 -1.36296 -0.125894 
-2.86834 -2.22485 0.449862 
-1.89012 -2.34561 -0.140761 
-1.87662 -2.37469 -0.0973718 
-1.89535 -1.33826 0.0514552 
-2.87866 -1.34142 0.170738 
-1.86333 -1.65021 0.459224 
-2.89987 -2.34633 0.101219 
-1.90087 -2.38662 0.0869996 
-1.87342 -1.33496 -0.504619 
-2.85339 -2.31217 0.157032 
-1.86736 -1.74244 -0.566201 
-2.49902 -1.34528 0.462854 
-1.87865 -1.75831 -0.546627 
-2.47813 -1.36133 -0.56073 
-2.07394 -2.34279 0.446205 
-2.85636 -1.80954 -0.547419 
-1.93098 -2.34523 0.457484 
-2.89923 -2.27806 -0.549625 
-1.86316 -2.0489 0.476816 
-2.87735 -2.11499 0.429661 
-2.87624 -1.94859 -0.52975 
-2.88932 -2.35657 -0.192444 
-2.87559 -1.56459 0.423285 
-2.88817 -2.33338 -0.379419 
-1.8764 -1.40379 0.450163 
-1.90099 -1.3336 -0.326911 
-1.90385 -1.89075 0.480972 
-2.87197 -1.73611 -0.538118 
-2.86239 -2.35455 -0.332968 
-1.90181 -2.01405 -0.538995 
-2.67557 -2.39418 -0.543322 
-2.88106 -2.29252 -0.561165 
-2.88925 -1.35983 -0.398307 
-1.88241 -2.3775 -0.260281 
-2.53911 -2.39427 0.461518 
-2.43991 -1.34223 -0.545584 
-1.86764 -1.35091 -0.526725 
-2.69944 -1.35575 -0.539585 
-2.84537 -2.44438 0.371364 
-2.84958 -2.39037 -0.0689604 
-1.87899 -2.33669 0.253512 
-2.57916 -2.36353 -0.525347 
-2.88162 -2.28858 0.4698 
-1.85233 -1.3365 0.370123 
-1.90681 -1.36186 -0.0215228 
-1.8722 -2.34554 0.0249134 
-1.85433 -1.36302 -0.272916 
-1.87761 -2.3515 -0.221279 
-1.87678 -2.23363 0.460535 
-1.88745 -1.32814 0.0884545 
-2.82855 -2.37569 -0.53939 
-2.55594 -1.36253 -0.512212 
-2.8699 -1.32869 -0.259287 
-2.21357 -2.35312 0.450647 
-1.87675 -1.53996 -0.546632 
-2.85655 -2.3417 -0.40548 
-1.98464 -1.34337 -0.541688 
-1.85695 -1.95896 0.447604 
-1.89454 -1.36064 0.237284 
-2.88597 -1.33066 0.216279 
-2.37183 -2.35316 -0.561681 
-2.8516 -1.37721 0.460249 
-2.5971 -2.35746 0.432728 
-2.87847 -1.46194 0.462447 
-1.8834 -2.32847 0.461798 
-2.86608 -1.59997 -0.559811 
-2.36298 -1.36672 0.448427 
-2.47951 -1.35778 -0.551382 
-1.87025 -1.71975 0.443864 
-1.87688 -1.44737 -0.580037 
-2.78978 -2.36222 -0.553912 
-1.88804 -2.36111 -0.48595 
-2.89474 -2.3284 -0.0191571 
-2.90782 -1.69353 0.449675 
-2.24038 -2.36855 0.482812 
-2.67692 -2.35698 0.47465 
-2.89973 -1.51606 -0.553626 
-1.84682 -2.31911 0.0667226 
-1.86411 -1.32752 0.365176 
-2.04185 -2.34879 0.43975 
-2.23256 -2.34212 0.429176 
-2.6649 -2.39158 0.475721 
-1.87454 -2.33919 0.376729 
-2.39862 -2.3448 -0.543832 
-2.86375 -1.35013 0.0973688 
-2.89181 -1.60068 -0.55371 
-2.49682 -2.31402 -0.5792 
-1.87945 -2.3479 0.151319 
-2.86473 -1.35093 -0.561681 
-1.8703 -2.26622 0.458114 
-2.89597 -1.339 -0.466044 
-2.88376 -2.23437 0.413505 
-2.145 -2.36066 0.474711 
-1.87997 -1.83359 0.50665 
-2.88937 -1.36017 0.370876 
-2.73145 -2.35604 0.466785 
-1.87886 -1.36448 0.36279 
-2.02699 -1.32359 -0.503575 
-1.8983 -2.33435 0.0625873 
-2.03456 -3.38924 0.114642 
-2.7832 -1.29406 -0.5476 
-1.86632 -1.36364 -0.394895 
-1.90272 -2.04574 -0.527282 
-2.32589 -1.35576 0.447288 
-2.90483 -1.47028 -0.518455 
-1.88715 -1.32894 0.170544 
-2.87378 -1.36714 -0.0213396 
-2.88763 -1.65405 0.476953 
-1.88068 -1.41683 -0.541483 
-1.96355 -1.31609 -0.557229 
-1.89373 -1.31124 0.0783692 
-2.86447 -1.34309 -0.471385 
-1.95712 -1.35928 0.457098 
