1 -9.24187 2.82174 
1 -2.72597 1.0722 
1 -10.2604 3.32081 
1 5.39195 -4.05917 
1 5.20529 -2.71044 
1 -2.30928 -0.423391 
1 -4.05723 0.402258 
1 -7.42164 3.6896 
1 -10.3889 3.35998 
1 -4.48581 0.589994 
1 -2.83744 0.886737 
1 -0.829016 -1.14674 
1 -8.46174 2.46859 
1 0.139425 -1.5893 
1 -9.86888 3.13093 
1 4.77783 -3.76608 
1 -10.5513 3.41974 
1 -7.07411 3.51828 
1 -7.43783 1.96884 
1 5.44181 -4.0792 
1 -0.674794 -1.20312 
1 -8.20283 2.32519 
1 -4.4765 2.08498 
1 -7.12967 1.8256 
1 -2.09235 -0.558415 
1 -0.281571 -1.40453 
1 -4.10024 0.418749 
1 -11.2989 3.78519 
1 3.50663 -3.19229 
1 2.5292 -2.70686 
1 4.87685 -2.42962 
1 -7.16165 3.54774 
1 -4.5482 2.15402 
1 -4.54874 0.625351 
1 -1.94896 -0.615143 
1 6.14439 -4.40131 
1 -0.259059 -1.39397 
1 -7.02302 1.77679 
1 -1.89921 0.747051 
1 -7.50272 3.68893 
1 1.25989 -2.1191 
1 -3.12619 -0.0634914 
1 1.41739 -2.19254 
1 -10.1194 3.2205 
1 -0.656334 -1.19119 
1 0.154974 -0.382293 
1 -1.62429 -0.748933 
1 1.4616 -3.34851 
1 -2.54804 -0.325382 
1 -7.16399 3.56127 
1 -1.92942 -0.59637 
1 -7.43153 1.96921 
1 0.811525 -1.91391 
1 -6.68084 1.61566 
1 -0.0320646 -1.48429 
1 -10.5643 3.44522 
1 -1.78113 -0.686961 
1 -7.18555 1.85928 
1 -1.9504 -0.645201 
1 4.90236 -3.83814 
1 -9.11539 2.77961 
1 -4.33038 0.502721 
1 -6.53312 1.52952 
1 0.213836 -1.6242 
1 -7.73543 3.86718 
1 -8.95593 2.67657 
1 5.12674 -3.94362 
1 -0.17238 -0.184189 
1 -0.191995 -1.43168 
1 -1.84989 -0.665696 
1 5.90104 -4.30521 
1 -9.16309 2.77612 
1 -7.73584 2.12566 
1 4.98145 -3.85103 
1 -0.241523 -1.38995 
1 3.21951 -3.03176 
