1 4.83776 7.23054 
1 3.7353 5.48992 
1 4.02515 5.91033 
1 6.35797 9.67157 
1 0.243495 -0.134795 
1 4.99294 7.47733 
1 2.3298 3.18363 
1 5.33866 8.07271 
1 5.25711 7.91574 
1 6.25518 9.51373 
1 6.43158 9.78524 
1 6.37001 9.67317 
1 2.34972 3.24571 
1 6.14032 9.31868 
1 1.81817 2.39868 
1 5.05053 7.60388 
1 5.05353 7.55181 
1 4.58515 6.82361 
1 4.4955 6.65531 
1 1.70164 2.19192 
1 5.43249 8.17673 
1 -1.53768 -2.99361 
1 6.03989 9.159 
1 0.242257 -1.98827 
1 5.89721 8.90532 
1 5.17756 7.77902 
1 0.386428 -2.7941 
1 6.34894 9.69232 
1 3.49193 5.07776 
1 3.76196 5.48699 
1 4.272 6.33705 
1 4.98794 7.48067 
1 1.75253 2.26041 
1 2.76933 3.93052 
1 3.33468 4.80199 
1 6.10204 9.25763 
1 5.02761 7.52294 
1 5.81408 8.81026 
1 -2.14491 -3.94981 
