1 3.9434 5.79555 
1 -1.28429 -2.55492 
1 4.20395 6.22081 
1 4.89269 7.33317 
1 2.1613 2.92227 
1 1.99306 2.63977 
1 -2.10108 -3.89627 
1 1.96961 2.66813 
1 6.03029 9.12706 
1 -3.16175 -5.58557 
1 -3.44074 -5.99932 
1 1.66641 2.16825 
1 3.58979 5.19648 
1 0.126082 -0.312053 
1 3.048 4.35054 
1 -3.98972 -6.92653 
1 -1.49463 -2.91008 
1 2.00428 2.69711 
1 1.54326 1.93903 
1 -2.83808 -5.0816 
1 1.59211 1.99649 
1 2.11024 2.84681 
1 -0.454045 -1.26176 
1 4.25044 6.27437 
1 3.61137 5.28723 
1 1.57374 1.99598 
1 0.237142 -0.157121 
1 2.33398 3.18269 
1 -2.06594 -3.92088 
1 0.353573 0.0440516 
1 1.49011 1.86829 
1 -4.0415 -7.02213 
1 -0.25187 -0.918585 
1 2.63081 3.714 
1 -3.254 -5.73499 
1 1.81197 2.39105 
1 -2.73751 -4.94552 
1 -3.5454 -6.1829 
1 -1.11192 -2.25655 
1 -2.87855 -5.11862 
1 -1.59459 -3.10176 
1 -3.72777 -6.47749 
1 -0.993681 -2.13983 
1 -3.10703 -5.5116 
1 -3.03284 -5.38642 
1 5.96965 9.02711 
1 3.32349 4.78525 
1 1.33222 1.62628 
1 3.15496 4.55201 
1 -0.141355 -0.735544 
1 3.96818 5.8644 
1 4.74286 7.09126 
1 1.49244 1.86554 
1 -3.03696 -5.37941 
1 2.27185 3.12397 
1 2.83493 4.01714 
1 -3.70428 -6.45034 
1 -3.88565 -6.75171 
1 -0.868869 -1.92105 
1 2.5526 3.58324 
1 -3.23682 -5.71964 
1 -0.831512 -1.82357 
1 -1.11631 -2.29999 
1 0.447166 0.187258 
1 3.91717 5.74926 
1 5.80797 8.77841 
1 2.78743 3.93206 
1 -1.4032 -2.76732 
1 3.57586 5.17914 
1 0.858854 0.856188 
1 -2.94643 -5.24352 
1 0.669956 0.557471 
1 -2.95231 -5.23233 
1 4.18954 6.1961 
1 6.43238 9.77255 
1 -2.79102 -5.01866 
1 1.59197 2.01472 
1 -2.77452 -4.96323 
1 -3.69666 -6.4161 
1 -1.38621 -2.74404 
1 -2.09024 -3.87066 
1 -1.91787 -3.5948 
1 0.67269 0.531487 
1 -3.43645 -6.03628 
1 0.154141 -0.262208 
1 0.200709 -0.185006 
1 1.86444 2.46041 
1 2.60505 3.63652 
1 -1.99054 -3.69145 
1 2.76598 3.90587 
1 -3.64285 -6.35706 
1 2.41273 3.35945 
1 4.63166 6.88656 
1 0.79087 0.726934 
1 0.45756 0.165131 
1 -1.29331 -2.63217 
1 4.09401 6.04708 
1 -3.46928 -6.13002 
1 1.32823 1.60197 
1 -2.23222 -4.10115 
1 -0.944623 -2.04818 
1 -1.24987 -2.50007 
1 -1.51619 -2.9408 
1 -3.36515 -5.93357 
1 2.39694 3.31613 
1 -0.871948 -1.94346 
1 -1.49535 -2.88671 
1 -2.50395 -4.54636 
1 0.272641 -0.0892717 
1 0.161931 -0.258457 
1 -1.69909 -3.23849 
1 -0.122165 -0.704704 
1 -1.52699 -2.95014 
1 -3.67989 -6.39937 
1 -2.14596 -3.94033 
1 -2.14831 -3.99095 
1 3.7392 5.44712 
1 -1.59294 -3.07161 
1 2.79392 3.97029 
1 -0.733653 -1.68143 
1 -3.76652 -6.542 
1 0.615745 0.472011 
1 -3.93538 -6.84073 
1 5.88595 8.92361 
1 0.192058 -0.209487 
1 -0.257814 -0.965578 
1 -3.32193 -5.83937 
1 -1.63018 -3.12874 
1 5.84528 8.82477 
1 -3.4689 -6.11213 
1 -1.74458 -3.32098 
1 6.36707 9.70247 
1 0.528102 0.317807 
1 -2.15431 -3.97667 
1 -0.560517 -1.3933 
1 3.94182 5.78558 
1 -1.91633 -3.59576 
1 4.41864 6.5594 
1 1.67754 2.15854 
1 -3.05099 -5.39978 
1 4.78703 7.11334 
1 2.90383 4.12371 
1 0.909676 0.941677 
1 3.93898 5.79502 
1 -3.87925 -6.71604 
1 3.88937 5.73396 
1 4.94607 7.43135 
1 6.45019 9.81923 
1 -3.48713 -6.09869 
1 5.62357 8.47729 
1 -1.96393 -3.67184 
