1 3.58421 -12.5649 
1 -1.38123 -1.39175 
1 -3.77586 2.60708 
1 1.00513 -6.94149 
1 -0.010356 -4.62004 
1 3.48142 -12.3085 
1 3.35387 -12.0925 
1 -1.2883 -1.6677 
1 1.97079 -8.89906 
1 -3.8308 2.61351 
1 0.478374 -5.58411 
1 -2.58952 1.31508 
1 1.95306 -8.79089 
1 0.860477 -6.44726 
1 1.45944 -7.65335 
1 -1.2511 -1.6331 
1 3.59846 -12.3673 
1 -0.82927 -2.51343 
1 3.22192 -11.7287 
1 -0.724551 -2.83849 
1 -0.924938 -2.49324 
1 -0.592754 -3.16698 
1 3.54089 -12.5231 
1 0.10528 -4.76804 
1 -0.809056 -2.70831 
1 -3.03224 2.25394 
1 1.99837 -9.13492 
1 0.527786 -5.6199 
1 -1.25133 -1.54913 
1 2.63216 -10.588 
1 -1.81988 -0.334307 
1 -1.4764 -1.06316 
1 -3.17598 2.68458 
1 -0.571459 -3.05746 
1 3.59222 -12.76 
1 1.4149 -7.88823 
1 -1.95113 -0.136121 
1 2.46155 -10.1214 
1 0.702822 -5.96424 
1 -1.27222 -1.78826 
1 1.20261 -7.00348 
1 3.27526 -11.7827 
1 1.93465 -8.78296 
1 3.41715 -12.2519 
1 0.0186419 -4.45825 
1 -0.770544 -2.71224 
1 2.48908 -10.0669 
1 2.28953 -9.49918 
1 1.35351 -7.57045 
1 2.32515 -9.82989 
1 2.5605 -10.0593 
1 3.27444 -11.8861 
1 -0.275239 -3.64907 
1 -1.66817 -0.69167 
1 2.3283 -9.54306 
1 1.6768 -8.20214 
1 0.509613 -5.5676 
1 -2.33248 0.668723 
