2.01238 3.5914 -4.09594 
2.98875 3.55131 -3.92989 
1.96745 2.52843 -3.82581 
2.95631 3.53833 -4.42499 
3.0269 2.83761 -3.39066 
2.96407 3.13085 -3.39269 
2.98481 3.58299 -4.18152 
1.99336 2.66431 -3.41522 
2.52091 3.64305 -4.40596 
2.82039 3.5378 -4.44628 
2.9793 2.5753 -4.43688 
3.01185 3.01456 -3.40119 
3.02705 2.92219 -4.39132 
2.65156 3.53322 -3.44697 
2.00829 2.90439 -4.39834 
1.97185 3.54019 -3.80793 
2.97821 3.23649 -4.40817 
2.93933 2.53804 -3.41093 
2.54528 3.58982 -4.393 
2.74602 3.60214 -4.4231 
2.89383 3.56518 -3.39244 
3.03397 3.59507 -3.89317 
1.99224 3.57013 -4.05339 
2.1942 3.58022 -3.41179 
2.97366 3.48537 -3.60463 
2.00278 3.15098 -4.43441 
2.99817 2.7503 -4.42815 
2.1728 3.6232 -3.42809 
2.33227 3.55785 -4.37554 
3.0009 3.595 -3.79671 
3.00174 3.16758 -4.37955 
2.22411 3.6156 -4.37461 
2.99523 3.56339 -4.02527 
3.02754 3.53621 -4.40012 
2.40958 2.55341 -4.39005 
2.98625 3.53401 -3.38437 
1.99461 3.24259 -4.41972 
3.0031 2.5314 -4.16513 
2.01435 3.63836 -3.45447 
2.89169 3.56935 -4.3868 
2.09755 2.59094 -4.40851 
3.01929 3.15393 -3.40524 
3.01039 3.56453 -3.63145 
1.99966 2.55582 -3.94117 
2.00314 2.60987 -4.37349 
2.05771 2.57903 -3.38069 
2.99001 2.53101 -4.35574 
2.98178 3.21421 -3.40858 
1.97608 3.25556 -4.40863 
2.03476 2.51827 -4.40681 
2.90784 2.56687 -3.41374 
2.00716 3.60231 -3.62423 
2.13569 2.57163 -3.39145 
2.92253 2.57561 -4.405 
2.9747 2.56513 -3.41542 
1.99311 3.54405 -3.49484 
2.01305 2.58635 -4.07378 
1.98193 2.51417 -4.0449 
2.34247 2.5737 -4.39621 
2.9995 3.25349 -4.41035 
2.68827 3.52181 -3.39694 
2.98057 2.78947 -4.40545 
3.01575 2.75846 -3.42089 
2.26642 2.55602 -3.41265 
1.99174 2.55688 -3.95786 
3.00749 2.60798 -4.15279 
2.98664 2.55401 -4.41503 
1.98725 3.33166 -4.40687 
3.01292 2.69523 -4.41708 
2.88687 2.51502 -3.42202 
2.00141 2.54978 -3.51528 
2.97035 3.52565 -4.0716 
1.99466 3.58333 -4.26143 
2.97836 2.56482 -3.98472 
3.02522 3.59283 -4.19407 
2.00073 2.82934 -4.37308 
2.97214 3.57755 -3.44973 
1.97557 2.54251 -4.39426 
2.02161 3.60416 -4.03064 
2.60796 2.52905 -4.40278 
2.73342 2.55557 -3.3893 
2.96927 2.87994 -4.39484 
2.99559 3.09405 -4.3966 
1.98476 3.38753 -3.3921 
2.01163 3.59684 -4.3937 
2.54036 2.59971 -3.41706 
2.98817 3.53529 -4.3647 
2.87667 3.53451 -4.4121 
3.01281 3.08888 -4.41353 
1.98919 3.58048 -3.91562 
2.44998 2.54114 -4.39445 
2.97921 3.07636 -3.41422 
2.59351 2.61113 -3.40432 
3.0107 3.26112 -3.39691 
2.97067 3.54547 -4.3997 
1.99579 2.48137 -3.43552 
2.02965 2.62096 -3.50646 
2.62504 2.52754 -4.41638 
2.78269 2.56315 -4.39939 
2.02488 3.53152 -4.43655 
2.65713 3.57986 -4.41009 
1.96428 3.3895 -4.398 
2.87117 2.55179 -4.39196 
2.65889 3.51274 -3.37862 
2.09997 2.4739 -3.42364 
3.01291 2.56751 -4.17668 
1.98634 2.8018 -3.39806 
2.34158 2.62777 -3.4331 
1.98573 3.57308 -4.18599 
2.97428 2.57058 -4.32281 
2.99429 3.57563 -3.92779 
2.95831 3.42494 -4.38668 
1.97618 2.52766 -3.70127 
2.20767 2.54816 -3.42955 
2.9897 3.54827 -4.4052 
2.00201 3.40862 -3.40221 
2.96136 3.58627 -4.3953 
2.08939 3.61365 -4.36722 
1.9908 2.5752 -3.39709 
2.29521 2.56782 -3.39533 
3.00276 2.60278 -4.26244 
1.99804 3.56485 -3.37423 
2.01335 2.99673 -4.4028 
2.60032 2.56162 -3.39768 
2.64973 2.57639 -3.38676 
2.4138 2.54451 -3.40996 
2.02132 3.58199 -3.87161 
2.9939 3.14947 -3.40917 
2.00626 3.58464 -3.73007 
2.98081 3.52857 -3.41631 
2.02209 2.56199 -4.39133 
2.97781 2.57483 -3.43692 
2.9156 3.53028 -4.41333 
3.0028 3.58461 -3.96609 
2.02953 3.55475 -4.40799 
2.95346 3.54338 -3.7882 
2.98271 3.23438 -4.37686 
2.97307 3.57177 -3.92178 
2.01043 3.35184 -4.42543 
2.94116 3.58964 -3.37367 
2.99705 2.76807 -3.44686 
2.16982 3.56419 -3.42274 
2.00744 2.90238 -4.42156 
2.43069 3.63899 -4.39596 
2.05498 3.54219 -4.47451 
3.0022 3.5938 -4.11538 
2.80316 3.60525 -3.40248 
2.99011 3.55088 -4.3008 
2.23906 2.56459 -3.42392 
1.98859 3.47541 -3.40549 
2.98991 2.58131 -3.49443 
2.99221 2.56439 -4.3103 
1.96178 3.30509 -3.38303 
1.9694 2.53776 -4.34398 
3.01217 2.62638 -3.41745 
2.01591 2.60341 -3.38747 
2.95667 2.90604 -3.40056 
2.62151 3.56417 -4.40201 
3.02214 3.4404 -3.37555 
3.00819 3.1772 -4.39629 
2.94382 2.51351 -4.42639 
2.9873 3.5852 -3.6432 
2.99516 3.56834 -3.76431 
1.99924 2.83458 -4.43122 
3.0019 3.44812 -4.40495 
2.6282 3.52486 -4.41199 
3.02749 3.05736 -4.4218 
2.74525 2.62817 -4.4168 
2.93954 3.5726 -3.436 
2.3353 3.54784 -4.36713 
2.2494 3.57791 -3.42435 
2.95722 2.53722 -3.76048 
1.98426 3.37674 -4.42083 
2.04749 3.56914 -4.3972 
2.009 3.56443 -3.41869 
2.98874 2.52312 -3.42829 
2.92453 3.54169 -4.40252 
1.99688 2.55636 -4.38997 
2.07174 2.53881 -4.41927 
3.00725 2.88561 -3.39891 
2.97099 2.71668 -4.39599 
2.4771 2.54453 -3.39054 
2.00369 2.73598 -3.39616 
2.06992 3.63499 -3.39426 
1.99263 2.57528 -3.65666 
1.98943 2.60383 -3.98166 
3.01112 3.2865 -3.39983 
1.98251 2.60792 -4.37553 
2.98859 2.51905 -4.10745 
1.99385 3.20871 -4.38926 
2.18241 3.53569 -3.3935 
2.06 2.56551 -3.41503 
3.01263 2.98213 -3.41042 
1.9759 3.54942 -4.14959 
2.21873 3.60568 -4.41909 
1.994 2.5751 -4.31818 
1.99933 3.2086 -4.40732 
