1.35485 -4.00973 -0.00667276 
2.33636 -5.03542 0.581607 
1.67183 -4.00834 -0.0740101 
3.2911 -3.29484 -0.791101 
2.31958 -4.8732 -0.119271 
3.25549 -2.27403 -0.271701 
1.34312 -3.98645 0.11191 
1.33564 -5.02146 0.0650451 
2.32792 -4.87346 -0.106721 
1.3527 -4.31037 0.932175 
2.08831 -3.99668 0.851983 
2.32439 -2.8366 -0.27271 
3.35142 -3.25482 -0.923729 
2.33563 -4.54254 -0.111831 
2.2751 -2.879 -0.281946 
2.96172 -2.3342 -1.2875 
1.34205 -5.02455 0.394587 
2.33298 -4.03676 0.155352 
2.2833 -3.95274 0.0405429 
