0.452719 -1.80691 5.73564 
1.05705 -1.15063 6.86237 
1.46765 -2.11263 6.60573 
0.616937 -1.12483 5.72691 
0.506163 -1.33693 5.81052 
0.514526 -1.98314 6.85139 
0.479983 -2.13714 5.99454 
0.786364 -1.10974 5.78206 
1.47311 -2.13921 6.87509 
0.919848 -1.12303 6.7986 
1.54008 -1.51828 6.91162 
1.4945 -1.39555 5.78391 
1.51714 -2.11161 6.42709 
0.748577 -2.13405 6.86457 
0.580035 -1.15178 5.91367 
1.33919 -1.14095 5.78885 
0.462622 -1.64318 6.75403 
1.07517 -1.13158 6.80169 
0.671808 -2.11631 5.8239 
0.523363 -1.15055 6.70724 
1.36738 -2.11959 5.78886 
1.28192 -1.11211 6.77417 
1.42441 -2.12135 6.79226 
1.42583 -1.14638 5.78104 
0.504559 -1.14467 6.68575 
0.516346 -1.1415 6.29058 
1.46729 -1.15695 5.7632 
1.18396 -2.14054 6.81076 
0.491981 -2.11101 6.55554 
0.510533 -2.13736 5.97947 
0.494985 -1.39459 6.78731 
0.517313 -2.13431 6.21046 
0.505224 -1.09774 5.7288 
0.607142 -2.14217 6.86781 
0.899075 -2.11754 5.89821 
1.5074 -1.10619 6.66256 
1.48387 -1.98856 6.83343 
0.749295 -2.15214 5.84531 
0.917925 -1.08431 5.70722 
0.503214 -1.68455 6.82871 
1.03501 -2.12785 6.87583 
1.44947 -1.1458 5.87659 
0.495065 -2.11293 6.32317 
1.47147 -1.24535 5.77825 
1.48777 -1.13384 6.7499 
1.1781 -2.09965 5.77316 
1.47855 -1.09633 5.91303 
1.51881 -1.74921 5.87302 
1.47356 -1.67192 5.73722 
0.877949 -2.12979 6.86505 
0.535384 -2.13539 5.72677 
1.25751 -2.11841 5.78283 
0.480453 -1.64364 5.78091 
1.52291 -2.10403 6.66138 
1.53886 -2.13927 6.01419 
1.47645 -1.68145 6.80512 
1.25756 -1.12001 5.77949 
0.513801 -1.4903 6.83694 
0.514756 -1.63109 6.85103 
0.617449 -1.1217 5.77508 
0.586167 -1.13077 6.78825 
1.48227 -1.86043 6.72939 
1.53191 -2.13536 6.59557 
1.49633 -1.46398 6.82789 
1.44294 -2.14014 5.9134 
0.884913 -1.12234 5.79411 
1.24686 -1.13712 6.87958 
1.49523 -2.08171 6.84291 
0.523859 -1.13283 6.07051 
0.924933 -2.10206 6.85472 
1.44963 -1.43272 5.71224 
1.19188 -2.12819 6.8444 
0.788221 -1.11792 6.80003 
0.510336 -1.72009 5.83431 
0.637574 -1.14173 5.89962 
1.48414 -1.67787 6.7674 
1.5014 -1.13054 6.1536 
0.56706 -2.10477 6.82512 
1.52566 -1.12541 5.92939 
