1.03675 1.53404 0.687564 
0.825148 1.96237 0.673623 
-0.0945138 -0.400169 -1.04046 
0.0507687 1.45601 1.63742 
0.0383644 1.29986 1.64889 
0.580466 0.958984 0.629074 
0.0308498 0.957607 0.793077 
0.876958 0.949593 0.635626 
0.107584 -1.96788 0.989742 
1.03736 0.953224 1.24283 
0.035197 1.62521 0.650341 
0.0409693 1.9674 0.880246 
0.532606 1.9507 0.653962 
0.92906 1.96492 0.624132 
0.592492 1.94964 1.63911 
0.278146 1.92599 1.64862 
0.0437239 1.95621 1.53674 
0.0401763 0.945895 0.722183 
0.0410822 1.22396 0.682673 
1.04742 0.953642 0.768633 
-0.12431 -0.651786 -1.10145 
1.04707 1.64899 1.65581 
0.0412897 0.970135 1.41445 
0.607641 0.982969 1.68061 
1.04917 0.949306 1.48139 
-1.50753 -0.375221 -1.57776 
0.648031 1.96453 0.663464 
0.0340952 1.33949 1.68284 
0.0491002 0.922907 1.62632 
0.949448 1.46851 0.0797898 
0.473559 1.94844 1.63604 
1.0452 0.941117 1.5704 
-1.10188 0.627915 -0.641795 
0.0173079 0.938521 1.46855 
1.03145 1.99718 1.16877 
0.270038 -1.37477 -1.13873 
0.0403027 1.30623 0.615037 
1.01188 0.953263 1.66618 
0.88818 -0.73276 -0.111645 
1.03144 1.53586 0.631978 
0.0278884 1.05282 1.69437 
1.04338 1.47503 0.665532 
1.03795 1.6351 0.661802 
0.187024 1.96394 1.6757 
0.892457 -1.36713 -0.839559 
0.0354159 1.51723 1.63257 
0.0387159 1.92537 0.673322 
0.843653 1.97014 1.64743 
0.324279 0.946228 0.624257 
0.821156 0.949577 0.700632 
1.03465 1.7502 1.6419 
-0.0805847 -0.400812 -0.966901 
0.0442981 0.967415 0.667663 
1.04915 1.96097 1.36273 
0.907797 -1.40007 -1.10578 
1.03834 0.947237 1.25527 
0.0527603 1.81204 0.654284 
0.00466278 1.80768 0.113939 
0.0513006 1.95622 1.69353 
0.797734 1.95882 0.670914 
0.908141 1.96769 1.63825 
1.04404 1.90411 1.71416 
1.05846 0.96038 1.64511 
-0.0874139 -1.38437 -0.203987 
1.03395 1.38279 0.652112 
0.0422754 1.50063 1.62395 
0.0532279 1.32251 0.651602 
-2.13486 0.632326 -1.39182 
1.04293 1.8826 0.672762 
1.03112 1.56744 0.690882 
0.403545 0.985232 1.65459 
-0.107541 -1.23212 -1.12225 
0.666236 -1.3922 -0.117361 
0.35473 1.82158 1.09185 
-0.0822447 -1.39189 -0.119657 
1.04668 1.95874 0.962649 
1.0405 0.956795 1.06114 
-0.0629398 -1.37027 -1.09019 
1.03547 0.973902 1.69513 
0.0365702 1.34011 1.66021 
-0.0993717 -0.390446 -0.197613 
1.04053 1.96467 1.41887 
1.05237 1.53643 1.67832 
-0.0996525 -1.3886 -0.482539 
1.04147 0.954379 1.08502 
0.0497595 1.13886 1.68194 
0.054745 1.90147 1.65408 
0.910819 -1.37986 -1.12527 
0.695952 0.949483 1.66919 
0.038541 1.50961 0.631111 
1.04896 1.8293 1.62164 
0.0306311 1.95871 1.53709 
0.536744 1.95353 1.68595 
1.05303 1.30743 0.655744 
0.0470829 0.985406 0.632056 
0.449448 0.950327 0.671801 
1.04844 1.77165 0.674259 
0.421396 1.94581 0.644345 
0.0329271 1.93627 1.66319 
1.04965 1.96067 1.16729 
1.04166 1.95251 1.33135 
0.58591 1.96161 1.63744 
