1 5.37297 -4.99592 
1 -6.86219 -0.651625 
1 -0.760819 -2.81719 
1 -1.01388 -2.77236 
1 -1.01974 -2.73216 
1 1.72423 -3.6933 
1 -5.22758 -1.22274 
1 -6.77445 -0.713929 
1 6.93813 -5.64529 
1 4.59673 -4.76648 
1 -1.42365 -2.5941 
1 1.60782 -3.67879 
1 1.75509 -3.7717 
1 -8.03306 -0.201906 
1 -9.35976 0.252282 
1 4.00912 -4.59688 
1 -1.22535 -2.65789 
1 -4.0807 -1.65925 
1 3.0422 -4.22274 
1 -2.06481 -2.35174 
1 4.69211 -4.78074 
1 4.09955 -4.5876 
1 -7.63289 -0.36792 
1 -6.04947 -0.923311 
1 3.15672 -4.27004 
1 3.14671 -4.26278 
1 -5.51823 -1.15134 
1 4.54154 -4.71392 
1 -3.13161 -1.96537 
1 -2.85372 -2.08369 
1 -7.86409 -0.263034 
1 -2.95823 -2.00535 
1 -8.78441 0.0645231 
1 -3.82774 -1.74184 
1 6.22385 -5.33233 
1 -2.66664 -2.15184 
1 -9.05341 0.115832 
1 -1.17022 -2.68983 
1 7.69675 -5.88938 
1 -3.56274 -1.80589 
1 8.25986 -6.10042 
1 -4.69136 -1.46171 
1 -2.69775 -2.15397 
1 2.9206 -4.16525 
1 1.20533 -3.49429 
1 6.40574 -5.39391 
1 6.7268 -5.51348 
1 -7.56022 -0.407448 
1 -0.40294 -2.96395 
1 3.24988 -4.2521 
1 -9.37067 0.246541 
1 -6.55995 -0.778539 
1 9.31489 -6.4578 
1 -0.828908 -2.80348 
1 -5.17426 -1.23147 
1 -2.28849 -2.28525 
1 -1.75907 -2.4855 
1 6.70157 -5.5432 
1 3.21567 -4.24264 
1 2.19615 -3.90079 
1 -3.59111 -1.80861 
1 -2.10168 -2.35476 
1 9.37418 -6.48707 
1 -5.05284 -1.31393 
1 5.64415 -5.16156 
1 8.30054 -6.10078 
1 3.09193 -4.21804 
1 -7.4917 -0.417733 
1 3.27695 -4.33703 
1 -8.57719 -0.0174076 
1 -5.95606 -0.949353 
1 -0.584072 -2.93044 
1 -7.09114 -0.590191 
1 4.724 -4.81423 
1 7.33229 -5.74095 
1 -9.40225 0.305714 
1 -0.84863 -2.80284 
1 4.47157 -4.71092 
1 5.53865 -5.0811 
1 -4.95916 -1.29647 
1 -6.53317 -0.743347 
1 -7.00614 -0.584466 
1 -1.49012 -2.53048 
1 3.96571 -4.54946 
1 1.99214 -3.80955 
1 4.77545 -4.84569 
1 -8.88539 0.0869993 
1 -0.0495679 -3.06351 
1 4.67311 -4.80749 
1 -6.59006 -0.755061 
1 0.58974 -3.36821 
1 4.83421 -4.85192 
1 -3.93856 -1.67713 
1 2.1142 -3.89329 
1 -0.705633 -2.87469 
1 -3.13519 -1.9802 
1 -6.50803 -0.780736 
1 8.97638 -6.33988 
1 3.25159 -4.316 
1 7.14951 -5.68285 
1 -0.742317 -2.87794 
1 7.47244 -5.80828 
1 6.33051 -5.38959 
1 -5.2617 -1.21942 
1 2.64513 -4.0427 
1 -4.34732 -1.54423 
1 8.69463 -6.22633 
1 -7.71023 -0.361284 
1 0.235622 -3.18447 
1 -2.19915 -2.29646 
1 7.73034 -5.88169 
1 8.26444 -6.0976 
1 3.79228 -4.45736 
1 5.94379 -5.2245 
1 4.27253 -4.66471 
1 -6.26627 -0.867092 
1 -4.12564 -1.62622 
1 -5.90047 -1.01095 
1 -5.75114 -1.08733 
1 -6.7569 -0.708103 
1 -8.46879 -0.057158 
1 -7.88865 -0.275471 
1 -2.60985 -2.18276 
1 -5.76922 -1.05489 
1 -4.48372 -1.48322 
1 -6.01634 -0.933936 
1 5.16356 -4.93266 
1 -1.41001 -2.59945 
1 5.9076 -5.22803 
1 -4.05921 -1.66481 
1 3.38054 -4.31258 
1 -6.39834 -0.814578 
1 -7.78822 -0.344831 
1 6.27428 -5.38735 
1 6.69834 -5.55776 
1 3.53094 -4.38374 
1 9.29842 -6.48475 
1 0.185929 -3.17488 
1 2.12063 -3.87623 
1 -5.83072 -1.03088 
1 -9.21367 0.209084 
1 9.33504 -6.50863 
1 0.41173 -3.2456 
1 8.77014 -6.22727 
1 -4.05745 -1.6472 
1 0.680596 -3.36046 
1 -3.60956 -1.81938 
1 -5.15392 -1.23436 
1 6.90106 -5.58547 
1 4.27569 -4.67248 
1 5.6855 -5.19326 
1 -0.24044 -3.06321 
1 2.20437 -3.91407 
1 7.49249 -5.7901 
1 3.11724 -4.20456 
1 -1.5789 -2.54122 
1 -2.26453 -2.28208 
1 -2.43846 -2.26251 
1 3.03556 -4.20086 
1 -2.84185 -2.10027 
1 -5.88986 -0.996068 
1 -0.826965 -2.80616 
1 -2.92868 -2.07669 
1 -4.80999 -1.38264 
1 0.809136 -3.41478 
1 0.874247 -3.39753 
1 -1.86261 -2.41926 
1 -4.39346 -1.54043 
1 -2.86264 -2.12274 
1 1.45217 -3.68473 
1 -7.36925 -0.42802 
1 3.86038 -4.49326 
1 -8.37811 -0.100384 
1 -5.62618 -1.09679 
1 -5.23241 -1.2285 
1 7.28086 -5.6982 
1 -0.458276 -2.93398 
1 6.45087 -5.43751 
1 1.24962 -3.55815 
1 2.22275 -3.89363 
1 -9.3358 0.264842 
