-0.102827 0.16879 -0.0389518 
0.766381 1.13966 -0.163954 
-0.455287 1.08123 -1.61506 
2.14905 -1.41046 -1.16961 
-0.224157 0.161263 -0.920546 
0.570066 0.140968 -1.03456 
-0.240524 1.12088 -0.975497 
0.298263 1.17344 -0.0407817 
-0.214055 0.753064 -0.99937 
0.15493 0.143197 -0.0452172 
0.163243 0.167009 -0.0157765 
0.804654 1.14037 -0.377063 
-0.2316 0.944419 -1.03309 
0.564395 1.12698 -0.0454602 
1.59235 -0.409498 -0.1798 
-1.2568 1.08604 -2.42417 
2.45601 -0.899634 -0.165131 
2.05233 -1.42947 -1.17374 
0.778878 0.149006 -0.864863 
-0.200266 1.13867 -0.693632 
1.43688 -0.405326 -0.657451 
0.765004 0.349247 -0.0353828 
-1.24775 2.04892 -1.62354 
1.4288 -1.34837 -1.16448 
2.41311 -0.431623 -1.15846 
0.729695 1.15677 -1.05387 
-0.211275 1.16537 -1.03604 
2.45254 -0.810528 -0.200266 
2.45456 -0.852906 -1.19279 
-1.25719 1.18708 -2.60906 
0.77801 1.19077 -0.0839754 
0.761293 0.434001 -0.0229787 
1.44296 -1.28528 -1.19528 
-0.00450396 0.152834 -1.01912 
0.287125 1.14919 -0.0134817 
0.764333 0.976645 -0.0478042 
0.217488 0.141059 -0.0694826 
-0.217203 0.123108 -0.0748715 
0.58732 0.143749 -1.02358 
0.103068 0.123891 -1.05556 
-0.233419 1.1542 -1.02204 
-0.217992 1.14437 -0.87427 
0.739726 0.171545 -0.921455 
0.759417 1.13793 -1.01623 
-0.207603 0.77745 -1.00177 
-0.25943 1.17014 -0.235738 
-0.435624 2.11075 -2.6275 
2.07725 -1.44179 -0.202639 
0.799998 0.494571 -0.0234785 
0.0140759 1.15797 -1.02351 
-0.0658896 0.171006 -1.0547 
1.66021 -0.418354 -1.19964 
0.520489 1.16527 -0.0209063 
-0.253467 1.12139 -1.64348 
2.05543 -0.4285 -0.172641 
2.08366 -2.04887 0.182459 
0.755005 1.16642 -0.298471 
-1.25964 1.39743 -1.64165 
1.45712 -1.43824 -0.777989 
0.775148 0.67536 -1.02981 
1.42846 -1.10533 -1.17177 
-0.217005 1.17987 -1.01163 
-1.0235 2.10063 -1.6207 
2.44499 -0.431017 -0.506314 
0.0706144 1.13953 -0.0123729 
1.43668 -1.41926 -0.555701 
2.41778 -0.400751 -1.15974 
0.318898 1.16813 -1.02505 
-0.226923 0.18231 -1.04901 
1.43628 -0.525755 -1.18609 
1.66819 -0.422205 -0.156752 
0.0827798 1.1418 -0.0360755 
-0.232179 1.15949 -0.538037 
0.51638 0.173148 -1.02465 
-0.0564271 1.14844 -1.02622 
0.418712 1.16444 -0.0336967 
0.280127 1.21175 -0.00818941 
-0.233446 0.250712 -0.999832 
1.41867 -0.411491 -1.09443 
0.294958 1.16488 -0.0433599 
-0.222221 1.18642 -0.155563 
1.42668 -0.609589 -0.180361 
-0.229458 1.17299 -0.345973 
1.42368 -0.880698 -1.15986 
0.78726 0.162251 -0.141123 
-0.288925 1.59347 -2.62257 
-0.233019 0.181178 -0.16023 
0.667813 0.199067 -1.02737 
0.810758 0.86941 -0.0109014 
0.753047 1.18608 -0.0330408 
0.7912 0.125764 -0.285892 
0.121343 1.18259 -0.0117513 
0.147704 1.17102 -0.011235 
0.423216 0.150516 -1.03247 
1.44208 -1.42084 -1.05154 
2.45466 -1.42851 -0.460516 
-0.244069 1.14235 -0.912944 
-0.19927 0.234878 -0.036174 
0.367166 0.178438 -1.03054 
-0.207114 1.1567 -0.61766 
-0.147766 1.17029 -0.0327872 
-0.0402587 0.161354 -1.01221 
2.43446 -1.41012 -0.163559 
-1.26306 1.13666 -2.64956 
2.41397 -0.742167 -1.16318 
-0.407807 1.10859 -1.60521 
0.520494 1.16204 -0.0327556 
0.809563 0.141179 -0.514184 
0.78802 0.708072 -0.0205974 
-0.219168 1.15637 -0.976949 
0.233912 1.14402 -1.03861 
1.42789 -0.4069 -0.337311 
0.3795 1.13911 -0.0199743 
-0.78973 1.08976 -2.61228 
0.401646 1.14245 -0.0162731 
-0.218132 0.165605 -1.04069 
0.752762 1.1399 -1.03683 
0.313022 1.16682 -1.01916 
0.54665 1.1463 -0.0603255 
0.576714 0.21411 -0.998843 
-0.251406 0.730422 -0.0218535 
-0.446212 1.08559 -1.65183 
-0.213837 0.143152 -0.727978 
-0.230933 0.858282 -0.0475497 
-0.250487 0.945212 -1.04856 
0.700845 1.11467 -0.0670111 
-0.0782762 0.122883 -0.0705369 
0.756719 0.932266 -1.03719 
-0.240517 0.187969 -1.01672 
-0.218072 0.355633 -0.0206275 
1.99936 -2.03013 0.174351 
-0.214127 1.15403 -0.903936 
0.788061 1.15183 -0.291206 
0.760223 1.16633 -0.0099697 
-1.25572 2.10062 -2.36321 
-0.0959433 0.138442 -1.01502 
1.43441 -0.860199 -0.185264 
1.21642 -2.05464 1.12588 
2.32598 -1.42854 -0.174248 
-0.208716 0.287942 -1.03826 
-0.224311 0.931056 -0.0405851 
0.764148 1.18601 -0.195278 
-0.23483 0.803229 -0.0255736 
0.771831 1.17605 -0.34928 
0.586146 0.139567 -0.0398085 
0.604236 0.191023 -1.00598 
0.258684 1.15147 -1.01279 
1.42825 -0.688111 -1.17912 
1.40806 -0.408272 -0.339456 
0.783062 1.16745 -0.102609 
0.807118 0.284315 -0.0627823 
0.282713 1.16022 -1.0333 
0.72433 0.163149 -1.04177 
2.44165 -1.0796 -1.1987 
-0.21445 1.12992 -0.863635 
2.42677 -0.910419 -0.16947 
-0.268658 1.98047 -1.64487 
-0.219319 1.08755 -1.0439 
-1.27809 1.24864 -1.61634 
1.43676 -0.411317 -0.980404 
1.45361 -1.14655 -0.192184 
0.689924 0.165996 -0.00550541 
-0.211856 0.468941 -0.0506361 
0.384174 0.143157 -0.018578 
1.43606 -0.982617 -1.16846 
0.760461 1.17984 -0.00288602 
-1.25582 2.09457 -2.139 
0.773198 0.175829 -0.508224 
0.779197 0.418377 -1.02992 
2.20172 -0.422621 -0.191877 
0.426204 0.133427 -1.03149 
-0.203319 0.147122 -0.171283 
-0.236049 0.533767 -0.0351343 
0.0224637 0.180315 -1.03387 
0.787381 0.161943 -0.994371 
0.775905 0.501162 -0.0498119 
0.699345 0.155911 -1.00346 
0.686172 0.149612 -0.053171 
-0.175383 0.319892 -0.0375782 
0.7777 0.991864 -0.0447532 
-0.237931 0.444776 -1.03071 
2.18519 -0.424039 -0.172337 
0.670683 1.1229 -1.04231 
