1 -0.20922 1.48987 
1 2.34631 3.79243 
1 -0.190385 2.71997 
1 3.79213 5.32806 
1 -13.1473 -3.61334 
1 4.33266 5.86441 
1 0.676811 2.05531 
1 -0.203906 1.46694 
1 -14.9346 -4.04815 
1 -0.215798 1.8193 
1 -0.675267 0.614725 
1 -0.218401 1.68836 
1 2.45714 3.87411 
1 -5.36845 -1.71819 
1 -0.232633 1.24223 
1 0.750046 2.08054 
1 0.2501 1.57401 
1 1.33107 2.7247 
1 1.91534 3.35127 
1 -11.6862 -3.27403 
1 -0.196828 2.4077 
1 -0.159785 3.37319 
1 -1.0052 2.01962 
1 -5.93728 -1.84264 
1 -7.72204 -2.29025 
1 -4.07693 -1.40473 
1 -0.187202 3.08687 
1 -0.187923 2.77793 
1 -0.155898 3.09211 
1 -6.90575 -2.09308 
1 -0.13935 3.17424 
1 1.35617 2.73327 
1 0.482338 1.79695 
1 -0.176804 2.28449 
1 -0.15884 2.82618 
1 -8.32164 -2.93905 
