1 -0.326219 -3.3613 
1 -0.359621 -3.3923 
1 -1.18525 3.05287 
1 -0.347676 -3.84712 
1 -1.12973 3.3097 
1 -0.462944 -2.72974 
1 -0.710941 -1.10687 
1 -1.86878 9.69564 
1 -0.0889575 -6.34245 
1 -0.364264 -3.79009 
1 -0.318516 -2.66594 
1 -1.20602 3.81379 
1 -1.66951 7.76926 
1 -0.344159 -4.19918 
1 -0.369912 -3.91548 
1 -0.339098 -3.85659 
1 -0.329007 -2.74449 
1 -0.305025 -3.03629 
1 -1.57263 6.90086 
1 -0.0870961 -5.92281 
1 -0.355147 -4.33258 
1 -0.677918 -1.21839 
1 -0.315229 -2.94723 
1 -0.167719 -5.37798 
