1 -1.97467 -0.737043 
1 -0.241983 0.00153929 
1 -0.271508 -0.324141 
1 -0.291364 -1.62961 
1 -3.34229 -2.23095 
1 -2.73274 -1.58795 
1 -0.25434 -0.0627691 
1 -0.238336 0.221933 
1 -0.390238 -0.472119 
1 -0.288387 -0.453818 
1 -0.298794 -1.52949 
1 -0.264525 0.435719 
1 -0.248168 0.650898 
1 -4.0055 -2.93563 
1 -0.499297 0.774418 
1 -0.307972 -1.11894 
1 -0.276081 -0.599903 
1 -0.237741 0.127061 
1 -0.28688 -0.224149 
1 -5.46885 -4.46558 
1 -5.42826 -4.43867 
1 -2.65296 -1.06801 
1 -0.220329 0.770708 
1 -0.260969 -0.113247 
1 -6.59116 -5.67904 
1 -0.312671 -2.22665 
1 -0.255345 -0.422994 
1 -0.289855 -1.36958 
1 -0.245905 -0.555775 
1 -0.27809 -0.746199 
1 -0.241111 0.330538 
1 -0.303263 -1.94855 
1 -0.315089 -2.06681 
1 -0.268106 -0.785827 
1 -0.272079 -0.330598 
1 -0.239183 0.251544 
1 -0.268564 -0.547268 
1 -1.5448 -0.305001 
1 -1.52496 -0.308135 
1 -0.290131 -0.7656 
1 -0.303609 -2.22852 
1 -0.602573 -1.41618 
1 -0.24959 0.427167 
1 3.22157 0.399823 
1 -0.280369 -0.323542 
1 -0.309758 -0.909344 
1 -0.296681 -0.737197 
