-0.494217 -0.689306 -4.37364 
-0.0416401 -1.35353 -4.42562 
-0.599124 -1.33137 -3.46717 
-0.28418 -1.40673 -3.52999 
-0.366941 -1.15229 -3.44985 
-0.587483 -1.38071 -3.86358 
-0.348561 -1.38567 -4.46456 
0.440801 -0.387162 -3.41761 
-0.54664 -1.06012 -4.4399 
-0.0180737 -0.190293 -4.3524 
-0.588526 -0.778779 -4.47817 
-0.594506 -0.601159 -4.45396 
-0.359214 -1.17647 -4.35143 
0.488764 -0.829561 -4.41228 
-0.566539 -1.08366 -3.42578 
-0.49827 -1.18173 -4.19905 
-0.547096 -0.463684 -3.49569 
-0.507234 -0.699728 -4.36869 
0.381486 -1.25438 -4.50477 
-0.55253 -1.02441 -3.45818 
-0.108102 -0.587656 -3.49411 
-0.472167 -1.10131 -3.85746 
0.512682 -0.40918 -4.37561 
0.404363 -0.162222 -3.36994 
0.444243 -0.6426 -3.45962 
-0.642991 -0.512059 -3.78146 
0.0357377 -1.17549 -3.39567 
-0.276897 -1.65802 -3.49768 
-0.441457 -0.111213 -4.39067 
0.376933 -0.860379 -4.45218 
-0.474924 -0.316742 -4.52313 
0.483093 -0.264189 -4.1585 
-0.577961 -0.295096 -3.62386 
-0.613198 -0.654677 -4.44998 
-0.693308 -1.58159 -3.65543 
0.416386 -1.13483 -4.44207 
0.469308 -0.137508 -3.51978 
0.210344 -0.250013 -4.45218 
-0.18825 -1.4086 -4.46684 
0.489778 -1.15143 -3.54858 
0.542066 -1.11001 -3.81657 
-0.260551 -1.20213 -3.41785 
0.394639 -0.370208 -3.49247 
0.418999 -1.28933 -3.52236 
-0.517362 -0.318332 -3.4619 
0.462294 -0.950078 -3.395 
0.35351 -0.325039 -3.42682 
0.217862 -1.24847 -3.37066 
-0.555881 -0.697855 -4.43021 
-0.462275 -0.638027 -4.35349 
0.490768 -1.04598 -3.42903 
0.0459753 -1.23691 -4.37112 
-0.513709 -0.180158 -3.71763 
-0.585773 -0.578379 -3.48681 
0.539134 -1.08977 -3.66169 
-0.529454 -0.248043 -3.84543 
-0.54253 -0.236594 -3.91054 
-0.574669 -0.691573 -3.43999 
-0.59612 -0.320785 -3.5627 
0.388782 -0.406791 -4.41897 
0.364758 -1.33507 -3.55284 
-0.532477 -1.20571 -3.85526 
0.441347 -0.685834 -3.4058 
-0.496572 -1.04909 -3.34637 
0.0846663 -0.447688 -4.50964 
0.504661 -1.13696 -3.63779 
0.494542 -0.682373 -3.43463 
0.0564728 -0.716477 -4.54822 
0.426015 -1.27986 -3.4801 
0.45571 -0.301733 -4.29019 
-0.562139 -1.36613 -3.65626 
-0.540137 -0.765332 -4.44735 
-0.621283 -0.484397 -3.48821 
-0.534251 -1.22683 -3.81556 
0.371908 -1.3977 -4.42386 
0.0595966 -1.47933 -3.48937 
0.473534 -1.1372 -4.37824 
0.133457 -1.20756 -4.38481 
0.489436 -0.717413 -4.32511 
-0.633963 -0.44495 -3.9051 
-0.454827 -0.125646 -3.35446 
0.413001 -0.0858522 -3.3709 
0.48396 -0.190859 -3.91983 
-0.530265 -0.303366 -3.39297 
0.432599 -0.928087 -4.4417 
-0.593567 -0.627243 -4.46988 
0.409573 -1.20961 -3.44398 
