1.41525 -1.8095 0.316706 
1.52998 -2.00496 1.35231 
2.4595 -1.87947 0.340287 
1.24316 -3.65082 0.720146 
1.42544 -1.32891 0.34038 
2.43035 -1.34106 1.34264 
2.39993 -1.02925 0.410099 
1.76869 -1.01321 0.322324 
2.40851 -1.0287 0.330362 
2.34801 -1.05577 1.34657 
1.42958 -1.2621 0.356298 
1.44817 -1.51424 0.356781 
2.45356 -1.04206 0.786803 
2.41823 -1.01809 1.18514 
0.227495 -2.61361 1.01101 
1.42165 -1.01717 1.33356 
1.85117 -1.01972 1.32554 
1.70642 -1.02216 0.326663 
2.34272 0.538531 -1.52702 
1.41247 -2.01498 0.465599 
2.32922 -0.0024914 -1.49752 
1.42504 -2.0144 0.435944 
0.71263 -3.55833 1.34219 
2.40973 -1.09218 1.34239 
1.43328 -1.36394 0.360654 
2.41472 -2.00697 0.599134 
1.42677 -2.0096 1.03703 
2.20871 -0.06727 -1.47589 
1.8653 -1.03212 1.34377 
2.43829 -1.02879 0.532705 
1.46107 -1.582 0.361323 
1.92232 -1.02139 1.3358 
2.38031 -1.02068 0.334822 
2.38377 -1.04092 1.33775 
2.43845 -1.29847 1.32247 
1.41411 -2.00249 1.03413 
1.95779 -1.02385 0.332983 
2.41213 -1.03064 1.18726 
2.01226 -2.04178 1.32048 
1.45238 -1.03438 1.10957 
1.42427 -1.19097 0.350481 
2.2932 -2.03436 0.33502 
2.43695 -1.45197 1.35861 
2.45866 -1.16004 1.33336 
1.29103 1.00458 -1.30806 
2.4176 -1.00132 0.950445 
2.43105 -2.02272 1.16358 
-0.47852 2.10425 -0.744857 
0.245908 -3.6739 0.912211 
1.963 -2.01162 1.36759 
1.45674 -1.04795 0.622527 
2.41057 -1.01866 0.79757 
2.40915 -1.84026 1.33621 
2.17938 -2.02828 1.33088 
2.08882 -0.000385283 -0.451176 
2.2786 -2.03754 0.32146 
1.46129 -1.00845 0.874448 
1.40528 -1.26351 1.33256 
2.41167 -1.56642 0.350924 
2.43719 -1.16356 1.32797 
1.4295 -1.20885 0.343119 
2.32002 0.848964 -0.517482 
2.4244 -1.04976 1.20545 
2.36218 -2.03814 0.330092 
2.47515 -2.02598 1.00279 
2.42056 -1.35957 0.333064 
1.25697 -3.17482 0.317886 
1.61309 0.00633441 -1.52521 
1.87761 -2.00805 0.340373 
2.45687 -1.00542 0.886228 
1.7572 -2.02602 0.34972 
1.40138 -1.41635 1.33746 
2.41977 -1.00004 1.26891 
2.4276 -2.01544 0.817853 
1.6731 -0.9999 0.346557 
2.26168 -1.01493 1.33418 
0.23919 -2.88765 0.32243 
1.75817 -2.01821 1.35788 
2.42708 -1.04129 0.331842 
2.29456 0.270442 -0.453778 
2.42882 -2.01299 1.17561 
1.2888 0.310146 -0.436295 
1.42391 -1.76866 1.32876 
1.42193 -2.03866 0.42969 
1.40708 -2.00799 0.409385 
1.44023 -1.03377 0.431076 
2.30974 0.186093 -0.467419 
