1 9.28093 -0.166949 
1 7.90273 -0.289677 
1 -3.04347 -1.13496 
1 -9.04069 -1.66574 
1 -0.728206 -0.935006 
1 6.95611 -0.347952 
1 -7.93988 -1.53889 
1 -8.32542 -1.53846 
1 2.96226 -0.700244 
1 8.4931 -0.256337 
1 -3.24858 -1.20838 
1 -9.07928 -1.60236 
1 -1.836 -1.09258 
1 7.51467 -0.294833 
1 -6.06291 -1.40097 
1 -2.17867 -1.06408 
1 2.06162 -0.738464 
1 -7.35791 -1.52434 
1 -3.40974 -1.21797 
1 -7.62132 -1.53559 
1 9.39742 -0.157547 
1 0.111069 -0.927818 
1 0.30984 -0.903958 
1 -7.88253 -1.58801 
1 -3.3152 -1.20615 
1 0.0300365 -0.936509 
1 -3.2314 -1.16159 
1 2.2279 -0.76436 
1 -8.31864 -1.59436 
1 -8.32694 -1.59725 
1 -0.174852 -0.932979 
1 0.0846228 -0.925468 
1 -0.584057 -0.968973 
1 8.20191 -0.260546 
1 8.20186 -2.73686 
