1 0.189212 -12.6822 
1 -4.8268 -15.6357 
1 -0.884034 -13.2548 
1 -5.15369 -15.8581 
1 9.60182 -7.0526 
1 -5.50655 -16.094 
1 6.46699 -8.96465 
1 7.10313 -8.52209 
1 7.65902 -8.21776 
1 6.84899 -8.747 
1 7.9602 -8.04001 
1 5.71044 -9.3899 
1 -5.86214 -16.2833 
1 2.50617 -11.278 
1 -2.03575 -13.97 
1 -2.52693 -14.2545 
1 1.45281 -11.9019 
1 6.39188 -9.04717 
1 -3.58921 -14.8933 
1 6.64214 -8.74711 
1 6.03925 -9.13706 
1 1.186 -12.1172 
1 -2.95651 -14.5448 
1 0.154782 -14.2389 
1 -1.16902 -13.6426 
1 1.65499 -11.8459 
1 7.32074 -8.46651 
1 1.45389 -11.9135 
1 -4.02113 -15.2601 
1 3.71602 -10.6397 
1 -6.782 -16.8844 
1 8.42361 -7.7224 
1 8.73893 -7.60556 
1 -5.20636 -15.8562 
1 -0.800082 -13.2318 
1 1.54046 -11.9144 
1 1.39807 -11.9792 
1 9.41143 -7.18932 
1 6.37124 -8.99789 
1 -5.15296 -15.8574 
1 1.75945 -11.84 
1 -1.83783 -13.9378 
1 -5.67775 -16.2036 
1 -3.53199 -15.0078 
1 -4.18545 -15.303 
1 -4.35242 -15.3636 
1 6.87741 -8.70242 
1 2.84532 -11.0061 
1 7.55811 -8.32326 
1 0.188076 -12.7376 
1 0.150038 -14.1866 
1 0.282329 -12.6163 
1 7.28731 -8.45947 
1 1.52255 -11.9202 
1 7.53911 -8.20482 
1 -0.708508 -13.2238 
1 -4.245 -15.3887 
1 -4.59014 -15.4562 
1 6.96681 -8.60665 
1 -1.10748 -12.948 
1 4.61598 -10.1107 
1 4.29861 -10.2177 
1 -3.97522 -15.2018 
1 -6.48012 -16.8761 
1 0.131293 -12.7719 
1 -1.91729 -14.0808 
1 -6.18111 -16.5095 
1 6.60327 -8.82192 
1 5.06616 -9.80237 
1 2.64015 -11.2165 
1 4.80652 -9.94212 
1 8.59735 -7.58947 
1 6.33115 -9.00871 
1 2.2005 -11.5782 
1 5.34403 -9.72388 
1 -6.63325 -16.8568 
1 3.10129 -10.9984 
1 3.11389 -10.915 
1 -1.80597 -13.9711 
1 1.18588 -12.1884 
1 1.15187 -12.1085 
1 3.2803 -10.8206 
1 5.58301 -9.42873 
1 4.69377 -10.025 
1 6.35301 -9.08516 
1 -4.40849 -15.4468 
1 -0.748698 -13.2697 
1 5.57111 -9.48257 
1 -1.89373 -13.846 
1 -2.65441 -14.2492 
1 1.03037 -12.2082 
1 -3.23359 -14.6871 
1 2.07615 -11.6874 
1 -1.55741 -13.7648 
1 -1.78876 -12.4742 
1 4.77507 -9.9636 
1 -1.63457 -13.8581 
1 0.228851 -12.6353 
1 -7.10169 -17.2323 
1 -4.39999 -15.4509 
1 -4.04114 -15.3411 
1 5.45626 -9.43491 
1 8.03363 -8.03658 
1 -3.28993 -14.8494 
1 3.32926 -10.7215 
1 -5.37294 -15.9933 
1 -4.35354 -15.4087 
1 0.179623 -12.6708 
1 -0.157469 -14.0783 
1 -2.13298 -14.1164 
1 0.807551 -12.3922 
