1 5.28384 -19.2062 
1 0.442578 -14.5509 
1 6.88039 -20.7277 
1 -4.04575 -10.1502 
1 8.03766 -21.7584 
1 0.0959285 -14.1899 
1 3.72256 -17.4767 
1 -3.74658 -8.49559 
1 5.67406 -19.5116 
1 3.77206 -17.7588 
1 -4.25505 -10.0366 
1 7.95771 -21.6535 
1 -3.3766 -10.9214 
1 7.00752 -20.7039 
1 0.0306241 -14.1196 
1 -2.29706 -11.7775 
1 7.75899 -21.4015 
1 -2.42694 -11.7547 
1 6.08332 -19.9437 
1 5.73848 -19.5299 
1 3.18613 -17.0725 
1 3.80759 -17.6735 
1 0.951615 -14.9037 
1 0.906596 -14.9635 
1 3.0593 -16.9956 
1 -5.73985 -8.61648 
1 8.42358 -22.1078 
1 7.15753 -20.8335 
1 2.71783 -16.6171 
1 6.90729 -20.6727 
1 -4.07646 -10.2298 
1 -5.53542 -8.82157 
1 6.54051 -20.3413 
1 2.01256 -15.9945 
1 3.66501 -17.5912 
1 1.06842 -14.9762 
1 5.05774 -18.8651 
1 2.48573 -16.4238 
1 6.19844 -20.0575 
1 4.68897 -18.5592 
1 4.58921 -18.5082 
1 -2.23589 -11.9309 
1 4.813 -18.7975 
1 2.65713 -16.6062 
