1 10.5561 6.46006 
1 6.31236 3.09532 
1 9.12718 5.33752 
1 -8.90285 -7.49367 
1 7.76314 4.89813 
1 7.74205 4.87241 
1 8.01819 4.48434 
1 8.21201 4.62487 
1 -1.76479 -1.38058 
1 9.36922 5.51236 
1 8.51401 5.26038 
1 8.19813 4.59974 
1 4.01741 1.35124 
1 7.29462 4.63327 
1 0.46286 -1.90925 
1 2.82159 0.401559 
1 4.6974 1.85098 
1 5.90694 2.79086 
1 7.66906 4.19284 
1 0.0298632 0.741398 
1 6.25391 3.08269 
1 -6.93566 -2.93457 
1 2.24227 -1.71733 
1 -1.1186 -1.9359 
1 10.4709 6.37459 
1 -4.07554 -5.05142 
1 2.31159 -0.0207872 
1 9.27714 5.43416 
1 -10.3463 -7.35193 
1 2.79799 0.31671 
1 -0.763449 -2.185 
1 11.0804 6.87862 
1 -3.08546 -4.23046 
1 6.43107 4.15956 
1 8.18659 4.58669 
1 4.53036 1.72427 
1 10.2278 6.18375 
1 5.57868 2.53869 
1 -2.73433 -0.706718 
1 -4.55081 -2.24736 
1 8.36352 4.73811 
1 0.00167299 -1.88913 
1 9.27205 5.67762 
1 9.24466 5.43375 
1 3.10177 0.619531 
