1 -3.06326 -0.465938 
1 -2.99675 -0.515012 
1 0.657476 -1.31905 
1 -6.54452 2.24249 
1 -5.69106 1.54166 
1 2.63337 -4.71916 
1 6.17204 -7.4921 
1 6.44905 -7.68039 
1 -0.280638 -2.60101 
1 2.83279 -4.93737 
1 -6.42229 2.09177 
1 -2.08372 -1.1787 
1 -1.28194 -1.78593 
1 6.46156 -7.70187 
1 0.640705 -3.3102 
1 4.84168 -6.4767 
1 -2.69559 -0.709674 
1 -7.60076 3.04321 
1 -0.908404 -1.93458 
1 5.93393 -7.33589 
1 7.16707 -8.21207 
1 5.69088 -7.13148 
1 7.12623 -8.23514 
1 3.83153 -5.69889 
1 1.81533 -4.22152 
1 -0.91982 -2.55794 
1 6.79783 -7.92307 
1 6.59107 -7.80396 
1 -6.72006 2.32856 
1 2.98548 -5.07231 
1 -7.06391 2.63765 
1 -3.39463 -0.147584 
1 5.56731 -7.04929 
1 2.92403 -5.02332 
1 -2.86801 -0.590153 
1 2.6337 -4.79385 
1 -2.0309 -1.21386 
1 -6.70489 2.34679 
1 7.306 -8.32619 
1 -7.38933 2.89109 
1 6.44726 -7.71216 
1 -3.40816 -0.176655 
1 3.26049 -5.30682 
1 -6.00588 1.78688 
1 -1.934 -1.27563 
1 1.15109 -3.60568 
1 -8.25058 3.4831 
1 0.592353 -3.21003 
1 1.6743 -4.08008 
1 5.23941 -6.8124 
1 2.77666 -4.86469 
1 3.15917 -5.19503 
1 -7.98605 3.2812 
1 0.30019 -2.98671 
1 0.262628 -1.63588 
1 -6.8543 2.44493 
1 2.03136 -4.32971 
1 6.40901 -7.69728 
1 4.22707 -5.9989 
1 5.97405 -7.3662 
1 -6.1152 1.92526 
1 -7.7594 3.16034 
1 -7.19264 2.75077 
1 1.26309 -3.73657 
1 0.323079 -2.99072 
1 -3.29018 -1.01493 
1 -5.69567 1.58426 
1 3.66557 -5.55124 
1 -4.74963 0.860503 
1 6.28463 -6.83189 
1 -1.81211 -3.25704 
1 -5.78016 1.64417 
1 -4.13921 0.39107 
1 -1.49808 -1.64297 
1 3.73481 -5.60341 
1 1.50768 -3.91816 
1 5.42527 -6.8849 
1 -0.343635 -2.49135 
1 -1.74786 -1.44164 
1 1.98895 -4.28764 
1 0.234849 -2.95841 
1 -7.04152 2.60182 
1 3.43261 -5.40668 
1 6.40964 -7.71 
1 -4.85206 0.950567 
1 -2.68338 -2.11993 
1 -8.26841 3.52636 
1 7.29976 -8.31391 
1 -7.13429 2.73512 
1 -0.392062 -2.48739 
1 4.85054 -6.48443 
1 1.5836 -3.97328 
1 7.14794 -8.19672 
1 5.64961 -7.07044 
1 -4.05172 0.334229 
1 5.29972 -6.82603 
1 4.18454 -5.96735 
1 -0.924619 -2.05426 
1 -4.55549 0.698938 
1 2.70462 -4.82265 
1 6.48023 -7.7388 
1 7.03055 -8.12283 
1 -1.43832 -1.67056 
1 -2.64877 -0.771827 
1 -3.51953 -0.0765484 
1 3.73926 -5.62178 
1 -5.13228 1.1513 
1 -3.30567 -0.229697 
1 7.15056 -8.28853 
1 2.92344 -4.99903 
1 2.74857 -4.83811 
1 -1.76529 -1.45095 
1 -5.27539 1.24874 
1 -2.70702 -0.692978 
1 -4.99352 1.04541 
1 5.60504 -7.0906 
1 3.94376 -5.79808 
1 -0.704453 -2.19545 
1 -6.69622 2.33441 
1 -5.06116 1.06806 
1 3.80223 -5.65656 
1 3.77871 -5.69881 
1 -7.96878 3.26405 
1 -2.03062 -3.44585 
1 3.86681 -5.73599 
1 -7.94233 3.26116 
1 -3.76311 0.117427 
1 1.1623 -3.64863 
1 -0.778882 -2.17368 
1 0.574416 -3.2334 
1 -1.7948 -1.38929 
1 -7.15924 2.70642 
1 -2.95741 -0.569145 
1 1.0699 -3.60567 
1 -1.85234 -1.35208 
1 1.88055 -4.20352 
1 0.270312 -2.96039 
1 -1.63871 -0.111022 
