1 -1.84973 -1.12094 
1 -5.81195 6.01472 
1 -1.15901 -2.37709 
1 1.50915 -7.17564 
1 -0.274573 -3.99127 
1 -0.300246 -3.98524 
1 -2.34215 -0.246013 
1 -3.07369 1.04638 
1 0.535797 -5.49834 
1 -0.6519 -3.35343 
1 -0.130272 -4.26013 
1 -0.159942 -4.20256 
1 0.85854 -4.17737 
1 -2.68792 0.411626 
1 -0.953963 -2.73493 
1 -2.74439 0.485103 
1 -4.56507 3.73969 
1 -2.27715 -0.380076 
1 1.14253 -6.53518 
1 0.552667 -5.91685 
1 -1.04516 -2.62316 
1 -5.40117 5.25287 
1 0.051933 -4.58435 
1 -3.26336 1.41367 
1 -1.7435 -1.32222 
1 -5.11043 4.7055 
1 1.15811 -6.56185 
1 0.280413 -5.00899 
1 -5.17286 4.84467 
1 0.786326 -4.57542 
1 -6.01528 6.38249 
1 2.1052 -8.27848 
1 0.31548 -5.0511 
1 -1.40201 -1.93713 
1 -3.80179 2.3712 
1 0.960069 -6.19282 
1 2.52752 -9.06059 
1 -5.257 4.97993 
1 0.397098 -5.21718 
1 -6.89744 7.95488 
1 -5.88149 6.11214 
1 -3.4826 1.80567 
1 1.40256 -7.03876 
1 -4.24072 3.18135 
1 -4.33474 -0.167283 
1 1.52328 -7.24609 
1 -3.9571 2.6602 
1 1.22478 -6.6986 
1 0.350324 -5.07662 
1 0.887545 -4.05388 
1 2.28848 -8.65333 
1 -6.7657 7.75776 
1 -2.63299 0.258501 
1 1.36121 -6.97324 
1 1.34406 -6.91017 
1 1.02428 -6.31012 
1 0.260636 -4.95472 
1 -2.13053 -0.654138 
1 2.3777 -8.7597 
1 0.63647 -5.26282 
1 0.501305 -5.99745 
1 2.30752 -8.63122 
1 2.23358 -8.50905 
1 0.967076 -6.19567 
1 -4.56523 3.74661 
1 -2.25817 -0.425075 
1 0.514263 -5.89066 
1 -6.5186 7.25946 
1 1.64704 -7.47606 
1 1.03944 -6.3529 
1 -0.922796 -2.81587 
1 -6.89356 7.97774 
1 -3.27622 1.40502 
1 -1.54805 -1.67727 
1 -3.84987 2.40736 
1 -5.0928 4.66599 
1 -0.354147 -3.84559 
1 1.67054 -7.52407 
1 -0.0506554 -4.42538 
1 -4.06725 2.87952 
1 -1.69011 -1.44311 
1 -3.06352 1.0543 
1 0.989074 -6.2513 
1 1.09461 -6.46545 
1 -5.52291 5.45657 
1 0.813357 -5.94886 
1 2.5576 -9.12284 
1 1.86751 -7.8937 
1 -2.26036 -0.409598 
1 -2.88901 0.717196 
1 1.94909 -8.00676 
1 2.0831 -8.24933 
1 1.39845 -7.00594 
1 -5.59228 5.61801 
1 2.51813 -9.03079 
1 -6.32376 6.91787 
1 0.255752 -4.9673 
1 -0.136531 -4.24515 
1 1.30995 -6.84344 
