-2.92845 0.112281 -0.973773 
-2.43598 0.833339 -1.95073 
-1.94491 -0.193626 -1.74827 
-2.91607 -0.183746 -1.26308 
-1.94394 -0.198801 -1.30842 
-1.95932 -0.176205 -0.967418 
-2.40008 -0.187562 -1.96788 
-2.93422 0.719511 -0.966559 
-2.93598 0.167136 -0.998791 
-1.94198 0.821322 -1.88917 
-2.63126 0.82389 -1.92567 
-0.708443 2.08676 -0.40862 
-2.87211 0.803324 -1.95677 
-2.64451 -0.173831 -0.966924 
-2.93705 -0.199066 -1.75002 
-2.6483 0.828476 -1.98568 
-1.91398 0.615701 -1.97497 
-1.94177 0.735999 -0.978872 
-2.0734 0.806146 -0.965234 
-2.84156 0.83613 -1.9408 
-2.93167 -0.1946 -1.59873 
