1.3924 0.709199 0.844514 
1.42001 1.3075 1.79695 
0.12163 2.11962 -0.416598 
2.37983 1.69505 1.32246 
1.99337 1.72534 1.82289 
0.302651 1.13292 0.0108302 
1.41745 1.72385 1.77824 
1.68784 1.67704 0.834225 
0.30396 1.11493 0.38993 
1.52581 0.708759 0.843281 
1.40432 1.54984 0.837633 
2.08942 1.73428 1.82357 
2.00619 1.687 0.828525 
2.06067 0.735225 0.817356 
1.8976 1.67632 1.85262 
1.8042 0.684189 0.83727 
2.41907 0.670989 1.70395 
2.41288 1.71455 0.821851 
1.4204 1.68263 1.48428 
2.40766 0.793628 0.857041 
