0.361302 0.206967 -3.17769 
0.380389 -0.761781 -3.16954 
0.375612 0.206735 -3.79964 
-0.625611 0.195335 -3.49179 
-0.068948 0.189853 -3.18667 
0.369338 -0.798666 -3.36167 
-0.429447 -0.82096 -3.17116 
-0.623827 0.195877 -4.08348 
0.388268 -0.531238 -4.1892 
0.289385 0.204582 -4.19233 
-0.628078 0.197682 -3.22067 
-0.559564 -0.808031 -3.19545 
0.370689 -0.8103 -4.00077 
-0.607113 -0.799497 -3.34107 
0.368381 -0.401872 -4.18559 
0.3424 -0.784899 -4.19007 
-0.601874 -0.802972 -4.1686 
0.366377 0.198693 -4.08164 
-0.63486 0.203401 -3.32756 
-0.634079 0.19247 -4.18759 
0.366634 -0.63202 -4.1894 
0.368966 -0.742633 -3.20837 
-0.627111 -0.719306 -3.18464 
-0.614799 -0.602739 -4.14217 
0.380623 -0.545228 -3.15483 
-0.616546 -0.795729 -3.89644 
0.360461 -0.788795 -3.41441 
-0.586684 -0.790699 -4.20159 
0.369623 -0.793191 -3.61823 
0.382023 -0.131511 -3.17912 
-0.609236 0.194811 -3.34824 
-0.618184 -0.807489 -3.20219 
0.363489 -0.781702 -3.40652 
-0.634462 0.23476 -3.23212 
-0.605302 -0.0820454 -3.17919 
0.385153 -0.8036 -3.55606 
-0.630509 -0.813592 -4.03463 
-0.628377 -0.801741 -3.82372 
0.36158 0.20935 -3.79749 
0.371896 -0.796483 -3.38167 
0.344942 0.210973 -4.20924 
-0.157108 0.207521 -3.16096 
0.211291 -0.799941 -3.20295 
0.369349 -0.668543 -3.20713 
-0.607911 0.0847749 -3.21164 
0.365926 0.212426 -3.39322 
0.36158 -0.0836316 -3.17989 
-0.362126 -0.810301 -4.19631 
0.36786 -0.465365 -4.18292 
0.385156 -0.811429 -4.02447 
-0.636408 -0.443986 -3.19 
-0.636257 0.0412141 -3.16884 
0.376621 -0.297485 -3.21007 
0.265426 0.210357 -3.19054 
-0.609795 0.190208 -4.0056 
-0.325265 -0.806265 -4.18975 
-0.450074 -0.80062 -4.18163 
0.374098 -0.794042 -3.51331 
-0.612277 -0.699467 -4.17594 
0.371601 -0.775931 -4.19321 
0.373784 -0.356987 -3.19241 
-0.528432 0.192756 -3.17129 
-0.620874 0.0198012 -3.19175 
0.366765 0.197878 -4.12376 
0.377052 -0.794174 -3.3113 
-0.333733 0.199608 -3.19967 
-0.63063 -0.205758 -4.18582 
-0.617084 -0.800987 -3.7574 
-0.635202 -0.796656 -3.91746 
0.395285 0.190276 -3.48087 
-0.623521 -0.0446581 -4.20211 
-0.612442 -0.064167 -3.18922 
-0.15995 -0.796736 -4.19325 
0.369163 -0.792142 -3.85505 
-0.619976 0.0439075 -4.18659 
0.376009 -0.174922 -3.22227 
0.379892 -0.799116 -4.10114 
0.37267 -0.806902 -3.49779 
-0.64939 -0.79532 -4.08859 
-0.638907 0.209973 -3.60042 
-0.636593 -0.791652 -3.81908 
-0.618146 -0.333639 -3.16979 
0.372633 -0.811077 -3.74089 
0.362329 0.226031 -3.74402 
-0.616808 0.191916 -3.65659 
-0.260193 -0.806983 -4.15985 
-0.518271 -0.803317 -3.19776 
-0.631944 -0.0448789 -4.18362 
-0.620555 -0.0860253 -4.19263 
0.0579097 0.212251 -4.15297 
-0.602456 0.205386 -3.16814 
-0.622325 -0.00593262 -4.19404 
0.38651 0.200719 -3.21992 
0.374913 0.190363 -3.28117 
-0.624502 -0.795435 -3.55885 
-0.316414 0.214935 -3.16707 
-0.137805 0.21574 -3.20976 
0.411805 -0.392556 -4.16992 
0.0526923 -0.821461 -4.17174 
-0.255859 0.208262 -4.21426 
-0.614027 -0.813229 -3.97584 
0.368728 -0.152687 -4.15104 
-0.420009 -0.793561 -4.19928 
0.269809 0.203893 -4.19023 
-0.642504 0.21265 -3.5549 
-0.292598 -0.804699 -3.18188 
-0.60907 0.195524 -3.99698 
0.377889 0.211217 -3.35493 
-0.63032 -0.797435 -4.0539 
-0.340051 -0.804162 -3.21005 
0.0694848 0.198471 -3.18623 
0.367213 -0.528025 -3.16754 
0.373422 -0.789315 -3.22848 
0.0185315 -0.789138 -3.19187 
0.162425 0.203487 -3.1923 
0.395914 -0.812296 -3.46585 
0.386731 0.200663 -3.30001 
-0.623918 0.0312207 -4.16048 
-0.630854 0.180495 -3.20986 
-0.350797 -0.800038 -3.19884 
-0.623713 0.209064 -3.23627 
-0.610606 0.179532 -3.40041 
-0.171568 -0.794274 -3.19571 
-0.637964 -0.70769 -3.20047 
-0.0325175 0.182687 -4.18963 
-0.628048 -0.420335 -4.19669 
-0.151333 0.21025 -3.22862 
-0.649013 -0.752264 -3.16016 
-0.136211 -0.792215 -4.19138 
-0.536215 0.184531 -3.19997 
0.395584 -0.0311095 -3.16376 
-0.627941 0.198896 -3.46548 
0.374908 0.0155674 -3.21206 
-0.631023 -0.191636 -4.18995 
-0.641117 0.222783 -3.30753 
-0.639448 0.21795 -4.13404 
0.398432 -0.799904 -4.16811 
0.339215 0.210239 -3.19672 
-0.651628 -0.409768 -3.18178 
-0.387563 -0.795502 -3.15243 
0.365044 0.0502231 -4.16952 
0.372617 0.205041 -3.20677 
0.375436 -0.142627 -4.17127 
-0.617405 -0.727338 -3.1899 
-0.619154 -0.092142 -4.18142 
0.373828 0.0766003 -3.19758 
-0.625125 -0.732423 -3.17847 
0.367406 -0.321021 -4.17686 
0.391305 -0.810558 -4.14898 
-0.620114 -0.79067 -3.16817 
-0.609238 -0.730539 -4.18493 
-0.627868 0.204037 -3.31775 
0.3588 0.213654 -3.64668 
0.259903 0.203223 -4.18417 
0.363614 -0.10827 -3.16363 
-0.634555 0.211126 -4.01061 
-0.634908 -0.799374 -3.31489 
0.38342 0.204042 -3.86934 
-0.503627 -0.799929 -4.18443 
