1 3.78714 -5.96027 
1 4.48772 -6.4499 
1 1.18117 -3.92147 
1 4.52381 -6.50194 
1 -7.36935 2.57219 
1 -2.63755 -1.04317 
1 -7.43456 2.59966 
1 -7.93141 3.02169 
1 -4.78269 0.593612 
1 -3.51048 -0.389179 
1 3.62406 -5.85335 
1 -0.426033 -2.7229 
1 -2.26103 -1.40486 
1 5.01575 -6.89649 
1 2.24238 -4.75701 
1 -6.70905 2.05047 
1 0.54008 -3.47402 
1 -5.91034 1.41538 
1 4.44216 -6.38229 
1 -3.77954 -0.139901 
1 -6.68975 2.07324 
1 3.19071 -5.47731 
1 1.55501 -4.22482 
1 -2.73655 -0.966461 
1 -8.01128 3.0017 
1 4.44552 -6.40282 
1 0.444102 -3.36693 
1 0.237261 -3.24542 
1 -8.65068 2.31375 
1 -3.98974 0.0196088 
1 -7.74133 2.86046 
1 -8.93956 3.6889 
1 -1.13353 -2.2299 
1 -1.50281 -1.90761 
1 5.05235 -6.89468 
1 -6.61471 1.97214 
1 -8.59726 3.49191 
1 -0.250459 -2.80971 
1 0.0823703 -3.14377 
1 -2.79465 -0.936851 
1 1.68808 -4.33145 
1 2.57019 -4.99531 
1 -3.26068 -0.633289 
1 -2.66924 -0.989009 
1 -0.249565 -2.87237 
1 -8.5691 0.89506 
1 -9.18708 4.02622 
1 5.57358 -7.29266 
1 -0.449264 -2.68749 
1 -2.49499 -1.0732 
1 -7.23017 0.882199 
1 -7.24327 2.47082 
1 4.20046 -6.25712 
1 -4.40358 0.283419 
1 -9.57816 4.26409 
1 -4.24441 0.155771 
1 3.42506 -5.70669 
1 -8.33924 4.33828 
1 -1.11094 -2.20441 
1 2.29723 -4.80683 
1 0.931507 -3.77619 
1 -5.24213 0.892163 
1 -6.10877 1.61555 
1 -2.993 -0.754295 
1 5.44946 -7.15765 
1 -0.350703 -2.80717 
1 -8.25022 3.21701 
1 -6.52581 1.96101 
1 -9.09814 3.85768 
1 -1.43601 -1.94033 
1 -2.87173 -0.886107 
1 -8.68944 4.42964 
1 -0.636803 -2.57025 
1 -9.85855 4.47523 
1 -5.80673 1.3819 
1 -1.30998 -2.10315 
1 2.36116 -4.87728 
1 4.19489 -6.19484 
1 -2.19641 -1.31961 
1 -3.13243 -0.678489 
1 -3.56155 -0.317679 
1 -8.97934 3.82834 
1 -8.98716 3.80398 
1 -5.39998 1.06173 
1 1.33711 -4.03949 
1 5.45739 -7.16931 
1 -1.53457 -1.90967 
1 4.35504 -6.37629 
1 2.47815 -4.99435 
1 5.35745 -7.16606 
1 -7.18408 0.783541 
1 -0.124394 -2.96051 
1 -5.44543 1.14754 
1 -4.78201 0.544449 
1 2.48086 -4.90096 
1 4.36665 -6.32631 
1 1.53701 -4.19355 
1 -6.84014 2.23 
1 -1.90603 -1.60171 
1 -9.26217 3.99561 
1 -7.17905 2.39243 
1 -8.35758 3.38135 
1 -9.50111 4.22702 
1 0.744579 -3.57066 
1 -9.18102 3.99458 
1 -9.90051 4.44502 
1 5.02178 -6.84698 
1 -2.39292 -1.28488 
1 -4.55176 0.403429 
1 -7.67599 2.81976 
1 -4.9047 0.726918 
1 -5.11774 0.842835 
1 -9.1504 3.9571 
1 -0.0809235 -2.95098 
1 4.42445 -6.4194 
1 5.08646 -6.87658 
1 -0.145692 -2.8584 
1 -3.56254 -0.274677 
1 4.43315 -6.3847 
1 -6.58393 2.03566 
1 5.63247 -7.37164 
1 -5.25444 0.976591 
1 -5.71492 1.3065 
1 -6.02692 1.51046 
1 0.235805 -3.18958 
1 -2.73615 -0.981144 
1 -6.79469 2.11366 
1 -8.34481 3.32051 
1 -3.90628 -0.125599 
1 -2.29253 -1.32758 
1 5.38614 -7.07894 
1 1.71651 -4.33508 
1 -0.156882 -2.9245 
1 2.43353 -4.89145 
1 -4.27989 0.164327 
1 -4.75574 0.608346 
1 -6.35939 1.78406 
1 1.87795 -4.4629 
1 -3.70819 -0.120707 
1 -1.97734 -1.53223 
1 -2.80545 -0.913331 
1 -1.98994 -1.54039 
1 0.940382 -3.79681 
1 5.42663 -7.16945 
1 -5.30112 0.985095 
1 2.99097 -5.35458 
1 -1.75187 -1.7059 
1 -7.38571 2.6358 
1 4.22525 -6.25466 
1 -7.27443 2.49377 
1 -4.45887 0.372687 
1 0.465326 -3.35037 
1 -6.28556 1.74162 
1 5.51407 -7.28011 
1 -8.46162 3.40234 
1 4.94041 -6.79489 
1 0.296138 -3.2217 
1 2.63156 -5.06332 
1 2.62356 -5.03035 
1 -1.30686 -2.02187 
1 -8.01377 3.03325 
1 -0.20891 -2.85324 
1 -9.8446 4.48531 
1 -3.03649 -0.692382 
1 -4.04521 0.0483254 
1 -2.05472 -1.45789 
1 4.63081 -6.48882 
1 0.245036 -3.28052 
1 2.65134 -5.04206 
1 1.54338 -4.19954 
1 -3.23634 -0.54278 
1 -2.93384 -0.815864 
1 1.25993 -4.02432 
1 -4.32422 0.266067 
1 0.121338 -3.09446 
