1 -3.05503 9.99226 
1 -2.43687 8.39186 
1 1.7912 -2.61553 
1 -0.111093 2.15141 
1 1.18605 -1.12183 
1 2.11098 -3.42287 
1 3.07118 -5.95863 
1 -2.01808 7.36667 
1 -2.57701 8.80153 
1 -1.41079 5.69436 
1 -0.708921 3.89045 
1 -3.15098 10.3044 
1 -3.59721 11.4197 
1 -3.83364 12.0459 
1 2.92816 -5.62409 
1 3.17478 -6.21229 
1 -1.68924 6.47394 
1 -0.984542 4.63442 
1 0.0675741 0.389275 
1 -0.193428 2.62151 
1 3.1874 -6.28917 
1 0.217766 1.50959 
1 -0.0815998 2.23973 
1 -0.974506 4.61662 
1 2.33578 -4.0415 
1 -2.70071 9.09516 
1 2.27647 -3.88257 
1 1.01035 -0.519136 
1 -0.832762 4.17198 
1 -3.45167 11.0408 
1 -1.67733 6.45276 
1 3.0347 -5.9278 
1 -3.86622 12.1485 
1 -1.12192 4.93438 
1 2.1073 -3.45521 
1 1.67493 -2.47166 
1 -2.47813 8.45459 
1 -1.06736 4.82576 
1 0.642808 1.56155 
1 -1.80625 6.67115 
1 2.49454 -4.44056 
1 -1.62934 6.41378 
1 -2.75726 9.2547 
1 3.16418 -6.21591 
1 -1.34681 5.63387 
1 3.90589 -6.41598 
1 -3.01107 9.87914 
1 -2.4652 8.50496 
1 1.9709 -3.08893 
1 -1.24611 5.3458 
1 -1.40244 5.76113 
1 -3.63891 11.507 
1 4.16256 -6.86686 
1 0.0611824 1.80802 
1 -1.79804 6.79325 
1 -1.357 5.59166 
1 0.944669 1.25151 
1 2.77496 -4.40675 
1 -2.12281 7.64844 
1 -2.52211 8.61129 
1 2.8119 -5.36162 
1 2.05568 -3.31555 
1 0.966739 -0.481103 
1 -1.91083 7.04935 
1 1.52568 -1.95025 
1 -2.08495 7.47817 
1 -2.28805 7.95621 
1 -2.05329 7.39534 
1 -2.41025 8.38889 
1 1.09805 -0.842945 
1 2.1098 -3.43256 
1 -3.62929 11.492 
1 2.91532 -5.49005 
1 -1.88961 6.95625 
1 -1.25948 5.31426 
1 0.122626 1.79313 
1 2.82255 -5.41335 
1 -2.48149 8.60661 
1 -1.39328 5.57524 
1 -3.60449 11.4573 
1 2.34531 -4.0465 
1 -2.57567 8.73023 
1 1.14477 -1.01529 
1 -3.71642 11.7189 
1 3.11183 -6.10445 
1 -0.0874332 2.23757 
1 -2.83094 9.41556 
1 -0.352111 2.99357 
1 0.555928 1.63091 
1 2.34843 -4.04733 
1 -1.65307 6.28883 
1 3.16636 -6.18868 
1 0.59594 0.502567 
1 -2.57104 8.70002 
1 1.0165 -0.565938 
1 3.17372 -6.1781 
1 -0.345834 3.02045 
1 -1.44779 5.82449 
1 -0.751455 3.98183 
1 -0.4855 3.27512 
1 -0.699427 3.8819 
1 0.543646 0.552976 
1 3.05399 -5.94581 
1 -2.3936 8.27824 
1 -1.69308 6.52157 
1 -1.72908 6.53233 
1 -3.5327 11.3078 
1 2.55178 -4.586 
1 -0.657039 3.75745 
1 2.8371 -5.39558 
1 0.504948 0.741735 
1 -2.43938 8.35128 
1 0.887028 1.33345 
1 -2.86858 9.47129 
1 -1.9151 7.03692 
1 -3.03891 9.971 
1 -3.33635 10.7284 
1 1.47062 -1.84898 
