1 -1.95634 3.48771 
1 1.37565 -1.54533 
1 3.76472 -6.14922 
1 -4.38741 6.2685 
1 -1.04903 2.81383 
1 -1.2006 2.91524 
1 -0.561511 1.49767 
1 1.47352 -1.76314 
1 4.46883 -7.38267 
1 -4.07875 4.99963 
1 -4.45805 5.31311 
1 0.968517 -0.516836 
1 -1.48194 3.0978 
1 -2.99506 4.32056 
1 -4.52037 5.3931 
1 -3.60008 6.6631 
1 -3.409 4.47991 
1 -3.13591 4.31733 
1 -2.08025 3.5948 
1 2.40172 -4.27183 
1 -1.44341 2.98872 
1 -1.57489 3.20559 
1 5.37948 -8.48809 
1 -3.81241 7.10274 
1 2.8371 -5.39558 
1 1.18345 -0.991785 
1 -2.64521 2.09491 
1 -2.51388 3.84658 
