1 -1.11162 5.56968 
1 1.60374 6.18296 
1 -1.34163 3.13034 
1 -1.68468 2.21642 
1 6.87456 7.41655 
1 2.06359 6.68441 
1 0.719841 5.30305 
1 -0.324746 4.25721 
1 1.47706 6.00107 
1 -2.51992 1.91172 
1 2.09131 6.69611 
1 6.06818 6.54898 
1 -2.10676 2.33953 
1 -0.423528 4.0573 
1 1.08714 5.5833 
1 -0.298756 4.18291 
1 -0.588423 3.87928 
1 -1.74035 2.70355 
1 2.79494 7.3959 
1 7.50308 8.19323 
1 -0.125722 4.37029 
1 1.92596 6.51199 
1 0.68485 5.22393 
1 0.232422 4.75023 
1 -0.564314 3.86512 
1 -1.53196 2.29549 
1 -0.60561 4.27032 
1 0.144423 2.12839 
1 -2.59694 2.31233 
1 2.98721 7.64664 
1 1.01386 5.46187 
1 0.287071 4.76893 
1 0.590579 5.12369 
1 5.94272 6.40846 
1 7.76149 8.46333 
1 -1.01263 5.27478 
1 -0.95204 3.44566 
1 0.411789 5.03269 
1 -0.266178 4.25147 
1 -0.324672 4.17025 
1 -1.05405 3.40063 
1 -1.0705 3.38821 
1 1.68779 6.33932 
1 -1.32287 3.23677 
1 -4.69953 2.49415 
1 2.08826 6.70322 
