1 3.58321 2.84492 
1 4.09234 3.66717 
1 0.798764 2.02208 
1 -5.25361 -11.8428 
1 -0.580986 -4.12982 
1 5.40562 5.76802 
1 4.63443 4.88383 
1 4.04897 3.61675 
1 0.697937 -2.00215 
1 -3.11929 -8.27009 
1 6.40499 6.93844 
1 -4.99971 -11.4096 
1 4.28374 4.44833 
1 -2.83531 -3.64051 
1 6.49441 7.00503 
1 4.33841 4.52427 
1 3.59567 3.68092 
1 4.04888 4.22002 
1 3.2765 3.32121 
1 -3.8666 -9.48173 
1 -3.10172 -8.30556 
1 4.93552 5.0756 
1 0.743093 0.452072 
1 -3.66919 -9.17558 
1 -2.18405 -6.76015 
1 1.61886 2.03082 
1 -2.66956 -7.56992 
1 3.17516 3.23276 
1 5.07756 5.394 
1 -2.64253 -7.55426 
1 -1.19773 -5.14264 
1 -4.71759 -10.9491 
1 2.6735 2.68794 
1 3.35981 3.43284 
1 1.91673 0.13072 
1 4.34263 4.11181 
1 -2.09266 -6.59119 
1 3.38992 2.50092 
1 4.592 4.51615 
1 6.35077 6.85479 
1 5.0987 5.42157 
1 -2.21508 -6.80919 
1 0.638154 1.16953 
