1 8.11163 1.52178 
1 -4.56448 -5.59751 
1 -9.60036 -5.4755 
1 2.29574 -3.03083 
1 -4.64974 -5.6609 
1 9.00979 1.47482 
1 -2.97393 1.42262 
1 6.37976 -0.83693 
1 2.60384 -3.80194 
1 0.266205 2.03182 
1 -4.90419 -1.74831 
1 9.913 -0.542875 
1 -6.4245 -2.1752 
1 -8.01729 -3.77769 
1 -2.98041 -3.78854 
1 4.191 -1.03091 
1 -3.29213 -1.61023 
1 5.36538 -0.905964 
1 -2.95331 -3.79301 
1 2.22773 1.91802 
1 4.87018 1.75803 
1 -0.865581 -1.39753 
1 -2.81857 -3.63176 
1 -2.79066 -3.5104 
1 -10.3024 -6.18615 
1 2.23316 0.613531 
1 2.57572 -3.67973 
1 -7.43736 -3.20022 
1 -6.29438 -2.12311 
1 7.09252 -1.21949 
1 -0.813472 -1.33013 
1 0.303031 -2.61662 
1 5.96076 1.65619 
1 3.31307 1.88273 
1 -6.09895 -1.88479 
1 -8.15504 -4.01437 
1 -5.49081 -1.80254 
1 -3.69094 -4.64758 
1 -0.103176 -3.29599 
1 -3.03541 -3.83594 
1 -9.93913 -5.81612 
1 7.82602 1.52618 
1 -8.13644 -3.96196 
1 -6.57246 -1.89346 
1 -9.31207 -3.7939 
1 3.32207 -1.82369 
1 6.31959 -0.847568 
1 -7.21456 -2.94341 
1 -7.24444 -3.003 
1 5.07095 -0.937491 
1 0.351739 1.88667 
1 5.84913 1.65666 
1 -7.62676 -3.4249 
1 -5.12527 -6.25224 
1 -3.93279 -4.9009 
1 5.44511 1.68035 
1 -6.4963 -2.17345 
1 2.10977 0.350671 
1 4.40522 -0.166938 
1 7.055 -0.783654 
1 -1.78862 -1.50551 
1 -7.60972 -3.41374 
1 -4.82595 -5.8835 
1 1.46812 -0.92538 
1 -8.69096 -4.51867 
1 11.4364 1.23153 
1 7.94694 -0.704691 
1 7.8955 -0.721953 
1 1.32718 2.05795 
1 -4.50895 -1.71674 
1 1.52537 -1.22533 
1 -5.13812 -6.26471 
1 1.09612 -1.25914 
1 -8.53796 -4.35542 
1 -6.03868 -1.77647 
1 -5.38514 -1.79054 
1 -4.83298 -5.88453 
1 0.296498 -0.0671102 
1 11.2618 1.23803 
1 -4.15757 -1.69024 
1 4.344 1.78693 
