1 -2.40864 -0.796533 
1 -4.96285 -2.70297 
1 -9.38336 -1.98174 
1 -10.9026 -1.46807 
1 -6.70435 -1.14077 
1 -7.32473 -1.18828 
1 -1.59286 -3.23448 
1 7.46928 -0.0945964 
1 -8.72928 -1.71551 
1 -3.9058 -0.925327 
1 -3.64666 -0.924136 
1 -4.8742 -0.298757 
1 3.21977 -0.42428 
1 -4.47964 -0.967806 
1 -8.45168 -1.2795 
1 -5.94301 -1.07157 
1 -6.66894 -0.973158 
1 -7.67706 -1.26401 
1 -10.1663 -2.23838 
1 -9.20119 -1.85672 
1 -7.44998 -1.21893 
1 -11.2422 -1.47209 
1 5.77892 -0.201082 
1 0.628545 -1.63603 
1 -5.61854 -0.571309 
1 -7.69738 -1.32955 
1 -0.435928 -0.737141 
1 0.134495 -2.63652 
1 -3.16818 -0.898628 
1 -9.66663 -2.09608 
1 -10.7728 -1.43868 
1 -5.16872 -0.318833 
