1 2.24199 2.66363 
1 2.07689 2.03021 
1 0.449988 -6.30006 
1 1.85584 0.806591 
1 3.0449 6.77732 
1 0.380775 -6.74578 
1 0.137366 -7.74304 
1 0.535797 -5.49834 
1 3.12947 7.29703 
1 1.24755 -2.17561 
1 3.02646 6.70603 
1 1.05184 -3.15789 
1 0.85854 -4.17737 
1 3.60418 9.73623 
1 2.11553 2.31538 
1 0.449339 -6.39086 
1 3.18872 7.53397 
1 2.30955 3.32961 
1 1.9822 1.59764 
1 1.69713 0.101931 
1 2.21959 2.74965 
1 0.758893 -4.60878 
1 1.21056 -2.39977 
1 1.76253 0.358124 
1 0.786326 -4.57542 
1 3.09186 7.15397 
1 3.53552 9.30179 
1 2.42059 3.72147 
1 3.00088 6.61471 
1 0.421795 -6.34404 
1 3.94977 11.3991 
1 3.42054 8.71003 
1 3.79771 10.618 
1 1.70059 -0.0470346 
1 1.12959 -2.84387 
1 3.18124 7.48051 
1 0.944371 -3.89597 
1 0.432459 -6.37705 
1 3.78946 10.5123 
1 3.11074 7.13177 
1 2.84073 5.78049 
1 0.191848 -7.54875 
1 0.101765 -7.93101 
1 2.2639 2.95437 
1 2.43695 3.74241 
1 0.377675 -6.61934 
1 0.700912 -5.05562 
1 3.33771 8.29837 
1 3.85132 10.9862 
1 0.469955 -6.15916 
1 0.887545 -4.05388 
1 1.62252 -0.332152 
1 1.11693 -2.98392 
1 2.98649 6.62417 
1 2.76135 5.46767 
1 1.58959 -0.60788 
1 3.68193 9.99904 
1 1.22511 -2.35304 
1 2.87724 6.08991 
1 3.28342 8.09398 
1 3.69127 10.2076 
1 1.19595 -2.436 
1 3.52389 9.15665 
1 0.501305 -5.99745 
1 0.296334 -6.95884 
1 3.14071 7.31503 
1 2.79738 5.60035 
1 1.28642 -2.07205 
1 0.447256 -6.29067 
1 2.95019 6.43975 
1 2.20539 2.7257 
1 2.61094 4.66953 
1 1.55796 -0.658213 
1 1.76917 0.391768 
1 0.995442 -3.58201 
1 3.20589 7.70273 
1 2.4438 3.64541 
1 3.85885 10.9725 
1 2.65806 4.96187 
1 2.90037 6.18813 
1 2.3571 3.36765 
1 0.887225 -3.99334 
1 3.31204 8.23015 
1 0.434517 -6.36345 
1 0.949134 -3.8815 
1 2.70759 5.13882 
1 2.01111 1.76367 
1 1.23204 -2.41414 
1 3.36871 8.50951 
1 2.93537 6.36325 
1 3.42125 8.66421 
1 3.0633 6.98003 
1 1.10351 -2.94359 
1 3.10812 7.15367 
1 3.31843 8.24357 
1 3.11905 7.27489 
1 0.725391 -4.84054 
1 1.22947 -2.18862 
1 2.59282 4.55918 
1 3.30871 8.26561 
