1 -2.47856 -9.18291 
1 -1.58711 -4.31241 
1 -1.16779 -2.19484 
1 -0.0744787 3.88143 
1 -0.802014 -0.221865 
1 -1.57307 -4.54624 
1 0.637305 7.5753 
1 -1.4599 -3.84232 
1 -1.98157 -6.45932 
1 -1.49052 -3.93851 
1 -0.906865 -0.706461 
1 0.764267 8.3076 
1 0.796925 8.42729 
1 -1.8847 -6.11161 
1 -2.64096 -10.0757 
1 0.601951 7.35807 
1 -2.38934 -8.94075 
1 -1.5795 -4.40591 
1 -2.61208 -9.60664 
1 -2.36021 -8.46149 
1 0.13091 5.00145 
1 -2.62038 -9.92234 
1 -0.908297 -0.752736 
1 -1.37812 -3.22904 
1 -0.537162 1.27301 
1 0.746562 8.24438 
1 -0.5301 1.38856 
1 -0.186708 3.17055 
1 0.772623 8.37075 
1 -0.72901 0.389143 
1 -2.79808 -10.9968 
1 -0.807767 -0.246663 
1 -0.730769 0.248243 
1 -2.3117 -8.41916 
1 -1.64476 -4.79516 
1 -1.07038 -1.58835 
1 0.648844 7.55573 
1 -1.4987 -3.88259 
1 0.565951 7.2282 
1 -1.40327 -3.39839 
1 -1.05806 -1.454 
1 -0.978134 -1.06801 
1 0.470956 6.58635 
1 -0.447066 1.7534 
1 -2.7741 -10.9151 
1 -1.89161 -6.17399 
1 -0.541799 1.18165 
1 0.036927 4.29307 
1 -2.06844 -7.01896 
1 0.626742 7.69441 
1 -1.36064 -3.1493 
1 -0.893819 -0.726397 
1 -1.1157 -1.76968 
1 -0.952615 -1.03726 
1 0.747917 8.22959 
1 -0.0722234 3.72919 
1 0.627561 7.68707 
1 0.532394 7.20468 
1 -2.50947 -9.4937 
1 -2.78355 -10.9279 
1 -2.23999 -7.80936 
1 0.361754 6.17678 
1 -0.305799 2.49242 
1 -2.7268 -10.5968 
1 -0.933723 -0.868489 
1 0.0624994 4.39821 
1 0.493868 6.81466 
1 -1.43035 -3.75549 
1 -1.92677 -6.40008 
1 -0.101667 3.53199 
1 -2.0442 -6.90067 
1 -1.95036 -6.2698 
1 -1.06426 -1.63021 
1 -0.675233 0.494485 
1 -2.38665 -8.69701 
1 0.457631 6.6681 
1 -2.35199 -8.38337 
1 -0.352811 2.2523 
1 -1.35495 -3.09349 
1 -2.48156 -9.16002 
1 -2.17465 -7.62936 
1 -1.72942 -5.07809 
1 -0.430795 1.90283 
1 -2.32909 -8.64251 
1 0.750145 8.26136 
1 -2.01228 -6.6878 
1 -2.7654 -10.7072 
1 -2.32141 -8.21354 
1 -2.7396 -10.4953 
1 -0.11357 3.57655 
1 -2.11937 -7.17544 
1 -1.28855 -2.74859 
1 -1.82237 -5.65155 
1 -2.18337 -7.62185 
1 -2.34499 -8.48202 
1 -1.51143 -4.15754 
1 -2.3193 -8.47009 
1 -1.14815 -2.0942 
1 -1.39637 -3.25861 
1 0.0309853 4.37328 
1 -1.16473 -2.10557 
1 -1.1243 -1.83208 
1 0.0688165 4.60386 
1 -1.93729 -6.56628 
1 -2.1783 -7.59875 
1 0.33508 5.93089 
1 0.386752 6.31066 
1 -2.60552 -9.9739 
1 -1.81247 -5.71277 
1 -1.75289 -5.3255 
1 -1.81215 -5.68538 
1 -1.04525 -1.69855 
1 -1.953 -6.34964 
1 -1.70253 -4.95964 
1 -0.872443 -0.289244 
1 0.057461 4.49134 
1 -1.39547 -3.23614 
1 -0.518923 1.48934 
1 -0.937844 -0.810728 
1 -2.70493 -10.4303 
1 0.793807 8.27302 
1 -0.636264 0.973395 
1 -1.94639 -6.22384 
1 -2.30358 -8.10404 
1 -0.390941 2.06669 
1 -1.90575 -5.89946 
1 -0.743601 0.122368 
1 -0.221594 3.36851 
1 -0.440998 1.82662 
1 -1.06011 -1.39065 
1 -0.871186 -0.652859 
1 -0.810258 -0.0469153 
1 -1.48044 -3.81179 
1 0.151663 5.06236 
1 -1.26284 -2.58315 
1 -1.37538 -3.23161 
1 0.445971 6.38494 
1 -1.18205 -2.24952 
1 -1.04353 -1.69257 
1 -1.24607 -2.60408 
1 -0.453561 1.6975 
1 0.551257 7.01107 
1 0.3935 6.00378 
1 0.678159 7.75516 
1 -1.72622 -5.09125 
1 -1.03917 -1.53108 
1 -0.533112 1.42899 
1 0.101983 4.57956 
1 -2.58128 -9.8159 
1 -2.73999 -10.6357 
1 -0.941608 -0.833687 
1 -2.00729 -6.79243 
1 0.49024 6.96107 
1 0.0290501 4.32082 
1 0.685164 7.81071 
1 -1.34853 -3.10577 
1 -0.298638 2.4894 
