1 -0.458755 -8.69797 
1 -0.417419 -6.60118 
1 -0.347676 -3.84712 
1 -0.456641 -8.58363 
1 -0.473517 -7.94106 
1 -0.403037 -5.86173 
1 -0.461865 -8.33229 
1 -0.428913 -7.59471 
1 -0.381479 -6.04676 
1 -0.405694 -7.03203 
1 -0.35229 -5.49997 
1 -0.455151 -9.10701 
1 -0.494522 -9.1204 
1 -0.480112 -8.99825 
1 -0.355147 -4.33258 
1 -0.404986 -6.69811 
1 -0.435248 -7.98625 
1 -0.432318 -6.55881 
1 -0.446794 -8.19707 
1 -0.445033 -7.9724 
1 -0.394122 -6.71079 
1 -0.453631 -7.81553 
1 -0.435568 -7.69446 
1 -0.408698 -5.95806 
