1 -0.159861 5.00886 
1 -0.052041 9.75587 
1 -0.0743338 8.51411 
1 -0.0657444 9.62725 
1 -0.0941131 7.16772 
1 -0.139353 6.15934 
1 -0.192073 3.92262 
1 -0.176777 4.17548 
1 -0.153148 4.52513 
1 0.0147418 10.4001 
1 -0.0703113 7.27518 
1 -0.0869806 8.34691 
1 -0.0436907 9.64541 
1 -0.288387 -0.453818 
1 -0.298794 -1.52949 
1 -0.0694038 8.94418 
1 -0.0538122 8.86162 
1 -0.129303 5.55258 
1 -0.059904 8.71509 
1 -0.187963 3.62485 
1 -0.132056 4.71873 
1 -0.0311153 9.58618 
1 -0.0254891 9.73602 
1 -0.136885 6.11807 
1 -0.135397 6.67692 
1 -0.155923 4.15482 
1 -0.0848867 8.56586 
1 -0.150925 4.30064 
1 -0.103832 7.13755 
1 -0.0862726 7.06891 
1 -0.104733 7.46822 
1 -0.118906 6.63778 
1 -0.0690312 8.00134 
1 -0.0500327 9.88943 
1 -0.15999 3.83665 
1 -0.0434617 9.85147 
1 -0.153528 5.638 
1 -0.0509287 8.88574 
1 -0.0350633 9.58465 
1 -0.106546 6.62528 
1 -0.0407124 10.0671 
1 -0.216595 2.71482 
1 -0.0803473 7.52354 
1 -0.106854 6.39095 
1 -0.0253874 9.86587 
1 -0.315089 -2.06681 
1 -0.0732855 8.58021 
1 -0.116609 6.67876 
1 -0.110904 6.41877 
1 -0.166955 4.30357 
1 -0.152196 5.08183 
