1 -1.97467 -0.737043 
1 -3.34229 -2.23095 
1 2.34631 3.79243 
1 -0.25434 -0.0627691 
1 3.79213 5.32806 
1 -0.238336 0.221933 
1 4.33266 5.86441 
1 0.676811 2.05531 
1 -0.203906 1.46694 
1 -0.264525 0.435719 
1 -4.0055 -2.93563 
1 2.45714 3.87411 
1 -0.276081 -0.599903 
1 -0.232633 1.24223 
1 0.750046 2.08054 
1 0.2501 1.57401 
1 1.33107 2.7247 
1 1.91534 3.35127 
1 -0.237741 0.127061 
1 -5.46885 -4.46558 
1 -5.42826 -4.43867 
1 -2.65296 -1.06801 
1 -0.260969 -0.113247 
1 -6.59116 -5.67904 
1 -0.187923 2.77793 
1 0.237927 1.56562 
1 -1.5448 -0.305001 
1 1.35617 2.73327 
1 0.482338 1.79695 
1 -0.24959 0.427167 
