1 -0.270015 0.328748 
1 -0.161463 4.16362 
1 -0.198236 3.93683 
1 -0.241983 0.00153929 
1 -0.326219 -3.3613 
1 -0.271508 -0.324141 
1 -0.291364 -1.62961 
1 -0.20922 1.48987 
1 -0.190385 2.71997 
1 -0.104524 5.69433 
1 -0.148624 4.6274 
1 -0.215798 1.8193 
1 -0.238193 1.0042 
1 -0.132657 4.77115 
1 -0.131451 5.71812 
1 -0.364264 -3.79009 
1 -0.248168 0.650898 
1 -0.218401 1.68836 
1 -0.113777 4.64182 
1 -0.307972 -1.11894 
1 -0.205767 2.90648 
1 -0.185257 3.28257 
1 -0.138537 4.97924 
1 -0.196828 2.4077 
1 -0.305025 -3.03629 
1 -0.165754 4.87969 
1 -0.159785 3.37319 
1 -0.220329 0.770708 
1 -0.177332 4.24401 
1 -0.312671 -2.22665 
1 -0.255345 -0.422994 
1 -0.289855 -1.36958 
1 -0.330316 -2.36859 
1 -0.27809 -0.746199 
1 -0.241111 0.330538 
1 -0.10715 6.14458 
1 -0.187202 3.08687 
1 -0.398694 -5.84304 
1 -0.303263 -1.94855 
1 -0.156809 4.24716 
1 -0.155898 3.09211 
1 -0.15577 4.25581 
1 -0.268106 -0.785827 
1 -0.272079 -0.330598 
1 -0.239183 0.251544 
1 -0.268564 -0.547268 
1 -0.290131 -0.7656 
1 -0.303609 -2.22852 
1 -0.13935 3.17424 
1 -0.176804 2.28449 
1 -0.309758 -0.909344 
1 -0.296681 -0.737197 
1 -0.15884 2.82618 
