1 -1.97467 -0.737043 
1 -2.73274 -1.58795 
1 -13.1473 -3.61334 
1 -0.238336 0.221933 
1 -14.9346 -4.04815 
1 -0.710941 -1.10687 
1 -0.264525 0.435719 
1 -0.499297 0.774418 
1 -5.36845 -1.71819 
1 -0.232633 1.24223 
1 -11.6862 -3.27403 
1 -0.28688 -0.224149 
1 -2.65296 -1.06801 
1 -5.93728 -1.84264 
1 -7.72204 -2.29025 
1 -4.07693 -1.40473 
1 -6.90575 -2.09308 
1 -0.268564 -0.547268 
1 -1.5448 -0.305001 
1 -1.52496 -0.308135 
1 -0.290131 -0.7656 
1 -0.602573 -1.41618 
1 -0.24959 0.427167 
1 3.22157 0.399823 
1 -8.32164 -2.93905 
