1 -0.159861 5.00886 
1 -0.270015 0.328748 
1 -0.052041 9.75587 
1 -0.161463 4.16362 
1 -0.198236 3.93683 
1 -0.0743338 8.51411 
1 -0.241983 0.00153929 
1 -0.326219 -3.3613 
1 -0.0657444 9.62725 
1 -0.458755 -8.69797 
1 -0.0941131 7.16772 
1 -0.271508 -0.324141 
1 -0.291364 -1.62961 
1 -0.417419 -6.60118 
1 -0.20922 1.48987 
1 -0.190385 2.71997 
1 -0.139353 6.15934 
1 -0.359621 -3.3923 
1 -0.104524 5.69433 
1 -0.192073 3.92262 
1 -0.176777 4.17548 
1 -0.153148 4.52513 
1 0.0147418 10.4001 
1 -0.0703113 7.27518 
1 -0.347676 -3.84712 
1 -0.390238 -0.472119 
1 -0.456641 -8.58363 
1 -0.0869806 8.34691 
1 -0.148624 4.6274 
1 -0.0436907 9.64541 
1 -0.203906 1.46694 
1 -0.288387 -0.453818 
1 -0.473517 -7.94106 
1 -0.0694038 8.94418 
1 -0.403037 -5.86173 
1 -0.215798 1.8193 
1 -0.0538122 8.86162 
1 -0.129303 5.55258 
1 -0.461865 -8.33229 
1 -0.238193 1.0042 
1 -0.059904 8.71509 
1 -0.132657 4.77115 
1 -0.428913 -7.59471 
1 -0.187963 3.62485 
1 -0.131451 5.71812 
1 -0.364264 -3.79009 
1 -0.132056 4.71873 
1 -0.318516 -2.66594 
1 -0.218401 1.68836 
1 -0.0311153 9.58618 
1 -0.0254891 9.73602 
1 -0.113777 4.64182 
1 -0.307972 -1.11894 
1 -0.136885 6.11807 
1 -0.135397 6.67692 
1 -0.205767 2.90648 
1 -0.155923 4.15482 
1 -0.0848867 8.56586 
1 -0.276081 -0.599903 
1 -0.150925 4.30064 
1 -0.185257 3.28257 
1 -0.344159 -4.19918 
1 -0.103832 7.13755 
1 -0.369912 -3.91548 
1 -0.381479 -6.04676 
1 -0.0862726 7.06891 
1 -0.237741 0.127061 
1 -0.339098 -3.85659 
1 -0.329007 -2.74449 
1 -0.104733 7.46822 
1 -0.118906 6.63778 
1 -0.138537 4.97924 
1 -0.196828 2.4077 
1 -0.305025 -3.03629 
1 -0.165754 4.87969 
1 -0.0690312 8.00134 
1 -0.159785 3.37319 
1 -0.0500327 9.88943 
1 -0.269052 0.64828 
1 -0.15999 3.83665 
1 -0.405694 -7.03203 
1 -0.177332 4.24401 
1 -0.35229 -5.49997 
1 -0.0434617 9.85147 
1 -0.153528 5.638 
1 -0.455151 -9.10701 
1 -0.494522 -9.1204 
1 -0.312671 -2.22665 
1 -0.0509287 8.88574 
1 -0.255345 -0.422994 
1 -0.0350633 9.58465 
1 -0.289855 -1.36958 
1 -0.245905 -0.555775 
1 -0.106546 6.62528 
1 -0.330316 -2.36859 
1 -0.0407124 10.0671 
1 -0.480112 -8.99825 
1 -0.27809 -0.746199 
1 -0.216595 2.71482 
1 -0.241111 0.330538 
1 -0.10715 6.14458 
1 -0.187202 3.08687 
1 -0.0803473 7.52354 
1 -0.355147 -4.33258 
1 -0.398694 -5.84304 
1 -0.187923 2.77793 
1 -0.303263 -1.94855 
1 -0.404986 -6.69811 
1 -0.106854 6.39095 
1 -0.156809 4.24716 
1 -0.0253874 9.86587 
1 -0.435248 -7.98625 
1 -0.315229 -2.94723 
1 -0.155898 3.09211 
1 -0.432318 -6.55881 
1 -0.315089 -2.06681 
1 -0.15577 4.25581 
1 -0.446794 -8.19707 
1 -0.268106 -0.785827 
1 -0.272079 -0.330598 
1 -0.239183 0.251544 
1 -0.445033 -7.9724 
1 -0.0732855 8.58021 
1 -0.116609 6.67876 
1 -0.303609 -2.22852 
1 -0.13935 3.17424 
1 -0.453631 -7.81553 
1 -0.110904 6.41877 
1 -0.435568 -7.69446 
1 -0.166955 4.30357 
1 -0.408698 -5.95806 
1 -0.152196 5.08183 
1 -0.309758 -0.909344 
1 -0.296681 -0.737197 
1 -0.15884 2.82618 
