1 0.725228 -2.79062 
1 -4.65299 4.00943 
1 -3.90949 3.04269 
1 -5.04906 4.48074 
1 -2.72063 1.56614 
1 0.939707 -3.09304 
1 -5.48386 5.05843 
1 2.77261 -5.41459 
1 -6.50579 6.28454 
1 3.47262 -6.24464 
1 -0.606197 -1.14093 
1 -6.68893 6.54527 
1 3.15795 -5.85017 
1 5.09231 -8.28226 
1 2.38608 -4.89738 
1 -5.35888 6.48642 
1 -0.944384 -0.729879 
1 -5.83999 5.47374 
1 4.11058 -7.09932 
1 3.83784 -6.75534 
1 2.61908 -5.23059 
1 -5.44541 5.86771 
1 2.91668 -5.52084 
1 4.56149 -7.63071 
1 -0.274729 -1.53398 
1 5.16654 -8.42055 
1 2.53513 -5.10275 
1 -3.18229 2.13774 
1 -1.59627 0.104625 
1 -0.520869 -1.26338 
1 1.76943 -4.12783 
1 -4.96511 4.37582 
1 3.01731 -5.68519 
1 1.35938 -3.61608 
1 -1.17437 -0.410365 
1 -5.54326 5.12297 
1 3.68066 -6.53544 
1 -3.42186 2.45283 
1 -1.30502 -0.264348 
1 3.50523 -6.30934 
1 -2.13187 0.782246 
1 1.47412 -3.74987 
1 -3.51315 2.55978 
1 -2.28125 0.997526 
1 -2.99891 1.89062 
1 1.59417 -3.8891 
1 5.07897 -8.28799 
1 4.09922 -7.04963 
1 4.98105 -8.12674 
1 0.805659 -2.89537 
1 2.99072 -5.66468 
1 -0.785422 -0.901 
1 4.4293 -7.49507 
1 3.17605 -5.91837 
1 1.93471 -4.33511 
1 -5.23323 4.70398 
1 -3.22184 2.19114 
1 -3.834 2.96679 
1 2.86245 -5.50721 
1 -1.99487 0.614441 
1 -5.7879 5.39005 
1 0.67272 -2.74283 
1 0.639169 -2.72242 
1 -2.75828 1.58923 
1 -0.408396 -1.36238 
1 -6.09576 5.76154 
1 -5.18418 7.47034 
1 2.08464 -4.52704 
1 -2.28351 0.986139 
1 -6.42203 6.21172 
1 -5.36823 6.22407 
1 -5.54974 5.11758 
1 1.55228 -3.83086 
1 -6.26733 6.0457 
1 -5.65035 5.242 
1 2.86898 -5.53191 
1 -1.18678 -0.410399 
1 2.94374 -5.64495 
1 -3.48782 2.52607 
1 -5.21661 4.72143 
1 1.59663 -0.903183 
1 0.693139 -2.7597 
1 -5.3004 6.89256 
1 1.82214 -4.24181 
1 2.83464 -5.44942 
1 3.49812 -6.28339 
1 -5.21051 4.67262 
1 -3.4089 2.40641 
1 -4.85744 4.20787 
1 1.64483 -3.99431 
1 -0.57404 -1.17147 
1 4.23397 -7.20854 
1 -0.42275 -1.3566 
1 2.54611 -5.10643 
1 4.55926 -7.66693 
1 -3.12549 2.05024 
1 -3.31858 2.34351 
1 -3.47738 2.50192 
1 5.25093 -8.4793 
1 -6.61274 6.45347 
1 -5.71383 4.05481 
1 2.49595 -5.04279 
1 -5.39731 6.21475 
1 -1.98898 0.61524 
1 -5.17408 4.62307 
1 -3.67735 2.72995 
1 2.45894 -4.97818 
1 3.67049 -6.53702 
1 3.85308 -6.7828 
1 -0.723543 -0.976259 
1 -4.9585 4.34521 
1 1.87814 -4.27015 
1 3.55803 -6.38034 
1 2.75822 -5.35368 
1 1.44935 -1.28226 
1 -6.20381 5.94473 
1 -5.23181 4.71762 
1 -3.65618 2.72033 
1 3.32265 -6.10163 
1 -4.37181 3.61557 
1 1.31764 -3.51006 
1 3.51487 -6.27569 
1 -2.76797 1.61887 
1 -5.46322 5.57861 
1 -2.68072 1.47456 
1 -2.98844 1.85321 
1 4.22019 -7.22783 
1 -6.27631 6.0285 
1 3.56974 -6.37055 
1 -6.26991 6.02497 
1 -6.00673 5.68375 
1 -5.22111 4.69336 
1 -0.230854 -1.56476 
1 -3.35135 2.31056 
1 3.02328 -5.72232 
1 -2.21816 0.886388 
1 2.52189 -5.07749 
1 -2.43583 1.17994 
1 -6.91721 6.81073 
1 -5.97999 5.63505 
1 -2.02164 0.641308 
1 -0.489864 -1.26888 
