1 2.51691 5.68928 
1 1.52717 5.14782 
1 5.2952 7.24193 
1 -2.29514 3.04286 
1 -1.87212 3.23243 
1 -5.26817 1.34531 
1 4.83078 6.99085 
1 3.85552 6.44349 
1 -0.645357 3.97083 
1 3.35283 6.18918 
1 8.77728 9.19561 
1 -4.73303 1.90699 
1 -5.62007 1.13488 
1 8.07139 8.76793 
1 7.18934 8.32856 
1 6.2152 7.78714 
1 -2.62065 2.80586 
1 0.336498 4.49455 
1 -2.24992 3.06084 
1 7.00058 8.17768 
1 -2.87889 2.65937 
1 7.85497 8.66513 
1 7.30847 8.38561 
1 -7.08107 0.298576 
1 -3.91397 2.07645 
1 9.16255 9.46953 
1 5.97454 7.65492 
1 8.9999 9.32736 
1 4.10841 6.58676 
1 -7.43923 0.0452175 
1 -4.1989 1.9153 
1 -0.689238 3.86586 
1 8.01219 8.8201 
1 8.15088 8.80464 
1 -2.5735 1.16717 
1 -6.21582 0.78529 
1 -4.23636 1.88599 
1 -0.826367 3.84037 
1 -2.14222 3.09487 
1 6.50546 7.91831 
1 2.5744 5.66008 
1 -1.60864 3.43925 
1 3.4215 6.14845 
1 6.4385 7.88755 
1 -6.33015 0.729746 
1 -5.25756 2.06845 
1 5.39811 7.28086 
1 6.91433 8.13139 
1 3.46959 6.28208 
1 3.72329 6.35388 
1 -5.60381 1.1574 
1 9.27417 9.50479 
1 1.91687 5.38743 
1 4.86105 7.022 
1 -3.16015 2.47896 
1 7.72021 8.59615 
1 7.00603 8.18554 
1 2.30468 5.6004 
1 -5.79866 2.2604 
1 -0.281844 4.11479 
1 -7.44024 0.144549 
1 -2.04716 3.11769 
1 2.36383 5.60099 
1 4.67749 6.96458 
1 2.09778 5.41402 
1 7.83523 8.72102 
1 -6.7697 0.481027 
1 7.02692 8.25245 
1 -6.47302 0.651667 
1 3.04422 5.99174 
1 -6.7908 0.393245 
1 6.78003 8.12035 
1 8.03953 8.75759 
1 5.09191 7.14921 
1 -7.71517 -0.0226665 
1 6.97454 8.22515 
1 8.92016 9.27096 
1 1.10938 4.87727 
1 6.75312 8.08028 
1 7.47815 8.47684 
1 -2.62766 2.80676 
1 -4.01416 1.64531 
1 -1.76432 3.31835 
1 8.53562 9.09502 
1 -7.65383 -0.0523874 
1 4.179 6.69813 
1 0.0951144 4.3266 
1 2.28112 5.5627 
1 -4.86353 1.58168 
1 -2.02386 3.15539 
1 -0.574124 3.95328 
1 9.33043 9.51798 
1 8.56692 9.15409 
1 -3.56552 2.24512 
