1 2.50337 -1.61641 
1 4.01539 -1.24963 
1 9.30932 0.203973 
1 -2.28826 -2.85071 
1 2.77118 -1.54326 
1 4.73466 -0.96893 
1 -5.94901 -3.89571 
1 8.11143 -0.117389 
1 7.95911 -0.132619 
1 -0.997569 -2.52605 
1 -6.03191 -3.89073 
1 -5.51949 -3.7668 
1 -0.498893 -2.41611 
1 10.8715 0.632075 
1 13.4983 2.30001 
1 7.55233 -0.272304 
1 -2.41501 -2.95134 
1 -3.28011 -3.12913 
1 -2.32475 -2.88544 
1 4.06945 -1.16151 
1 9.80767 0.294491 
1 5.00237 -0.955915 
1 5.99811 -0.672808 
1 -6.46177 -4.02273 
1 8.37569 0.00714273 
1 -3.27186 -3.14778 
1 1.1651 -0.971496 
1 0.445948 -1.05061 
1 -2.70549 -3.0157 
1 10.5374 0.567329 
1 10.7647 0.626122 
1 -4.72554 -3.50572 
1 4.97391 -0.600726 
1 3.97953 -0.710327 
1 -7.71425 -4.33537 
1 -5.1461 -3.65205 
1 -0.373806 -2.39374 
1 10.3003 0.497115 
1 4.86851 -0.596311 
1 -4.77718 -3.56245 
1 11.0573 0.647727 
1 -7.16944 -4.14593 
1 10.1248 0.450982 
1 -6.23743 -3.94005 
1 -4.04537 -3.30113 
1 -6.69835 -4.0991 
1 -7.39002 -4.2341 
1 -5.5883 -3.81327 
1 -6.51717 -4.02268 
1 9.78693 0.335328 
1 -0.275063 -2.39138 
1 1.00266 -2.00433 
1 1.50138 -1.85628 
1 4.42559 -1.04941 
1 6.96846 -0.349955 
1 10.3568 0.471336 
1 -1.23303 -2.57552 
1 -2.63985 -2.98584 
1 5.81344 -0.537116 
1 -2.48 -2.94879 
1 10.811 0.634944 
1 -3.68887 -6.25139 
1 -5.66063 -3.78341 
1 3.09858 -1.43049 
1 -6.82746 -4.08062 
1 5.9213 -0.722819 
1 4.01899 -1.15457 
1 3.37702 -0.745599 
1 -2.0945 -2.83662 
1 -6.86671 -4.1136 
1 10.7795 0.603937 
