1 10.5733 0.520621 
1 -5.71248 -1.70531 
1 -6.67727 -4.05934 
1 -8.21969 -1.94778 
1 6.86655 -0.425539 
1 11.2771 0.760151 
1 -5.8526 -1.71235 
1 -10.2076 -2.14195 
1 2.47274 -0.854305 
1 -3.52881 -1.48175 
1 -6.62234 -1.78482 
1 -6.11573 -2.99195 
1 0.357935 -1.07241 
1 3.1458 -0.782168 
1 4.13535 -1.14741 
1 2.29095 -1.64107 
1 -3.5962 -2.54518 
1 -5.3233 -1.67061 
1 -7.26694 -1.85045 
1 -1.45478 -1.26179 
1 1.5993 -1.86062 
1 -8.85107 -2.01067 
1 0.979655 -2.00215 
1 -0.332132 -1.14818 
1 -1.99167 -1.31244 
1 -5.75638 -1.70464 
1 -11.8517 -2.30729 
1 -1.87139 -1.30396 
1 4.02333 -1.20545 
1 -4.51281 -3.06505 
1 -8.78504 -2.01701 
1 -3.71992 -1.48237 
1 1.39175 -0.968467 
1 -0.209867 -1.12246 
1 1.23456 -0.989682 
1 -3.77876 -3.29503 
1 -3.37625 -1.43245 
1 -2.26124 -1.35782 
1 9.88387 0.38336 
1 6.80023 -0.456026 
1 -0.364323 0.519754 
1 -1.62929 -1.2639 
1 1.51034 1.48042 
1 -2.26707 -1.3428 
1 0.560646 -2.12721 
1 1.67177 -0.953661 
1 -9.326 -2.05824 
1 -6.31759 -3.96304 
1 -7.86464 -1.9266 
1 2.84408 -1.51834 
1 -6.62457 -1.77841 
1 1.50309 -0.944799 
1 -8.74773 -2.00017 
1 -7.06778 -1.8189 
1 -0.173912 -2.35717 
1 4.17339 -0.673074 
1 8.32007 -0.0934332 
1 4.6925 -0.624478 
1 7.06054 -0.401776 
1 -0.993614 -2.54902 
1 -1.9777 -1.28402 
1 3.2834 -1.39435 
1 -3.16162 0.580682 
1 3.502 -0.732799 
1 -11.3342 -2.25353 
1 -3.18801 -1.42981 
1 -1.19919 -2.56886 
1 6.53348 -0.446584 
1 0.220452 -2.17927 
1 -1.59708 -2.67054 
1 -12.0322 -2.33531 
1 -1.29939 -1.25554 
1 -12.3488 -2.36923 
1 -1.44604 -1.269 
1 10.2288 0.468984 
1 7.96739 -0.137648 
1 -6.73208 -1.81317 
1 -2.83308 -1.38412 
