1 -6.67727 -4.05934 
1 9.30932 0.203973 
1 -2.28826 -2.85071 
1 2.77118 -1.54326 
1 4.73466 -0.96893 
1 -5.94901 -3.89571 
1 2.47274 -0.854305 
1 8.11143 -0.117389 
1 -0.997569 -2.52605 
1 -5.51949 -3.7668 
1 -0.498893 -2.41611 
1 4.13535 -1.14741 
1 13.4983 2.30001 
1 7.55233 -0.272304 
1 -2.41501 -2.95134 
1 -3.5962 -2.54518 
1 4.06945 -1.16151 
1 0.979655 -2.00215 
1 9.80767 0.294491 
1 4.02333 -1.20545 
1 -4.51281 -3.06505 
1 -6.46177 -4.02273 
1 0.445948 -1.05061 
1 -0.209867 -1.12246 
1 1.23456 -0.989682 
1 9.88387 0.38336 
1 -4.72554 -3.50572 
1 4.97391 -0.600726 
1 -7.71425 -4.33537 
1 -5.1461 -3.65205 
1 -0.373806 -2.39374 
1 0.560646 -2.12721 
1 10.3003 0.497115 
1 -4.77718 -3.56245 
1 -6.31759 -3.96304 
1 10.1248 0.450982 
1 -6.23743 -3.94005 
1 -4.04537 -3.30113 
1 -0.173912 -2.35717 
1 4.17339 -0.673074 
1 7.06054 -0.401776 
1 -0.993614 -2.54902 
1 3.2834 -1.39435 
1 3.502 -0.732799 
1 -1.19919 -2.56886 
1 6.53348 -0.446584 
1 -5.5883 -3.81327 
1 0.220452 -2.17927 
1 -6.51717 -4.02268 
1 -0.275063 -2.39138 
1 1.00266 -2.00433 
1 1.50138 -1.85628 
1 4.42559 -1.04941 
1 10.3568 0.471336 
1 -2.63985 -2.98584 
1 5.81344 -0.537116 
1 10.2288 0.468984 
1 -2.48 -2.94879 
1 10.811 0.634944 
1 -5.66063 -3.78341 
1 -6.82746 -4.08062 
1 5.9213 -0.722819 
1 3.37702 -0.745599 
1 -6.86671 -4.1136 
