-0.740897 0.156359 -1.18219 
-0.582349 -1.08493 -3.17521 
-0.574878 -1.07162 -4.19549 
-1.35983 -0.426028 -3.20881 
-1.3802 -0.44077 -4.14554 
-1.39017 -0.0780267 -3.36194 
-0.360823 -0.0531204 -3.39497 
-0.282284 -0.0137473 -4.08036 
-1.01833 1.38164 -3.59635 
-0.50511 -0.0711369 -3.19544 
-1.36567 -0.163246 -4.19436 
-0.333492 -0.0494362 -3.99677 
-1.36937 -0.754503 -4.19005 
-0.39387 -0.140633 -3.16376 
-1.39667 -0.332203 -3.19104 
-0.370798 -0.788104 -3.1939 
-1.95245 0.721443 -2.59175 
-0.705197 -0.0728812 -3.1586 
-0.363485 -1.05837 -3.80484 
-0.358931 -0.180425 -4.17646 
-0.351113 -1.04735 -3.3137 
-0.329179 -0.766788 -3.20405 
-0.933606 -0.0296627 -4.22675 
-0.60483 -1.03914 -4.19099 
-0.904815 -1.06324 -4.19188 
-1.73723 0.255296 -1.16796 
-1.36549 -0.0748287 -3.43343 
-1.38877 -0.642522 -3.17593 
-1.31298 -0.804309 -3.22077 
-1.06866 -1.04842 -4.20824 
-0.398822 -0.755389 -4.18386 
