1.34194 1.1212 -1.91795 
-0.740897 0.156359 -1.18219 
1.40939 0.799295 1.79146 
1.42663 0.800185 1.94509 
0.85849 0.324192 0.12849 
-1.74576 -0.624877 -1.16042 
-1.69875 0.36285 -1.17408 
-0.786159 0.404932 -0.21239 
-0.747234 -0.612718 -0.97226 
1.3493 1.44132 -1.84634 
1.34157 1.44043 -1.5605 
0.116934 0.31361 0.0938289 
-0.788409 -0.661748 -0.172141 
-0.774942 0.393498 -0.7033 
-0.744952 0.113008 -1.15685 
-0.770111 -0.594105 -0.471528 
-1.7586 0.403177 -0.749919 
0.649881 -0.654068 -0.90757 
2.07238 0.41124 -0.912791 
0.548313 0.334355 -0.855379 
-0.789511 0.37542 -1.20747 
1.147 -0.662633 -0.0909173 
1.33646 0.867719 -0.916561 
1.48945 1.38924 -0.894854 
-1.75564 0.36559 -0.375842 
-1.32694 -0.656202 -0.172801 
2.33364 1.45197 -1.25844 
1.10004 -0.695311 -0.744259 
1.35516 0.592155 -0.917321 
1.34341 1.06424 -1.90518 
1.73926 1.44547 -1.92728 
-0.756199 0.169045 -0.190652 
-0.760788 -0.607682 -0.963927 
1.40947 0.391725 -0.876165 
-1.04804 -0.634489 -0.186914 
0.157108 -0.662242 -0.078184 
0.107548 0.317657 -0.463423 
-1.09891 0.391559 -0.163365 
-0.227424 -1.74607 -0.452374 
1.64801 1.413 -0.914785 
0.144985 -0.653443 0.121632 
1.3395 0.601103 -0.903091 
-1.74423 0.193714 -0.190969 
-0.39387 -0.140633 -3.16376 
-0.370798 -0.788104 -3.1939 
0.419516 -0.200696 1.98962 
-0.737513 -0.599832 -0.83863 
1.63741 1.44194 -0.920539 
1.12498 0.298054 0.139381 
0.38935 -0.197178 1.13418 
0.437267 0.275378 1.05501 
0.129044 -0.280097 0.142989 
1.12988 -0.0434487 0.154132 
0.141048 0.0492007 -0.867211 
-1.95245 0.721443 -2.59175 
0.0942253 -0.694747 -0.660795 
-0.76037 -0.235312 -1.18891 
1.30087 0.786429 2.03266 
0.124699 -0.457488 -0.830796 
1.45969 1.43546 -0.91286 
-0.74361 -0.631427 -1.11184 
1.12447 -0.604992 0.155594 
2.33873 1.40787 -1.56574 
0.406586 0.293703 2.02822 
1.34784 0.511555 -1.93663 
-0.989041 0.376577 -1.20551 
-1.76564 -0.60501 -0.19072 
-1.19608 0.368455 -1.16034 
1.32589 0.444293 -1.57665 
-1.77315 -0.620029 -0.373456 
1.82026 1.41982 -0.908602 
1.11346 0.309282 -0.169503 
-0.768336 0.374463 -0.890199 
1.44517 -0.213023 1.28613 
-0.957051 -0.623834 -1.17182 
1.34866 0.412654 -1.29553 
1.40424 0.807978 1.02235 
1.37445 1.44124 -0.910785 
-1.79998 0.444185 -1.14139 
2.2614 0.437434 -0.918695 
1.11128 -0.603211 0.169606 
0.35097 -0.712596 0.195333 
-0.76463 -0.385064 -1.19161 
-1.75447 0.388551 -0.865558 
2.23237 0.436247 -0.928127 
2.34381 0.433109 -1.42586 
2.13707 1.42491 -1.90703 
-1.74551 0.252549 -1.15696 
0.217206 -0.68843 -0.847733 
1.43463 -0.204594 1.67668 
-0.737378 0.0317607 -0.185065 
0.14024 0.32932 0.119021 
-1.7605 -0.177961 -1.18735 
2.35127 1.45729 -1.56117 
0.124496 -0.690696 -0.198904 
2.35584 0.430053 -1.91887 
1.15288 -0.100874 -0.875426 
-0.741064 0.324019 -0.24997 
1.33472 0.436097 -1.72142 
1.3226 1.22247 -1.92372 
0.705648 -0.66383 -0.880376 
-0.832744 0.375362 -0.155087 
1.26589 -0.213413 1.03073 
1.50708 1.3827 -1.88862 
1.35135 0.410356 -1.24546 
2.344 0.383876 -1.3046 
1.11358 -0.675728 0.146989 
-0.9979 1.07263 -1.95999 
1.17682 0.173086 0.103277 
1.34145 1.39365 -0.888794 
1.43259 1.4669 -1.95468 
1.11568 0.320036 -0.491422 
-1.7653 -0.545956 -0.179025 
1.34691 0.832741 -1.91192 
-0.758826 -0.615823 -0.966062 
1.33913 1.31602 -1.88674 
1.41845 0.805838 1.03213 
1.44364 0.661383 2.03017 
2.3497 1.42171 -1.4655 
-0.731281 0.245506 -0.161217 
1.3315 1.4095 -0.915569 
-0.925648 -0.643864 -0.145378 
0.543655 -0.678421 0.158004 
-1.75135 0.380803 -1.09593 
-0.749749 0.386885 -0.544752 
-0.775402 -0.107703 -0.191481 
0.728052 0.316487 -0.87806 
1.34215 1.39455 -1.53252 
-0.74104 -0.916552 -0.456475 
-1.60756 -0.61146 -1.20001 
-0.783958 -0.642672 -1.16209 
-1.07742 0.387835 -1.17667 
-1.73896 -0.648628 -0.953976 
1.32843 1.39197 -0.905315 
-1.75871 -0.229626 -1.19089 
2.31582 1.44397 -1.782 
0.253479 -0.680849 -0.847873 
2.16512 0.384719 -0.896282 
0.290055 -1.14492 0.489829 
-0.882056 0.387986 -1.17446 
1.36436 0.623315 -1.90197 
-0.774352 -0.619754 -0.699703 
1.9489 0.425578 -0.918339 
0.4073 0.805982 1.83887 
-0.744249 0.375731 -0.903932 
-0.751416 0.323709 -0.198105 
2.3489 0.495092 -1.88628 
-1.23074 -0.62545 -0.173669 
0.157272 -0.00544439 0.104989 
1.4246 -0.214849 1.35213 
1.11317 -0.345288 0.169589 
-0.310168 -0.075459 -3.22887 
1.3524 1.00138 -0.928584 
2.33449 1.41353 -1.20397 
1.33394 0.93247 -0.925116 
-1.74991 -0.112539 -0.169114 
-1.73117 -0.217882 -1.17546 
1.11391 -0.320954 0.137216 
2.33799 0.78844 -0.880174 
0.74869 -0.226689 2.02276 
-1.53986 -0.635669 -1.15539 
-1.76232 -0.483806 -1.18051 
1.14921 -0.632191 0.139781 
0.77111 0.770075 2.00605 
-1.74738 -0.619687 -0.617462 
1.33015 0.753293 -1.90774 
1.14996 -0.673288 -0.525811 
1.17655 -0.209591 1.0271 
1.3339 0.43986 -1.38883 
1.44224 -0.0620107 2.01983 
0.130978 0.329607 -0.355983 
2.34858 0.412468 -0.922341 
