1 0.873878 -1.8313 
1 -9.26658 -2.19481 
1 5.13997 1.33223 
1 8.81227 1.23576 
1 -6.91354 -1.53265 
1 5.36316 -1.6826 
1 -12.2211 -2.22396 
1 -2.28914 1.0189 
1 -5.17965 1.01267 
1 6.70727 -4.3164 
1 -1.71171 -1.91751 
1 1.78593 -1.77654 
1 3.55294 1.13567 
1 3.29125 -1.73552 
1 -5.86368 -1.28127 
1 -11.7913 -2.23271 
1 -2.43661 -1.88492 
1 -7.61582 -0.542892 
1 -1.21387 -1.86512 
1 -10.7869 -2.24096 
1 -2.27971 -1.96581 
1 -3.32835 -1.92671 
1 7.47702 -4.51702 
1 -8.3837 -1.86461 
1 -10.9984 0.314118 
1 -10.0028 -2.14488 
1 2.36746 -3.15305 
1 4.49652 -1.6552 
1 -5.20325 0.957907 
1 -4.97567 0.971498 
1 1.04238 -2.85492 
1 7.17718 -4.41764 
1 -3.88915 -1.99825 
1 -7.09915 -2.0766 
1 -12.5355 -2.31948 
1 -8.61695 -2.15174 
1 -5.233 -1.96997 
1 -2.97623 -1.90206 
1 -2.79979 1.02617 
1 -2.17556 -1.79507 
1 -0.200797 -1.82713 
1 0.00749209 -1.84016 
1 0.404125 1.08847 
1 -8.51349 -2.08676 
1 1.22553 -1.76153 
1 3.59097 -3.42734 
1 6.89813 -1.60439 
1 -2.21171 -1.8775 
1 -6.97428 -0.723931 
1 -11.6761 -2.24913 
1 0.154648 -1.80512 
1 -2.91237 -1.91152 
1 -11.2669 -2.17341 
1 -7.58947 -0.586725 
1 -0.221459 -1.87336 
1 -8.73771 0.92146 
1 -9.42524 -2.13015 
1 -9.04521 -2.09925 
1 -11.7432 -2.27172 
1 4.47309 1.17514 
1 -9.72621 -2.16427 
1 -0.738749 -1.86635 
1 -12.2489 -2.25185 
1 -7.85879 0.893725 
1 1.22394 0.40642 
1 5.63719 1.16385 
1 6.05417 -1.56373 
1 1.5492 1.08777 
1 -11.7515 -2.19522 
1 -2.36038 -1.92767 
1 -5.67667 0.97582 
1 -7.46487 -2.05161 
1 -9.2073 -2.05158 
1 -7.62768 0.916802 
1 -7.42193 -2.08662 
1 6.29195 -1.61167 
1 -10.9657 -2.2557 
1 -8.32635 -1.85079 
1 3.49035 -1.71265 
1 -9.56885 -0.0179609 
1 1.54216 -1.78217 
1 3.0793 1.10892 
1 -2.09618 -1.91084 
1 -11.0785 0.297179 
1 6.41672 -1.56794 
1 -11.5478 -2.25993 
1 9.72657 1.28182 
1 -3.33806 -1.94061 
1 2.56761 -1.763 
1 -4.30286 -0.903367 
1 0.945387 -1.77927 
1 -5.19731 -1.18185 
1 -1.07248 -0.133157 
1 -7.68952 -2.04615 
1 3.49933 -1.71872 
1 6.11075 -1.59105 
1 2.59091 -1.73093 
1 -4.26633 -0.908179 
1 -8.41551 -0.307007 
1 -10.5827 -2.16877 
1 -5.97702 -1.31045 
1 0.432232 -1.79478 
1 1.33943 -1.78491 
1 0.746932 -2.75546 
1 -7.29459 -2.08056 
1 6.51411 1.17729 
1 0.791734 -1.74616 
1 1.36697 -1.79253 
1 0.164948 0.155078 
1 -3.22046 -1.91344 
1 -3.02871 -1.91624 
1 -7.61375 -2.07145 
1 -2.45847 -1.88784 
1 -2.70412 -1.94578 
1 -4.42628 -1.98375 
1 2.53682 -1.80541 
1 -10.5973 -2.2182 
1 -10.5195 -2.19629 
1 -7.7024 -0.545053 
1 -5.9384 -2.03957 
1 6.12795 -1.69319 
1 1.82235 0.549587 
1 8.13229 1.23852 
1 -7.2311 -1.60536 
1 -7.72064 -0.452319 
1 6.52288 -1.63467 
1 -1.40906 1.06856 
1 -1.37402 -0.208358 
1 2.34294 -3.13788 
1 0.921312 -1.76417 
1 6.36818 1.61224 
1 4.76044 -1.69773 
1 -8.46461 -0.336522 
1 4.33059 -1.68334 
1 -2.68251 -0.541744 
1 0.0409359 -1.83622 
1 -12.4254 -2.32814 
1 -3.40589 1.01322 
1 6.54274 -1.58973 
1 -0.313001 0.0299176 
1 6.02669 1.54079 
1 -11.031 -2.22205 
1 -4.9721 -1.96222 
1 10.1756 1.25251 
1 6.57758 1.6931 
1 -6.03932 -2.02664 
1 5.05666 -3.87744 
1 -3.84369 -1.52628 
1 3.19897 1.11871 
1 -7.09725 0.941658 
1 5.34673 1.18314 
1 -1.34572 1.04004 
1 -3.31352 -1.94951 
1 2.3776 0.670963 
1 -5.87233 -0.954623 
1 -4.72658 -1.29478 
1 3.8524 -1.70484 
1 -0.518786 -1.81525 
1 -1.41513 -1.89461 
1 0.10781 1.03017 
1 7.1469 -1.57807 
1 6.84934 -1.64472 
1 -11.3791 -2.21968 
1 0.70242 -1.72681 
1 -7.20154 -2.07512 
1 -8.5994 -2.11319 
1 -10.2437 -2.18057 
1 -10.627 -2.20881 
1 -2.63401 -1.86434 
1 3.92589 -3.53444 
1 -9.61677 -2.18033 
1 7.41403 -1.55828 
1 1.66172 -1.77183 
1 -11.614 -2.27344 
1 -3.74309 0.992951 
1 -0.0781811 0.0772697 
1 3.31387 -1.6949 
1 -1.5834 -1.88513 
1 -11.8491 -2.31531 
1 -5.00491 0.983441 
1 7.48202 -1.57651 
1 4.83174 -1.66737 
1 -3.01061 1.02729 
1 -3.86681 -1.96523 
1 -2.08151 -1.92244 
1 -11.7091 -2.24194 
1 -11.4309 0.469073 
1 5.93818 1.52248 
1 -8.84783 -2.15097 
1 -6.30817 -1.37599 
1 -1.36442 -2.16079 
1 -2.61939 -1.84518 
1 -6.09608 -2.03181 
1 -9.6687 -2.18861 
1 4.41724 1.17595 
1 -1.23756 -0.198517 
1 -11.1819 -2.16205 
1 -10.5483 -2.39617 
1 -0.477462 -1.84404 
1 -11.1808 -2.23184 
