0.529934 0.539477 -1.16668 
-2.48354 0.965764 1.38458 
-1.63276 1.31177 1.38421 
0.492937 0.193092 -1.16473 
-1.48615 1.30511 0.660565 
-2.51761 0.330219 0.468345 
-2.50762 0.312756 1.15683 
-1.56817 1.32718 1.37641 
-2.37446 1.32812 0.360436 
-1.77016 1.31741 0.36387 
-2.5224 0.329181 0.945373 
-1.49856 0.77201 0.383476 
-2.49232 1.32664 1.09051 
-2.52569 1.33572 1.06681 
-1.48997 0.303215 0.634862 
-1.5099 1.03257 0.381873 
-2.08265 0.305149 1.38035 
-1.52181 0.334606 1.01974 
-1.53173 0.342819 1.09484 
-0.489951 0.130867 -0.956135 
-1.98046 1.32684 1.36069 
-2.50786 0.330215 0.627864 
-1.50421 0.577326 0.364252 
-2.47095 1.29181 1.20217 
-1.48598 1.31122 0.817657 
-1.48334 0.30457 0.519169 
-2.45632 1.28812 1.38239 
-2.5309 0.535341 1.37678 
-2.53836 0.573084 1.38079 
-1.50551 1.06603 1.37754 
-1.51103 1.11753 0.372682 
-2.50813 1.32012 0.409983 
-1.4904 1.10047 0.367558 
-1.51571 0.304141 1.11412 
-1.92661 0.317904 0.384441 
-2.28528 0.334614 0.382083 
-2.00393 0.323507 1.38189 
-2.51087 0.314824 1.1331 
-1.50645 1.31515 0.451639 
-2.26495 0.338209 0.376862 
-1.49416 0.300213 0.957954 
-2.48989 0.291915 0.812831 
-2.49946 0.298415 1.01191 
-1.55232 0.327374 0.355492 
-2.51339 1.32957 1.09632 
-2.50103 0.332229 0.364485 
-2.46758 0.282953 0.861717 
-1.48791 1.29953 0.690793 
-1.54455 0.305515 0.392768 
-2.5329 1.32381 0.712745 
-1.55291 1.31726 1.38376 
-0.484184 1.10811 -0.157675 
-1.8731 1.33745 0.365286 
-1.62504 1.29767 1.3867 
-1.50274 1.31303 1.05969 
-1.60817 1.33578 0.371514 
-2.51374 0.316675 1.15199 
-2.48531 1.22169 0.376351 
-2.47873 0.322041 1.32135 
-1.49011 0.739854 0.38613 
-2.51888 1.28192 0.365564 
-1.49519 0.911415 1.37992 
-2.50246 0.746564 0.345515 
-2.03599 1.30928 1.38017 
-2.50399 0.588612 1.37187 
-1.49915 1.32339 1.00632 
-2.05604 1.31551 0.370121 
-2.52819 0.332467 0.663016 
-2.32675 0.320309 1.36616 
-1.50473 0.815129 0.379516 
-1.50814 0.296246 1.39287 
-1.86759 0.314152 0.359239 
-2.51316 0.344426 0.378047 
-1.51677 1.3308 0.894232 
-2.42446 1.32383 1.37368 
-2.21361 0.321632 0.380089 
-2.52318 1.04328 0.380987 
-2.50489 0.339137 1.28052 
-2.51675 0.571635 1.38246 
-2.26715 0.321533 0.379619 
-1.48209 0.341593 1.37948 
-0.501677 0.0968909 -1.12231 
-2.48835 1.05461 0.401605 
-1.52019 0.505926 1.37811 
-2.36363 0.306003 0.37197 
-1.52419 0.314122 0.665438 
-2.0245 1.31971 0.378896 
-1.59249 1.32589 1.37506 
-2.48931 0.777617 0.393739 
-2.50621 0.303172 1.3485 
-2.51043 0.319185 0.824549 
-2.39292 0.316516 1.36027 
-1.92426 1.29968 0.390977 
0.251716 1.14355 -0.171845 
-1.49995 0.458553 1.38141 
-1.50784 0.993407 1.38434 
-1.59337 1.26881 0.399944 
-2.48795 1.32176 0.64938 
-2.0487 0.30915 0.378098 
-2.49028 1.08737 0.381022 
-1.47435 1.10286 1.37849 
-1.47777 1.28362 1.36176 
-2.376 1.32473 0.381117 
-2.50521 1.32303 1.04919 
-2.50511 0.571452 1.38191 
-2.49277 0.382314 0.385265 
-2.2049 1.2894 1.37188 
-1.97273 0.32191 0.352933 
-2.50587 1.30592 0.954697 
-2.25836 1.3201 0.37406 
-2.51233 0.320643 0.762319 
-1.48662 1.28564 1.18198 
0.497732 0.210025 -0.157252 
-1.48139 1.27552 1.38728 
-2.50804 1.0475 1.3726 
-2.34524 1.30979 1.36078 
-2.51107 1.30971 0.374081 
-2.50195 1.16097 1.37582 
-2.32861 1.32566 1.36712 
-2.40658 1.32705 1.36597 
-1.48956 0.323769 0.406404 
-2.49517 1.02494 0.364277 
-2.50547 1.30691 0.799108 
-2.52665 1.31452 0.719716 
-2.5271 1.3071 0.85631 
-1.95521 1.30802 0.382041 
-0.187326 0.124353 -1.16407 
-2.5299 1.30701 0.590911 
-1.66917 0.324864 1.34633 
-2.50781 1.1687 1.36847 
-1.69261 0.326266 1.36409 
-0.15365 0.125903 -1.15236 
-2.14027 1.31164 0.369479 
-2.03698 0.29119 0.368313 
-2.50439 1.29593 0.80813 
-1.52864 0.361167 0.549199 
-1.50925 0.308545 1.20833 
-1.49694 0.301886 0.989873 
-1.50754 1.32066 0.599167 
-1.50898 1.32952 1.21484 
-1.5049 1.25471 0.37534 
-0.428679 1.12731 -1.17681 
-2.25403 1.35065 1.35635 
-1.6593 0.309501 1.38114 
-1.49477 1.3165 1.14156 
-2.51214 0.322529 1.27705 
-1.50624 1.31852 0.384896 
-2.50406 0.328984 0.858024 
-1.48136 0.317317 0.777323 
-1.60262 0.314342 1.37843 
-1.49126 1.30337 0.376295 
-1.50838 1.29844 0.652043 
-2.51815 1.09477 1.3592 
-2.49798 0.862145 1.37709 
-2.50623 0.596188 1.36347 
-2.269 1.3169 1.37635 
-1.52642 0.679423 0.37974 
-1.51292 0.685845 0.362862 
-2.51101 1.07416 1.37448 
-1.51182 0.321089 1.05417 
-1.50928 0.292054 0.502199 
-2.1875 1.29884 0.395319 
-1.51246 0.790825 1.38268 
