1.34446 3.27774 1.92109 
2.30139 2.28775 2.01907 
2.36653 2.2726 1.55613 
2.375 2.66794 1.05906 
2.37969 2.37921 2.05613 
2.39219 2.34524 1.20785 
2.4253 3.38135 1.17571 
2.34201 3.01072 1.03008 
1.41374 3.40498 1.60488 
1.32996 2.95109 1.04028 
2.36217 3.28282 1.04422 
1.36794 2.69201 2.01865 
2.40339 2.95621 2.04938 
2.41456 2.39671 2.05435 
1.37781 2.29136 1.99856 
1.58289 2.23497 2.03032 
1.36208 2.27796 1.08109 
2.25124 3.3316 2.06303 
1.70784 2.38905 2.04892 
2.37964 2.38411 1.53073 
2.36816 3.34402 1.24723 
1.41575 3.37911 1.28727 
1.39358 2.62443 1.05549 
1.39753 2.6531 1.0597 
2.23896 2.24873 2.02695 
2.40145 2.34375 1.87243 
1.39387 2.31455 1.39989 
2.24455 3.38823 2.05594 
2.31605 2.21414 1.90323 
2.42061 3.37888 1.8964 
2.3807 3.1833 2.02381 
2.34225 2.57738 2.00972 
1.39779 3.30396 1.566 
1.67788 2.27972 1.04295 
1.36696 3.28073 2.0254 
2.15028 3.38999 1.06465 
