1 -1.27349 -2.70785 
1 -2.8157 -9.99597 
1 0.58775 5.83824 
1 -2.96043 -10.5879 
1 -2.58549 -8.95182 
1 0.602725 5.96938 
1 -0.614827 0.246556 
1 0.913999 7.60029 
1 -0.480609 -0.022287 
1 -1.49156 -3.80186 
1 0.57018 5.85478 
1 -0.306961 1.56646 
1 0.263993 4.311 
1 -2.56685 -8.7838 
1 -2.50712 -8.73622 
1 -1.50002 -3.98825 
1 0.816292 6.85823 
1 1.02807 7.90944 
1 -1.95572 -6.15042 
1 0.150933 3.83763 
1 -2.26619 -7.47601 
1 -2.27924 -7.49307 
1 -0.664273 -0.160018 
1 -2.1333 -6.88018 
1 -1.92638 -5.90637 
1 -1.47368 -3.46268 
1 -0.974754 -1.34936 
1 -1.25318 -2.5561 
1 -1.88718 -5.65269 
1 0.172576 4.23618 
1 -1.83518 -5.53379 
1 1.07722 8.35734 
1 -1.95009 -5.9022 
1 1.01219 7.86458 
1 -2.7148 -9.49936 
1 -2.59072 -8.97603 
1 -1.66891 -4.73989 
1 0.296029 4.61033 
1 -2.70025 -9.36766 
1 -2.59546 -9.01091 
1 -1.25565 -2.81187 
1 0.391425 5.10718 
1 0.678927 6.51413 
1 -1.21131 -2.45286 
1 -0.151823 2.35793 
1 -1.15738 -2.07713 
1 -0.870812 -0.77597 
1 0.4044 5.13591 
1 -0.386139 1.47874 
1 -2.36903 -7.76392 
1 -2.46587 -8.37524 
1 -0.790562 -0.572991 
1 -2.4054 -8.07332 
1 -0.263349 1.93462 
1 -1.84193 -5.25025 
1 -1.98765 -6.09241 
1 -1.721 -4.78962 
1 -2.05699 -6.33003 
1 -0.939779 -1.29971 
1 -0.743307 -0.16337 
1 -2.70358 -9.58017 
1 -0.948607 -1.2042 
1 0.44808 5.02116 
1 0.213043 4.18096 
1 -1.39201 -3.3769 
1 0.810121 6.84238 
1 0.803575 6.85811 
1 -1.66811 -4.56828 
1 -0.298103 1.60811 
1 0.93985 7.62974 
1 -2.16489 -7.0781 
1 -0.739162 -0.152965 
1 -0.300846 1.71238 
1 -0.970729 -1.29614 
1 0.087382 3.69672 
1 0.290609 4.4748 
1 -0.980815 -1.21703 
1 0.263881 4.36293 
1 0.438894 5.23032 
1 -1.26276 -2.83697 
1 -1.46297 -3.63996 
1 0.0838539 3.71224 
1 -0.852214 -0.761903 
1 -1.55363 -3.7916 
1 -1.5977 -4.40389 
1 0.227403 4.44798 
1 -1.13677 -1.99743 
1 0.330849 4.73214 
1 -1.72948 -5.03173 
