1 -13.7016 1.07068 
1 -18.1848 5.44685 
1 -13.9538 1.23555 
1 -20.1163 7.50326 
1 -20.5426 7.7608 
1 -14.7279 2.06507 
1 -20.0947 7.33828 
1 -8.64217 -4.1411 
1 -18.2425 5.64223 
1 -7.19412 -5.60096 
1 -14.1812 1.58878 
1 -12.5762 -0.177949 
1 -20.694 7.93536 
1 -14.6323 1.98658 
1 -19.7767 7.14206 
1 -19.9624 7.28401 
1 -20.6882 8.04045 
1 -15.0228 2.37712 
1 -13.2629 0.567276 
1 -12.3068 -0.356921 
1 -14.0165 1.27971 
1 -15.3488 2.55445 
1 -20.0284 7.27064 
1 -14.2641 1.6761 
1 -19.402 6.70448 
1 -18.6587 5.98714 
1 -13.7369 1.01987 
1 -12.721 -0.123573 
1 -14.4402 1.62233 
1 -14.3752 1.7425 
1 -13.51 0.783284 
1 -18.5085 5.79467 
1 -13.7325 1.04238 
1 -11.758 -0.883101 
1 -13.567 0.975203 
1 -12.3676 -0.36106 
1 -19.6456 7.01012 
1 -14.854 2.39264 
1 -12.4715 -0.249578 
1 -20.7772 8.05604 
1 -13.8774 1.17581 
1 -9.42239 -3.25625 
1 -12.2493 -0.462277 
1 -19.0608 6.56626 
1 -15.0187 2.43854 
