1 -12.0758 -0.616658 
1 1.24917 1.85379 
1 -10.9033 -1.89127 
1 -10.7792 -1.91823 
1 -11.2952 -1.50476 
1 -11.039 -1.78651 
1 2.14133 1.31501 
1 -3.90773 1.12382 
1 -8.6378 -4.03341 
1 -10.4472 -2.22118 
1 -5.02674 0.036068 
1 -5.81191 -0.806579 
1 -10.164 -2.55004 
1 -12.2742 -0.485908 
1 -3.34332 1.72418 
1 -1.03388 3.30674 
1 -9.65104 -3.05779 
1 -8.87697 -3.90562 
1 -10.9684 -1.63886 
1 -11.6861 -0.958929 
1 -11.1546 -1.55854 
1 -12.4568 -0.16255 
1 -1.29348 3.668 
1 -11.9688 -0.755102 
1 0.784389 2.16379 
1 -10.5817 -2.13256 
1 -10.6669 -1.99917 
1 -10.6489 -2.00188 
1 -9.99134 -2.66769 
1 -11.4757 -1.24653 
1 0.521485 -0.399705 
1 -11.9022 -0.847803 
1 1.11564 1.91948 
1 -9.73795 -2.97232 
1 1.38826 1.78236 
1 -11.3022 -1.52007 
1 -9.99021 -2.82318 
1 -5.08182 0.0496576 
1 -6.06677 -0.973157 
1 -6.95355 -1.83714 
1 -10.4089 -2.34327 
1 -1.665 0.81258 
1 -0.0615835 2.68763 
1 -10.7397 -2.00402 
1 -12.6258 -0.0356276 
1 -11.5737 -1.29346 
1 -6.4567 -1.38426 
1 -4.78692 0.238562 
1 -6.16499 -1.00267 
1 0.983012 1.99124 
1 -11.8623 -0.808212 
1 -9.77584 -2.81583 
