1 -15.7442 3.04261 
1 -17.8991 5.11851 
1 -18.5199 5.81134 
1 -16.9561 4.26444 
1 -17.0317 4.26677 
1 -0.33035 2.86194 
1 -17.9423 5.20125 
1 -2.39154 2.5434 
1 5.20681 -0.686957 
1 -15.6262 2.93869 
1 -18.8625 6.1782 
1 -17.1112 4.5787 
1 -15.8829 3.17114 
1 -17.4627 4.68914 
1 -17.1997 4.36571 
1 1.01447 2.01996 
1 1.62052 1.61076 
1 -16.985 4.17996 
1 -16.5977 3.89579 
1 2.2198 1.21404 
1 -17.7327 5.06303 
1 -15.76 2.98252 
1 -17.5464 4.89852 
1 -17.6464 5.00893 
1 -1.84432 3.12085 
1 2.24765 1.21217 
1 -16.4074 3.77758 
1 3.82791 0.18585 
1 4.23008 -0.0781853 
1 -16.5837 3.78058 
1 -17.5916 5.01099 
1 -15.5405 2.81503 
1 -16.1083 3.32378 
1 -19.0516 6.25532 
1 -17.2923 4.58873 
1 -17.5532 4.85611 
1 3.61756 0.351276 
1 -15.8234 3.21366 
1 2.82992 0.863102 
1 -16.4081 3.51667 
1 -3.3532 1.6836 
1 -0.743658 3.13682 
