1 9.67534 -3.51021 
1 6.29997 -1.38504 
1 -8.96934 -3.61065 
1 -8.23962 -4.40913 
1 9.91515 -3.69408 
1 10.1712 -3.85188 
1 -7.61297 -5.14458 
1 -8.48091 -4.2921 
1 -7.48915 -5.14605 
1 -0.753485 -5.74742 
1 -7.18862 -5.57387 
1 -8.59724 -4.06569 
1 7.38879 -2.06219 
1 -8.5133 -4.28746 
1 2.4983 -1.26922 
1 8.80925 -2.98502 
1 9.67629 -3.55562 
1 -7.06644 -5.63285 
1 -8.01852 -4.62113 
1 -8.46098 -4.26375 
1 5.75769 -1.03748 
1 -8.69795 -3.97417 
1 -6.90564 -5.74971 
1 10.4739 -4.03253 
1 -8.45954 -4.23134 
1 -6.97826 -5.49064 
1 -8.59202 -4.10603 
1 -7.26284 -5.34238 
1 -7.18005 -5.47893 
1 -7.08145 -5.65158 
