1 -0.826269 5.65776 
1 3.00755 8.1117 
1 -7.96696 1.14855 
1 -10.2891 -0.363848 
1 -4.66085 3.22338 
1 1.85249 7.41115 
1 -7.8759 1.17703 
1 2.31655 7.68491 
1 -5.52899 2.70159 
1 -7.13053 1.66521 
1 -8.51217 0.778385 
1 1.88777 7.38628 
1 -10.348 -0.390473 
1 4.42333 9.01536 
1 4.82327 9.28033 
1 -8.90256 0.517438 
1 4.4511 9.05854 
1 -7.8615 1.17967 
1 -9.88334 -0.105538 
1 -9.03224 0.469379 
1 -7.57756 1.36923 
1 -6.49098 2.02241 
1 -9.00236 0.391762 
1 -9.21635 0.285811 
1 -10.4994 -0.481817 
1 -7.45761 1.4468 
1 -4.26865 3.47582 
1 0.774525 6.68851 
1 -5.53318 2.69038 
1 -0.0934724 6.15244 
1 -3.25036 4.11439 
1 2.04349 7.51772 
1 -4.63603 3.28634 
1 -10.1684 -0.328625 
1 -4.18195 3.53214 
1 2.24129 7.60163 
1 -1.34163 5.31193 
1 -8.6921 0.680998 
1 -6.12802 2.27478 
1 -8.69341 0.638774 
1 -3.29271 4.13873 
1 4.85266 9.29098 
1 4.2032 8.8606 
1 -9.88201 -0.0814692 
1 -3.28247 4.09592 
1 -0.989157 5.61286 
1 -10.8831 -0.745239 
1 -2.76909 4.42368 
1 -3.66367 3.88825 
1 3.89749 8.69396 
1 -9.09128 0.389851 
1 2.25597 7.64172 
1 -1.53958 5.21295 
1 -8.82529 0.550837 
1 -2.95026 4.29688 
1 -7.31377 1.55612 
1 -7.73361 1.24386 
1 -1.74267 5.07971 
1 -10.8342 -0.662815 
1 -6.05978 2.30651 
1 -1.22867 5.39481 
1 3.52752 8.43547 
1 -10.5629 -0.560389 
1 -1.8401 4.98912 
1 -2.084 4.91925 
1 -9.14518 0.37475 
1 -2.38687 4.69953 
1 -7.06802 1.70084 
1 -7.4453 1.48686 
1 -4.96596 3.05989 
1 -4.15038 3.59599 
1 -7.41813 1.41287 
1 2.07962 7.53552 
1 -2.23403 4.77346 
1 -8.21671 0.931449 
1 -7.64289 1.32833 
1 2.69406 7.99224 
1 -9.02952 0.453842 
1 5.01458 9.38929 
1 -0.0862728 6.83979 
1 -0.220443 6.06632 
1 -1.43898 5.30132 
1 -10.1454 -0.276674 
1 0.506967 6.54373 
1 4.44635 9.01746 
1 -10.7362 -0.645657 
1 -8.67428 0.688329 
1 -9.85454 -0.115149 
1 -2.79228 4.44042 
1 -6.32705 2.16023 
1 2.22174 7.62814 
1 1.8924 7.42816 
1 2.39083 7.77309 
1 -2.19041 4.81956 
1 -6.36517 2.11099 
1 -1.6077 5.17436 
1 -3.5063 3.98459 
1 1.30179 7.03156 
1 3.79624 8.67262 
1 2.37874 7.74623 
1 -10.3335 -0.387736 
1 2.52424 7.83699 
1 -7.41535 1.46808 
1 0.809698 6.73755 
1 3.65675 8.43767 
1 -9.73743 -0.00945218 
1 -4.18859 3.51527 
1 3.25958 8.32229 
1 -10.7535 -0.647499 
1 -2.83485 4.40359 
1 2.29612 7.67434 
1 4.11065 8.79677 
1 0.128483 6.27786 
1 -10.0786 -0.201804 
1 -5.80457 2.50215 
1 -4.15259 3.57237 
1 2.1552 7.58517 
1 -2.85448 4.35221 
1 -7.32169 1.51654 
1 -4.0134 3.60531 
1 1.23883 7.00868 
1 -1.31142 5.37836 
1 -9.27277 0.27374 
1 -4.22647 3.50931 
1 3.69761 8.56565 
1 4.17579 8.86712 
1 -1.35426 5.35598 
1 0.731377 6.66895 
1 -7.62454 1.37675 
1 4.48244 9.07125 
1 -4.61736 3.24045 
1 2.17796 7.59199 
1 -1.2928 5.40696 
1 -0.193378 6.86896 
1 -4.34572 3.45352 
1 0.997618 6.8579 
1 -8.64361 0.668611 
1 -8.82687 0.573933 
1 4.4292 9.0634 
1 -7.87675 1.18035 
1 -3.18277 4.18632 
1 -10.9408 -0.789609 
1 -2.02914 4.91831 
1 -2.69162 4.47485 
1 3.46849 8.42012 
1 -0.587719 5.85087 
1 -11.1852 -0.956445 
1 4.62159 9.16389 
1 2.21297 7.59208 
1 -7.11373 1.61212 
1 -5.41936 2.71466 
1 -10.1164 -0.229888 
1 -1.33991 5.36145 
1 -9.54406 0.0854514 
1 -2.73616 4.4524 
1 2.93453 8.04474 
1 0.339111 6.42961 
1 -2.80596 4.40032 
1 -5.17873 2.87337 
1 1.56252 7.21062 
1 -1.19521 5.51 
1 -1.79738 5.08985 
1 -11.4715 -1.14244 
1 -7.27471 1.53841 
1 -0.973188 5.57507 
1 0.581841 6.58878 
1 5.02088 9.45517 
1 -6.94425 1.77664 
1 3.27059 8.32559 
1 -6.98745 1.77055 
1 -10.0529 -0.212574 
1 -4.41052 3.39413 
1 4.26615 8.91546 
1 0.487604 6.2184 
1 -0.202311 6.04588 
1 -11.1069 -0.883466 
1 -9.86591 -0.112269 
1 -5.16016 2.91372 
