1 0.391329 5.20595 
1 1.25712 4.77612 
1 4.05435 3.63809 
1 4.04603 3.63567 
1 -8.48697 9.82005 
1 -5.151 8.02666 
1 2.73925 2.85517 
1 -8.57447 9.80036 
1 -0.860014 6.04008 
1 4.79308 2.70376 
1 4.86995 3.97212 
1 -4.93116 7.99946 
1 3.04635 3.82953 
1 -3.43494 7.17064 
1 4.63477 3.99052 
1 6.24607 2.86565 
1 -7.65638 6.36541 
1 3.69458 3.57556 
1 4.5578 3.894 
1 -7.45149 5.08165 
1 4.72087 4.01744 
1 -0.709645 5.77328 
1 4.93218 4.18703 
1 -0.839284 5.83294 
1 -7.71664 7.57605 
1 2.57691 2.83286 
1 -1.8362 6.3574 
1 5.09974 2.68626 
1 -1.45575 6.19272 
1 2.65251 2.9046 
1 3.29003 3.20863 
1 -7.47315 5.06458 
1 -4.47796 7.18223 
