1 5.33237 9.32974 
1 0.415051 1.56596 
1 5.22937 8.43015 
1 -1.25982 0.633807 
1 5.02318 5.47017 
1 -6.57332 -5.81599 
1 -0.871567 2.39276 
1 -2.29279 0.100598 
1 5.29486 9.21212 
1 5.27105 8.65235 
1 -0.281232 1.1763 
1 1.37228 2.19431 
1 -1.0044 0.830394 
1 5.3184 9.33865 
1 5.16357 7.72015 
1 -0.353266 1.73636 
1 2.74636 4.00447 
1 5.08696 5.60692 
1 5.28662 8.868 
1 5.10203 6.70023 
1 5.11195 6.72865 
1 -0.940108 0.836272 
1 -6.46218 -7.22682 
1 0.407972 1.63763 
1 5.38472 9.6264 
1 5.15611 6.90615 
1 0.0569646 1.43107 
1 5.17635 7.61595 
1 -6.41982 -7.53472 
1 1.30749 2.07411 
1 5.20502 7.40772 
1 0.238537 1.52575 
