1 0.294886 1.52472 
1 5.33237 9.32974 
1 0.415051 1.56596 
1 -6.17657 -8.51061 
1 -6.15335 -9.9847 
1 -0.637191 1.02249 
1 -6.30331 -8.28117 
1 5.22937 8.43015 
1 -1.25982 0.633807 
1 5.02318 5.47017 
1 -6.57332 -5.81599 
1 5.29486 9.21212 
1 5.27105 8.65235 
1 -0.685326 1.0048 
1 -0.281232 1.1763 
1 5.3184 9.33865 
1 5.16357 7.72015 
1 -0.353266 1.73636 
1 5.08696 5.60692 
1 5.45597 10.9023 
1 5.28662 8.868 
1 5.10203 6.70023 
1 5.11195 6.72865 
1 5.43999 10.9169 
1 2.57691 2.83286 
1 -6.46218 -7.22682 
1 5.38472 9.6264 
1 5.15611 6.90615 
1 5.17635 7.61595 
1 -6.41982 -7.53472 
1 5.20502 7.40772 
1 0.238537 1.52575 
