1 5.53246 0.128503 
1 13.4449 8.44191 
1 6.81734 1.46306 
1 13.1993 8.14577 
1 5.05351 0.499489 
1 7.57982 0.426069 
1 13.102 8.03003 
1 2.3375 -3.21357 
1 6.4895 0.434456 
1 7.81823 0.444773 
1 6.42551 1.02397 
1 13.3383 8.28184 
1 5.16645 -0.297889 
1 6.54281 0.467349 
1 7.08028 1.73619 
1 5.04929 0.495459 
1 0.959029 -4.68768 
1 3.05624 -2.44172 
1 9.57792 4.37347 
1 9.48195 4.2572 
1 6.21645 0.804877 
1 14.1226 9.14903 
1 3.9327 0.517462 
1 -1.24196 -5.0698 
1 5.8751 0.444546 
1 12.0625 6.98439 
1 7.25653 1.88845 
1 5.9795 0.43049 
1 8.36491 3.07056 
1 7.60984 2.28488 
