1 1.91926 1.29063 
1 1.554 1.83616 
1 5.86443 -5.29207 
1 -3.4874 10.4568 
1 4.36407 -2.87854 
1 2.49093 0.374299 
1 2.97391 -0.391034 
1 0.939809 2.91367 
1 4.18396 -2.48049 
1 0.833489 3.1059 
1 -3.02562 9.65732 
1 3.48069 0.512986 
1 4.22795 -2.5399 
1 2.05835 1.01436 
1 6.0392 -5.66233 
1 4.92394 -3.86938 
1 1.15615 2.53984 
1 5.83478 -5.35326 
1 2.43402 0.400848 
1 -1.23067 6.64741 
1 -1.0708 6.29521 
1 1.30819 2.43042 
1 2.19264 0.833256 
1 4.77057 -3.59707 
1 5.47481 -4.7922 
1 0.588539 3.56125 
1 -2.19262 8.19715 
1 -2.59811 8.83942 
1 -3.62071 10.6328 
1 -2.90881 9.36606 
1 5.60503 -4.97315 
1 4.79172 -3.57673 
1 -1.63029 7.19353 
1 0.239214 4.09279 
1 2.56074 0.310522 
1 0.831836 3.12192 
1 4.9295 -3.8273 
1 -0.834803 5.85433 
1 5.60881 -4.95213 
1 2.27542 0.605482 
1 -0.0571017 4.65157 
1 2.96067 0.533386 
1 5.5987 -4.92459 
1 5.97488 -5.56847 
1 6.12602 -5.8138 
1 1.90621 1.32561 
1 1.78513 1.54766 
1 1.63995 1.78191 
1 2.05056 1.06524 
1 6.32196 -6.15015 
1 4.74751 -3.40488 
1 2.93421 -0.551073 
1 -0.60828 5.61798 
1 -1.06057 6.2401 
1 -3.50533 10.5057 
1 5.22294 -4.25024 
1 0.162591 4.16095 
1 -0.344257 5.06537 
1 5.7706 -5.25929 
1 0.530554 3.63563 
1 6.41917 -6.26275 
1 2.87183 -0.266824 
1 4.92221 -3.84272 
1 -0.598025 5.509 
1 -3.62182 10.6339 
1 1.94421 1.216 
1 -0.829348 6.01046 
1 1.9945 1.11657 
1 -0.652346 5.60369 
1 -0.224957 4.90201 
1 -1.70951 7.36539 
1 3.12804 -0.785693 
1 2.92441 -0.349241 
1 5.08953 -4.00159 
1 1.5204 1.86708 
1 1.75333 1.58954 
1 4.77315 -3.55238 
1 -3.16424 9.88051 
1 2.98256 -0.546751 
1 5.98615 -5.52717 
1 -1.01191 6.27079 
1 -0.18458 4.72079 
1 4.4014 -2.84973 
1 4.95704 -3.77747 
1 1.40896 2.20598 
1 1.89051 0.561591 
1 6.21846 -5.94839 
1 5.3651 -4.45657 
1 4.08932 -2.32579 
1 1.34823 2.1866 
1 -0.983499 6.16014 
1 -2.45039 8.69053 
1 -0.89206 6.0649 
1 -1.05552 6.256 
1 0.598713 3.50707 
1 -0.663279 5.67784 
1 5.33017 -4.53936 
1 2.17205 0.835094 
1 3.76867 -1.82908 
1 2.91514 -0.346722 
1 5.04117 -4.01983 
1 -0.705714 5.69327 
1 -1.97914 7.89375 
1 -0.23945 4.90673 
1 3.04093 -0.537272 
1 3.988 -2.1685 
1 4.26711 -2.69016 
1 3.83471 -1.66816 
1 0.82486 3.10369 
1 5.30371 -4.38346 
1 -0.581306 5.46876 
1 0.289799 3.96119 
1 -2.53072 8.76148 
1 1.64704 1.73805 
1 -1.69328 7.28428 
1 3.82303 -1.91697 
1 -0.9701 6.17426 
1 0.145376 4.29911 
1 -0.968313 6.12046 
1 4.3173 -2.67431 
1 3.21429 -0.857576 
1 -0.165583 4.86413 
1 5.5843 -4.95934 
1 1.8438 0.56476 
1 -3.2573 9.97214 
1 1.82341 0.594094 
1 4.79129 -3.47119 
1 6.46414 -6.37428 
1 2.09907 1.00492 
1 -0.672813 5.71958 
1 6.20142 -5.8768 
1 1.32782 2.26316 
1 3.73316 -1.68147 
1 0.402324 3.89696 
1 4.49924 -3.09753 
1 3.08397 -0.721546 
1 -1.61198 7.29509 
1 -0.584101 5.59922 
1 2.02423 1.06058 
