1 -3.90773 1.12382 
1 0.620125 5.39353 
1 -2.39154 2.5434 
1 5.80638 10.3471 
1 0.202624 5.06849 
1 -5.02674 0.036068 
1 -5.81191 -0.806579 
1 5.76368 10.3476 
1 -3.34332 1.72418 
1 1.59342 6.4257 
1 -1.29348 3.668 
1 0.0158455 4.93466 
1 2.03069 6.82948 
1 -1.84432 3.12085 
1 5.97206 10.6539 
1 6.73437 11.2545 
1 -0.858776 4.09548 
1 4.29377 8.9851 
1 -5.08182 0.0496576 
1 -6.06677 -0.973157 
1 -6.95355 -1.83714 
1 -6.4567 -1.38426 
1 -4.78692 0.238562 
1 -6.16499 -1.00267 
1 -9.42239 -3.25625 
1 0.582845 5.47611 
1 -3.3532 1.6836 
