1 -13.7016 1.07068 
1 -15.7442 3.04261 
1 -12.0758 -0.616658 
1 -17.8991 5.11851 
1 -10.9033 -1.89127 
1 -18.1848 5.44685 
1 -13.9538 1.23555 
1 -18.5199 5.81134 
1 -10.7792 -1.91823 
1 -11.2952 -1.50476 
1 -11.039 -1.78651 
1 -16.9561 4.26444 
1 -20.1163 7.50326 
1 -17.0317 4.26677 
1 -20.5426 7.7608 
1 -14.7279 2.06507 
1 -20.0947 7.33828 
1 -17.9423 5.20125 
1 -8.64217 -4.1411 
1 -8.6378 -4.03341 
1 -18.2425 5.64223 
1 -7.19412 -5.60096 
1 -15.6262 2.93869 
1 -18.8625 6.1782 
1 -10.4472 -2.22118 
1 -10.164 -2.55004 
1 -12.2742 -0.485908 
1 -13.2419 0.535934 
1 -17.1112 4.5787 
1 -15.8829 3.17114 
1 -14.1812 1.58878 
1 -8.23962 -4.40913 
1 -12.5762 -0.177949 
1 -17.4627 4.68914 
1 -20.694 7.93536 
1 -7.61297 -5.14458 
1 -14.6323 1.98658 
1 -8.48091 -4.2921 
1 -17.1997 4.36571 
1 -9.65104 -3.05779 
1 -8.87697 -3.90562 
1 -19.7767 7.14206 
1 -10.9684 -1.63886 
1 -11.6861 -0.958929 
1 -19.9624 7.28401 
1 -7.48915 -5.14605 
1 -11.1546 -1.55854 
1 -16.985 4.17996 
1 -12.4568 -0.16255 
1 -16.5977 3.89579 
1 -17.7327 5.06303 
1 -20.6882 8.04045 
1 -15.76 2.98252 
1 -11.9688 -0.755102 
1 -7.18862 -5.57387 
1 -17.5464 4.89852 
1 -17.6464 5.00893 
1 -10.5817 -2.13256 
1 -10.6669 -1.99917 
1 -15.0228 2.37712 
1 -10.6489 -2.00188 
1 -8.59724 -4.06569 
1 5.70436 -21.6124 
1 -8.5133 -4.28746 
1 -9.99134 -2.66769 
1 -11.4757 -1.24653 
1 -16.4074 3.77758 
1 -13.2629 0.567276 
1 -12.3068 -0.356921 
1 -14.0165 1.27971 
1 -15.3488 2.55445 
1 -11.9022 -0.847803 
1 -20.0284 7.27064 
1 -9.73795 -2.97232 
1 -7.06644 -5.63285 
1 -11.3022 -1.52007 
1 -14.2641 1.6761 
1 -9.99021 -2.82318 
1 -8.01852 -4.62113 
1 -16.5837 3.78058 
1 -8.46098 -4.26375 
1 -17.5916 5.01099 
1 -19.402 6.70448 
1 -18.6587 5.98714 
1 -15.5405 2.81503 
1 -13.7369 1.01987 
1 -16.1083 3.32378 
1 -10.4089 -2.34327 
1 -12.721 -0.123573 
1 -14.4402 1.62233 
1 -19.0516 6.25532 
1 -14.3752 1.7425 
1 -13.51 0.783284 
1 -10.7397 -2.00402 
1 -8.69795 -3.97417 
1 -18.5085 5.79467 
1 -6.90564 -5.74971 
1 -17.2923 4.58873 
1 -13.7325 1.04238 
1 -12.6258 -0.0356276 
1 -11.5737 -1.29346 
1 -17.5532 4.85611 
1 -11.758 -0.883101 
1 -13.567 0.975203 
1 -12.3676 -0.36106 
1 -19.6456 7.01012 
1 -14.854 2.39264 
1 -12.4715 -0.249578 
1 -15.8234 3.21366 
1 -20.7772 8.05604 
1 -13.8774 1.17581 
1 -8.45954 -4.23134 
1 -6.97826 -5.49064 
1 -8.59202 -4.10603 
1 -9.42239 -3.25625 
1 -16.4081 3.51667 
1 -7.26284 -5.34238 
1 -11.8623 -0.808212 
1 -12.2493 -0.462277 
1 -19.0608 6.56626 
1 -7.18005 -5.47893 
1 -7.08145 -5.65158 
1 -15.0187 2.43854 
1 -9.77584 -2.81583 
