-0.127609 0.770458 1.61037 
2.09698 1.37896 0.619403 
1.30198 2.20602 0.607135 
1.08756 2.21139 0.118394 
1.43072 1.22941 0.655712 
2.09215 1.98826 -0.384494 
1.1272 1.78052 -0.351415 
1.09928 1.78407 -0.382394 
1.70762 1.17247 0.631005 
1.16693 1.18344 0.613399 
1.09798 1.54663 -0.349823 
1.09341 2.18468 0.500078 
2.03714 1.185 -0.372426 
1.80477 2.1988 -0.378009 
2.07897 2.1671 -0.184762 
1.09148 2.1812 0.0659038 
1.1223 1.85926 0.624508 
1.09748 1.18798 0.355946 
2.11335 1.45502 -0.387674 
1.09836 2.18717 0.383921 
2.10544 2.22215 -0.0486696 
1.43562 2.17357 -0.379904 
1.09662 2.20437 -0.0534721 
0.296574 0.789127 1.64233 
2.09787 2.21453 0.513679 
1.09061 1.76771 0.583403 
1.58742 1.19839 0.605313 
2.08654 2.1658 0.0168104 
1.40226 1.18698 -0.403659 
1.10227 2.19459 -0.0411522 
0.316357 1.51817 0.937493 
1.4519 1.20169 -0.374304 
1.42135 2.20514 -0.382903 
2.07937 2.18063 0.61898 
0.276481 1.68182 0.615187 
-0.183135 1.76617 1.61309 
2.12805 1.6885 0.606112 
1.10244 2.16908 -0.165117 
2.08909 1.82415 0.620343 
1.09548 1.62557 -0.348744 
1.51249 2.19528 0.638194 
-0.513637 0.765896 1.63321 
0.227334 1.74349 1.60604 
1.09079 1.52895 -0.393603 
2.07756 1.87464 -0.389442 
1.92979 2.17016 0.593236 
2.09531 1.74607 0.589516 
2.12729 2.15548 -0.39147 
1.11389 2.18135 0.0218333 
-0.744024 1.76583 1.61232 
1.09657 1.1961 -0.0213148 
0.313436 0.756182 1.37485 
1.09205 2.19972 0.424326 
-0.680198 1.28386 1.66131 
0.278838 1.75886 1.24107 
2.11855 1.71046 -0.364416 
1.56379 2.19569 -0.394146 
2.09017 2.14326 0.60936 
0.270962 1.64084 1.61355 
2.11388 1.74292 -0.385709 
-0.719222 1.74121 0.979369 
2.10245 1.85424 0.638687 
1.09303 1.18109 -0.046787 
2.09689 2.19133 -0.074775 
-0.736866 1.73386 0.847414 
2.10394 2.19338 0.222118 
2.10665 2.19625 0.124384 
0.200879 0.656944 1.55842 
0.0136454 0.748364 0.595339 
1.65096 2.16805 -0.360308 
1.11342 1.42213 0.633543 
-0.0302376 0.712769 1.59376 
