1 4.88182 0.737577 
1 2.22806 -1.21127 
1 2.69681 -1.94751 
1 3.50052 -3.30913 
1 3.00318 0.278774 
1 -2.05737 -6.43998 
1 2.85242 0.0384561 
1 5.18571 0.822235 
1 2.21025 -1.25032 
1 -1.21736 -4.07296 
1 6.13317 -0.242293 
1 5.51173 0.891075 
1 -1.31841 -4.26702 
1 3.34322 -3.02798 
1 2.27464 -1.31657 
1 3.10251 -2.66388 
1 3.1963 -2.783 
1 5.38979 0.865541 
1 7.27853 1.33002 
1 -1.30005 -4.3884 
1 6.49169 1.13136 
1 -1.88116 -5.95388 
1 5.49328 0.845676 
1 0.169962 -0.171936 
1 3.26331 -2.90041 
1 2.14164 -1.06503 
1 5.46882 -0.378408 
1 -2.50534 -1.88996 
1 -1.87301 -0.898639 
1 3.84655 0.469033 
1 2.91897 0.272312 
1 -0.438928 -1.90279 
1 2.39437 -1.66917 
1 3.05237 -2.56365 
1 2.20285 -1.12312 
1 8.09606 1.50017 
1 -1.23836 -4.09812 
1 1.92411 -0.72099 
1 -1.9516 -6.10015 
1 3.61714 -3.48287 
1 2.52032 -1.87379 
1 1.61317 -0.300168 
1 -1.36619 -4.43346 
