1 1.14338 5.38324 
1 -2.05094 -0.937608 
1 1.91809 4.86166 
1 3.5445 2.33707 
1 -8.54845 -2.45521 
1 2.07788 5.22635 
1 2.08849 6.3709 
1 -10.8837 -3.01755 
1 -5.90374 -1.82345 
1 -10.0504 -2.81565 
1 -3.80642 -0.223398 
1 -0.0637588 2.38112 
1 0.550788 1.5118 
1 0.684141 1.32342 
1 -3.77214 -1.31134 
1 -6.95389 -2.10139 
1 -7.57859 -2.24041 
1 -0.206173 2.75447 
1 1.33162 6.1156 
1 -0.440623 3.19363 
1 1.04823 2.43364 
1 -1.81509 2.05064 
1 1.70835 4.21713 
1 -6.09708 -1.87595 
1 -6.04864 -1.86189 
1 0.260197 2.02882 
1 0.560315 1.38847 
1 2.01045 5.06335 
1 4.48824 5.63819 
1 -4.42859 -1.48762 
1 -3.34573 0.347297 
1 -1.12901 2.8139 
1 -5.1885 -1.70201 
1 1.96623 4.97446 
1 -3.06911 0.595202 
1 -7.68581 -2.24792 
1 0.260354 2.02099 
1 4.55217 5.91845 
1 -0.31313 2.94315 
1 -3.77252 -0.175926 
1 1.28022 5.51048 
1 -10.016 -2.81294 
1 -0.541825 -0.570234 
1 -3.27243 -2.02762 
1 -6.41237 -1.9567 
1 2.26597 5.75487 
1 -7.16598 -2.14248 
