-4.57704 -4.08432 -3.3543 
-4.63334 -5.06207 -2.3454 
-3.85558 -4.10641 -2.34875 
-3.98412 -5.07617 -3.34664 
-4.88033 -4.07092 -2.44211 
-4.57014 -4.04991 -3.35325 
-4.87402 -4.09063 -3.13589 
-3.93522 -5.09376 -3.3458 
-4.36012 -5.06149 -2.35102 
-3.89801 -5.06768 -3.34381 
-3.85849 -4.08064 -3.28398 
-4.8618 -5.06034 -3.30568 
-4.87729 -4.04492 -3.04348 
-4.86323 -4.0613 -3.07253 
-4.40506 -5.05547 -3.34821 
-4.87087 -5.05854 -2.36054 
-4.86533 -4.85671 -2.33763 
-4.68284 -5.09188 -3.33743 
-4.26002 -4.04713 -2.3393 
-4.66273 -5.04334 -2.34154 
-4.24019 -5.05406 -3.35121 
-3.87471 -5.08203 -2.72627 
-3.86561 -5.0529 -3.33836 
-3.84695 -5.04572 -2.98604 
-4.86056 -4.05719 -3.19619 
-3.87472 -4.81654 -2.33229 
-4.50534 -4.05534 -3.3443 
-3.86877 -4.53697 -3.34457 
-4.86322 -5.07177 -2.4034 
-4.64117 -4.02952 -3.35189 
-3.84942 -5.04914 -2.78242 
-3.85224 -4.50287 -2.34572 
-4.87886 -4.97173 -3.35402 
-4.21139 -5.06359 -2.34526 
-3.83461 -4.06928 -2.87428 
-4.86123 -4.04691 -2.52296 
-4.85633 -4.03612 -2.36613 
-4.81792 -5.03756 -2.35397 
-4.8642 -4.07281 -2.39575 
-4.84512 -4.33242 -3.33026 
-3.87036 -4.49167 -2.35141 
-4.19977 -5.03644 -3.34192 
-3.86957 -4.48925 -3.34325 
-4.90168 -4.97349 -2.34266 
-3.86993 -4.91246 -2.33284 
-3.86765 -4.05206 -2.82717 
-4.63518 -5.09937 -3.32827 
-4.39055 -5.05933 -3.33667 
-4.87661 -4.51714 -3.33702 
-4.40026 -5.05868 -3.34449 
-4.21791 -5.05898 -3.34911 
-4.55134 -5.02835 -3.33524 
-4.36379 -4.08708 -3.33994 
-4.0522 -4.0869 -3.35117 
-4.59813 -5.06867 -2.33541 
-4.86833 -5.0757 -3.00985 
-4.30292 -5.07184 -3.33985 
-4.85188 -4.0918 -3.34223 
-3.85989 -5.03426 -3.23777 
-3.86022 -4.49848 -3.33482 
-4.87547 -5.09029 -2.74043 
-4.85366 -5.06268 -2.96832 
-3.85832 -4.0752 -2.47394 
-4.46388 -4.02539 -2.34905 
-4.31422 -4.06764 -2.33896 
-3.86705 -5.07058 -2.94356 
-4.5088 -4.04083 -2.33889 
-3.87088 -4.08896 -3.22909 
-3.91043 -4.04994 -3.34667 
-4.48317 -4.07359 -3.34946 
-4.86616 -4.08948 -3.16501 
-3.97487 -5.0391 -2.34594 
-3.85598 -5.08923 -2.61186 
-4.30685 -4.0674 -2.34882 
-4.866 -4.10699 -3.21813 
-3.87971 -4.06639 -2.42369 
-3.84978 -4.07179 -2.35305 
-3.86782 -5.08912 -2.96385 
-3.86688 -4.27676 -3.34201 
-4.15299 -4.06901 -2.34359 
-3.88291 -4.85302 -3.34141 
-4.86188 -4.51116 -3.33912 
-3.86842 -5.08155 -2.94356 
-3.87295 -4.09298 -2.69487 
-4.16976 -4.07667 -3.34482 
-3.886 -5.08114 -2.43902 
-4.01068 -5.03799 -3.33519 
-4.72874 -4.06459 -2.32909 
-4.84516 -5.05903 -3.08549 
-4.35145 -4.07246 -3.35105 
-4.55988 -5.06211 -2.33754 
-3.87193 -5.02086 -3.10875 
-4.88017 -4.09301 -3.31652 
-4.18262 -5.07153 -3.35038 
-3.86837 -5.06954 -2.38282 
-4.33957 -4.07163 -3.34207 
-4.87112 -4.13823 -3.34039 
-3.84337 -4.23667 -2.33264 
-4.49279 -5.0882 -3.35166 
-4.86067 -4.0775 -2.83245 
-4.88669 -4.22114 -3.34643 
-3.88386 -4.80595 -2.35563 
-4.8667 -4.12215 -2.35161 
-4.23578 -5.04699 -2.34824 
-4.8613 -4.2438 -2.34583 
-4.19839 -4.08102 -3.3435 
-4.69985 -5.05451 -3.3491 
-3.87713 -4.06568 -2.96736 
-4.22213 -5.07216 -2.34143 
-3.89752 -4.41564 -3.35176 
-4.54854 -5.10617 -3.35757 
-4.15583 -5.05299 -2.35006 
-4.53292 -4.09419 -3.35006 
-3.86861 -5.01518 -2.3453 
-4.87266 -4.07909 -2.3847 
-4.52739 -4.079 -2.34761 
-3.88837 -4.84664 -2.34432 
-4.16182 -4.08278 -2.34642 
-3.86494 -5.09126 -2.42703 
-4.45808 -4.10643 -2.34312 
-4.8659 -4.85791 -3.3421 
-4.01966 -4.09133 -3.34421 
-3.83162 -4.11768 -2.32641 
-3.84516 -5.04693 -2.6081 
-3.8879 -4.21266 -2.35345 
-4.86237 -5.05016 -2.32995 
-4.8435 -4.58697 -2.34654 
-4.34277 -5.06278 -3.33846 
-4.87245 -4.49696 -3.33585 
-4.1771 -4.02213 -3.34964 
-4.85926 -4.07131 -3.03182 
-4.64064 -5.06619 -3.35328 
-3.85831 -4.05601 -2.34767 
-4.58826 -5.04636 -2.34286 
-3.87323 -4.21017 -3.34419 
-4.5295 -5.0806 -3.34199 
-3.87281 -4.05622 -3.15385 
-3.87527 -5.10456 -2.89219 
-3.87888 -4.41501 -2.34108 
-4.10937 -4.07538 -3.34327 
-4.75347 -4.09115 -2.34735 
-4.85901 -5.09234 -2.61242 
-4.85178 -4.49408 -3.34714 
-3.86565 -5.07888 -3.11396 
-4.85984 -4.75648 -2.33688 
-4.24952 -4.04788 -3.35173 
-4.87302 -4.0739 -2.56458 
