0.767919 0.368861 -1.10755 
1.7989 0.42473 -1.06631 
1.58705 0.840379 -1.06363 
1.62297 0.870069 -2.17949 
0.813974 0.670463 -2.068 
0.694102 0.188215 -2.18881 
0.764785 0.627182 -2.10195 
0.778974 -0.0504467 -1.09903 
0.766844 0.34212 -2.07116 
0.938749 -0.170212 -2.08256 
0.773098 -0.164087 -1.47822 
0.760307 -0.15059 -2.05898 
0.811862 0.0927842 -2.05265 
1.75342 -0.152386 -1.3096 
0.333116 0.251852 -0.888794 
1.79422 -0.154237 -2.0551 
0.113363 -0.855113 -0.896427 
0.738468 0.78003 -1.13831 
0.77609 0.162135 -2.09369 
0.761063 0.68809 -1.1441 
1.11204 -0.175193 -1.14044 
0.764407 0.400265 -1.11091 
0.778535 0.825383 -1.79058 
0.945718 0.804001 -2.07759 
1.01714 -0.174915 -2.10044 
0.757963 -0.0813305 -1.15131 
0.0180846 -0.420585 0.109475 
0.786899 0.304997 -1.06438 
0.320943 -0.776923 -0.583059 
0.76401 -0.149627 -1.30659 
1.74717 0.443569 -1.17605 
