-0.989121 -1.55412 2.03029 
-1.18611 -1.62405 2.02828 
-0.992011 -1.58079 1.31854 
-2.02179 -2.41155 2.0606 
-2.01061 -2.60444 1.20076 
-1.00127 -2.57611 1.62974 
-1.99936 -1.71007 2.05983 
-1.82212 -2.5824 2.01585 
-1.63783 -1.59556 1.03038 
-1.54254 -1.59925 1.07406 
-1.01266 -2.42618 2.03379 
-1.97777 -2.58236 1.97582 
-1.8912 -1.61253 2.04626 
-1.98235 -1.9626 1.05997 
-1.99782 -2.60646 1.24593 
-1.88831 -1.62261 2.06273 
-1.03057 -1.60169 1.03693 
-2.00304 -2.19081 2.02369 
-1.42665 -1.59985 2.01949 
-2.04057 -2.28999 1.02742 
