1.74035 -1.12832 -2.23373 
1.75879 -0.892472 -1.90387 
1.66203 -1.89358 -1.21885 
0.754805 -1.88986 -1.29615 
0.859261 -1.89217 -2.2031 
1.71043 -0.886882 -2.20928 
1.046 -0.893703 -1.21784 
3.60704 -0.394985 -0.665552 
1.16292 -0.897227 -1.18687 
0.729568 -0.888204 -1.63148 
1.30179 -0.905658 -1.21011 
0.7376 -1.89213 -1.60763 
0.725292 -1.88211 -1.62612 
1.71043 -0.893978 -2.1894 
0.747766 -1.89316 -1.83103 
1.7382 -0.889577 -1.51022 
0.738239 -1.00144 -2.22053 
0.73548 -1.30888 -1.2208 
1.18595 -1.89475 -2.21849 
0.847621 -0.880325 -2.24116 
0.700495 -1.47259 -2.23466 
0.730642 -0.889208 -1.41995 
0.758031 -0.905262 -2.11082 
1.75815 -1.38427 -1.19186 
0.754659 -0.882767 -2.04618 
0.702084 -0.896799 -1.25212 
1.40791 -0.881306 -2.20927 
1.04728 -0.894527 -1.20179 
1.49879 -1.89775 -2.21827 
1.72646 -1.24837 -1.20486 
0.737289 -0.996628 -2.17716 
1.43653 -1.88559 -1.23463 
2.62195 -0.730103 -1.67535 
1.73843 -1.09897 -1.18881 
0.741691 -0.879008 -1.44683 
1.69596 -1.35128 -1.21118 
2.67668 -0.19528 -1.65998 
1.74347 -0.899646 -1.39926 
2.66163 0.0736521 -0.7294 
0.859645 -0.878728 -2.24211 
0.719344 -1.73998 -1.18417 
1.69285 -1.1821 -1.22659 
1.26484 -1.88324 -1.21596 
0.741341 -1.70474 -2.22829 
1.73168 -0.907908 -1.19721 
1.16628 -1.88633 -2.24521 
1.079 -1.89022 -2.22358 
1.76 -0.886431 -1.43006 
1.72594 -0.895471 -1.61902 
1.7339 -1.77663 -1.23264 
1.72872 -0.884982 -2.03083 
1.11697 -0.904853 -1.21808 
0.891814 -0.886082 -1.25639 
1.71458 -1.8895 -2.03701 
0.725465 -0.898543 -2.2141 
1.775 -1.10523 -2.20596 
0.762184 -1.90168 -1.95657 
1.3595 -1.89814 -1.23625 
0.912872 -1.88959 -2.21124 
0.749089 -1.90428 -1.7866 
1.4183 -1.9053 -2.21924 
1.71935 -0.895637 -1.56027 
3.65605 -0.930746 -0.716004 
1.72758 -0.906555 -2.2224 
0.73003 -1.1139 -2.18805 
0.742516 -1.10693 -2.24547 
1.73849 -0.900205 -1.99582 
1.70615 -0.885154 -1.79882 
0.72403 -0.935901 -1.22633 
0.769475 -1.48987 -1.20801 
1.73559 -1.24561 -2.20593 
1.15739 -0.87952 -2.23698 
1.39691 -1.90377 -2.17303 
2.68648 -0.43173 -0.69006 
0.727031 -0.887748 -1.52827 
0.753505 -1.61711 -2.23668 
1.18022 -1.87235 -1.21497 
2.6418 0.0378429 -1.65298 
1.72951 -1.13587 -2.23317 
1.03645 -0.889037 -1.21338 
0.822721 -1.89376 -1.21388 
3.10535 -0.942122 -0.715954 
1.26151 -1.89079 -1.21593 
0.764752 -0.897429 -1.23143 
1.75891 -1.88482 -1.71079 
0.75057 -1.89364 -1.55026 
0.750661 -0.902195 -2.13439 
3.30931 0.0757575 -1.67477 
0.73117 -1.08872 -2.2242 
0.719463 -1.42471 -1.21884 
1.70057 -1.88707 -1.33965 
3.64383 -0.400041 -0.687566 
1.69469 -1.90327 -1.6877 
1.70968 -1.89962 -2.07471 
0.789456 -1.88837 -2.20799 
1.04127 -0.906465 -2.19655 
0.910862 -0.88993 -2.21172 
0.712748 -1.32078 -1.24604 
1.70185 -0.986832 -2.22958 
3.65055 0.0813608 -0.722374 
3.07917 -0.95013 -1.76021 
2.75247 -0.911231 -1.70251 
1.71095 -1.66277 -2.21706 
1.74596 -1.15503 -2.19036 
1.71616 -1.27067 -1.22573 
1.72609 -0.896682 -1.22917 
1.34719 -1.89419 -1.21091 
1.38346 -0.88367 -2.25147 
1.74498 -1.5352 -2.18693 
1.41725 -1.88852 -1.20614 
0.772669 -1.41353 -2.20526 
1.6826 -1.03775 -2.25548 
1.71489 -1.84257 -1.19764 
1.67174 -1.88484 -1.20708 
1.36882 -0.88738 -2.22743 
0.712213 -1.49949 -1.22846 
0.718095 -0.87874 -2.03979 
1.29912 -1.88908 -1.22772 
1.74348 -1.89488 -1.8337 
1.71693 -0.893109 -1.88585 
0.767982 -1.8942 -2.17657 
1.70263 -0.889881 -1.56273 
2.96848 0.0753551 -1.71799 
1.76037 -0.961785 -2.2059 
0.72539 -1.8238 -1.20916 
0.743957 -1.90137 -1.37447 
1.24052 -0.891628 -2.20841 
0.858539 -1.88957 -2.20228 
1.71513 -0.886792 -1.37416 
1.75631 -1.90403 -1.62432 
1.30216 -1.90215 -1.20877 
0.729387 -1.55071 -2.19461 
2.73177 0.0688169 -1.65913 
1.72352 -1.88199 -1.71415 
1.72688 -1.57362 -2.25792 
1.35576 -1.89936 -1.21288 
1.7428 -1.22834 -1.19753 
1.71492 -0.902021 -1.20327 
1.7226 -1.90008 -1.36846 
1.27385 -1.88247 -2.25061 
1.15442 -1.90804 -2.18778 
1.65162 -1.896 -1.24438 
1.14354 -1.89893 -2.20617 
1.13459 -0.901635 -2.17901 
1.72483 -1.86844 -1.23137 
0.9206 -0.8754 -1.239 
1.71571 -1.77801 -1.21636 
0.716652 -1.88185 -1.99479 
1.72704 -0.88858 -1.40762 
0.713926 -1.7553 -2.21793 
1.68688 -1.89764 -1.20524 
1.72092 -0.890915 -2.21614 
1.7299 -0.887157 -1.288 
1.73816 -1.73051 -1.23327 
0.727621 -1.90079 -1.58035 
1.72278 -1.88164 -1.85047 
0.724151 -1.88969 -1.60863 
0.728666 -0.892977 -1.52192 
0.802282 -0.873083 -2.22901 
1.74289 -1.88324 -1.85492 
1.74873 -1.52463 -2.21234 
0.716014 -0.8876 -2.1046 
1.72932 -1.18602 -1.21377 
1.34647 -0.893965 -2.20186 
3.64466 -0.799277 -1.65015 
1.70634 -1.89213 -1.49906 
1.73972 -1.89304 -1.8562 
0.755066 -1.8854 -2.11889 
1.74334 -1.16731 -2.22583 
1.7146 -1.61962 -1.24722 
1.73497 -0.886639 -1.55443 
0.723272 -0.877317 -1.47981 
0.7535 -0.904184 -1.22019 
3.27492 0.104329 -0.633923 
0.781066 -1.89399 -1.23278 
1.21545 -1.89506 -2.21349 
1.39392 -0.891427 -2.21781 
1.74572 -1.89459 -2.12078 
0.693872 -1.57266 -1.22908 
0.723321 -1.27695 -1.20957 
0.723743 -1.89231 -1.73095 
1.73773 -1.06641 -2.21621 
0.882898 -0.894961 -1.20554 
