1 8.13416 4.5939 
1 -5.45139 4.34482 
1 -4.36815 4.23148 
1 -5.01434 4.33893 
1 -3.23614 4.04916 
1 2.14554 4.10728 
1 0.574972 4.63795 
1 4.35221 3.22941 
1 5.4118 2.88808 
1 -1.73813 3.89281 
1 12.1594 1.8722 
1 2.59849 3.2607 
1 -4.16088 4.17952 
1 14.1138 1.69285 
1 5.37911 3.00998 
1 12.8604 1.79581 
1 3.41524 3.59023 
1 1.82405 3.41675 
1 4.10024 3.37527 
1 -4.14084 3.92039 
1 -7.99089 5.70509 
1 -2.58396 3.948 
1 0.615827 4.5291 
1 13.6718 1.7384 
1 11.0906 2.04948 
1 -3.34382 4.093 
1 3.88764 3.54404 
1 9.71931 2.26572 
1 4.36428 3.03092 
1 7.78094 2.54571 
1 3.86588 3.55512 
1 2.77653 3.85486 
1 1.20241 3.40726 
1 5.65384 2.92605 
1 -3.73286 4.19143 
1 -5.29891 4.36368 
1 3.30656 3.18998 
1 7.90897 2.4671 
1 0.544974 3.60954 
1 -2.76121 5.75751 
1 -3.69484 4.10032 
1 13.6081 1.73791 
1 -4.59754 4.3097 
1 0.282067 3.57546 
1 10.1689 2.18626 
1 -1.44447 5.34908 
1 -2.14667 3.88092 
1 12.8958 1.81814 
1 -4.56179 4.26044 
1 4.39391 3.35896 
1 13.8039 1.70997 
1 -5.31687 4.39221 
1 0.465109 3.56674 
