1 4.90013 2.93097 
1 2.974 3.78289 
1 8.16198 2.03341 
1 -0.624009 3.70787 
1 10.462 1.25889 
1 5.4123 2.93141 
1 9.87629 2.22374 
1 6.41573 2.57077 
1 8.44061 2.41536 
1 -0.82948 5.03054 
1 -3.26974 5.92062 
1 -3.25534 5.86423 
1 -2.33044 5.63096 
1 5.39093 2.86703 
1 7.13436 2.38421 
1 5.92229 2.82091 
1 1.27405 3.43082 
1 8.61382 2.4348 
1 -2.68066 5.72101 
1 12.3597 0.571815 
1 4.07184 3.01031 
1 6.17178 2.73222 
1 -5.70795 6.74913 
1 0.265023 4.73323 
1 1.6501 4.17602 
1 -3.39269 5.95023 
1 5.62164 2.83314 
1 7.0806 2.48229 
1 1.98688 3.32009 
1 0.112358 4.83698 
1 5.42282 3.01852 
1 0.378793 4.59144 
1 10.1944 1.32335 
1 -0.101174 4.83629 
1 10.689 2.13295 
1 2.70753 3.85268 
1 4.52532 3.28076 
1 -3.18797 5.90873 
1 10.6019 1.22969 
1 11.0401 2.05701 
1 9.31636 1.58261 
1 2.519 4.00154 
1 10.0032 1.46242 
1 -5.11535 6.49377 
1 -4.84589 6.44671 
1 4.78028 2.94866 
1 -3.28096 4.09938 
1 -0.425075 4.962 
1 6.28594 2.79137 
1 -3.5555 6.04391 
1 -5.41201 6.612 
1 -2.91158 5.79699 
1 10.6675 1.15014 
1 10.3892 1.29483 
1 2.47669 3.22986 
1 11.5092 0.978972 
1 12.182 1.93522 
1 -2.33964 5.52177 
1 -5.76584 6.69119 
1 11.8547 0.772309 
1 -6.17211 6.83523 
1 0.197205 4.75499 
1 10.7516 1.09461 
1 2.35205 4.00209 
1 1.05171 4.48726 
1 -2.42616 5.61062 
1 3.38234 3.14226 
1 7.87394 2.50928 
1 -1.68825 5.35269 
1 -5.13832 6.58207 
1 11.8108 0.853201 
1 11.4955 0.873236 
1 7.45926 2.52723 
1 7.08427 2.41514 
1 -7.71498 5.42695 
1 -5.61239 6.64394 
1 -1.12278 5.23259 
1 2.8772 3.86069 
1 8.31881 1.98442 
1 -0.754201 3.73281 
1 -0.247784 4.88686 
1 11.4464 0.969774 
1 2.02819 4.06188 
1 5.85397 2.82949 
1 4.81746 2.92358 
1 3.30889 3.68278 
1 4.65291 2.9508 
1 10.8999 1.09965 
1 0.836836 3.53168 
1 9.19907 1.70246 
1 -3.72519 6.0194 
1 -5.92982 6.81003 
1 -2.81173 5.76137 
1 11.3714 0.916256 
1 -5.99188 6.84757 
1 7.92829 2.14914 
1 6.85644 2.48795 
1 5.31237 2.98897 
1 1.66617 4.22017 
1 3.01035 3.19949 
1 7.59094 2.17933 
1 -2.19128 5.54418 
1 8.85905 1.78035 
1 -4.85833 6.46707 
1 -3.02381 5.74427 
1 8.1783 2.08289 
1 -1.88386 5.48561 
1 11.5766 2.00076 
1 0.561112 4.65095 
1 6.61693 2.55634 
1 10.647 1.21605 
1 0.362132 4.71762 
1 7.58874 2.51734 
1 8.74603 1.77713 
1 5.79453 2.78519 
1 9.98976 1.38678 
1 5.10963 3.05942 
1 9.99158 1.39695 
1 -1.33776 3.80966 
1 5.40067 2.88431 
1 12.9564 1.82356 
1 5.82885 2.72248 
