-0.728417	-0.421133	2.16397	 0
2.67497	2.10912	1.99191	 1
3.43456	1.09365	1.56092	 1
2.49432	2.00127	0.972317	 1
3.29507	2.10665	1.9814	 1
-0.172843	1.07686	-4.98616	 2
0.810354	0.209621	-4.28247	 2
0.590165	0.0988244	-5.19723	 2
-0.13085	1.081	-4.42708	 2
-0.180419	1.08579	-4.8681	 2
-0.0541432	0.0988013	-5.10268	 2
0.841837	0.10749	-4.04577	 2
-0.15494	0.236989	-3.97766	 2
-0.150966	0.834998	-5.01159	 2
0.834135	1.08203	-4.97193	 2
-0.169566	0.550824	-4.11898	 2
-0.140053	1.09889	-5.13782	 2
0.644304	1.10153	-5.03957	 2
0.85283	1.08244	-4.90565	 2
0.832245	1.1072	-4.27325	 2
0.0318083	1.0988	-3.96236	 2
-0.160796	1.08796	-4.45719	 2
0.787968	1.08378	-4.94785	 2
0.805116	1.04932	-4.12933	 2
0.199864	1.08941	-4.90356	 2
0.56669	1.10464	-4.99516	 2
0.832832	0.349766	-3.97124	 2
-0.1553	1.07967	-4.48832	 2
0.158465	0.104381	-3.95702	 2
0.658437	1.07637	-5.18896	 2
-0.167931	1.09192	-4.83827	 2
0.0942752	0.0864313	-3.82864	 2
0.00405329	0.0883777	-4.16598	 2
0.858325	0.0763317	-4.30957	 2
0.664275	1.09477	-3.96507	 2
-0.176968	0.100675	-4.31944	 2
-0.16399	0.0814919	-4.10795	 2
-0.179436	0.895735	-4.99602	 2
-0.15969	0.153534	-5.14859	 2
0.840059	0.298049	-5.11842	 2
-0.142356	0.144895	-3.88135	 2
-0.17434	1.09687	-4.96599	 2
0.837037	0.862017	-4.89206	 2
0.591121	0.105995	-4.10933	 2
-0.147838	0.113613	-4.14824	 2
-0.157368	1.06686	-4.00844	 2
0.826851	0.416515	-5.09238	 2
0.122093	0.0796794	-3.88064	 2
0.825696	0.496402	-4.94802	 2
0.706281	0.0993109	-5.0037	 2
0.848997	1.09327	-4.66329	 2
0.569067	-0.0828818	-4.24942	 2
0.692648	1.0967	-5.07382	 2
-0.159325	0.58046	-5.03045	 2
0.851174	1.07615	-5.01172	 2
1.23479	-0.948892	-3.46123	 2
-0.129471	1.11185	-3.89116	 2
-0.152179	0.164264	-3.96086	 2
0.658786	0.0849657	-4.92449	 2
-0.164749	1.09027	-4.44114	 2
0.248286	0.102948	-3.92643	 2
-0.140516	1.08654	-4.07103	 2
0.841952	1.08232	-4.75255	 2
-0.173007	0.0916107	-5.12856	 2
-0.147662	0.230479	-4.04707	 2
-0.169854	0.0996428	-4.17457	 2
-0.112828	0.0971764	-5.01083	 2
-0.153082	0.0791772	-4.16893	 2
0.83484	0.103009	-4.06162	 2
0.854174	1.1021	-4.57791	 2
0.839048	0.0824806	-4.91973	 2
0.519594	1.06557	-4.09688	 2
-0.0806494	0.100178	-4.04282	 2
-0.174235	1.07536	-4.58875	 2
-0.167036	0.943319	-4.1638	 2
-0.175496	0.681485	-5.10068	 2
-0.145075	0.100964	-4.26424	 2
0.836198	0.336708	-5.0079	 2
-0.153519	0.311107	-5.01753	 2
0.81924	0.0919724	-4.30664	 2
-0.139184	1.1002	-4.7637	 2
-0.1791	0.434872	-5.064	 2
-0.158299	0.0784295	-4.89018	 2
0.132643	0.115648	-4.09841	 2
0.807215	1.10161	-5.09366	 2
-0.154036	0.115708	-4.07575	 2
0.845435	0.480344	-4.01925	 2
0.838638	0.571783	-4.07151	 2
0.821128	0.343091	-5.15236	 2
0.694494	0.106364	-4.15119	 2
0.834224	0.0831929	-4.88457	 2
2.55398	-1.58528	1.66227	 3
2.28134	-2.59987	1.66898	 3
2.84782	-1.9765	1.6806	 3
0.498195	-1.90376	-0.237687	 3
1.8451	-2.22687	2.65485	 3
0.506268	-1.8523	-0.658759	 3
2.01971	-2.61169	2.65954	 3
1.2317	-1.88914	-0.218196	 3
-0.712392	-0.418148	2.10696	 3
2.88036	-2.02337	1.68887	 3
1.01831	-2.85976	-0.238728	 3
1.88867	-2.34743	2.68231	 3
1.0308	-1.87576	-0.213041	 3
1.85175	-2.32238	1.66432	 3
2.70107	1.12898	0.966069	 3
1.93184	-1.58873	2.67022	 3
1.86355	-1.89783	1.67471	 3
1.86993	-1.65392	1.66051	 3
2.86812	-1.56479	1.89428	 3
1.8027	-2.58457	1.90181	 3
2.01139	-1.62328	1.70739	 3
2.85352	-2.3782	2.66176	 3
2.86399	-2.46923	2.66651	 3
2.47455	-2.57643	2.68598	 3
2.85973	-2.21652	2.67815	 3
-0.0176079	-0.566371	2.17646	 3
2.59557	-2.57969	1.67716	 3
1.48978	-2.57547	-0.252958	 3
-0.0161252	-1.42941	2.16286	 3
1.48804	-1.85245	-1.11729	 3
1.81916	-2.60947	2.5068	 3
1.80929	-2.23628	1.67244	 3
4.19148	-0.612373	8.45306	 4
5.17818	0.361604	9.08986	 4
4.24376	-0.32668	8.1456	 4
4.22744	-0.256673	8.13157	 4
4.18142	-0.594127	8.08191	 4
4.24599	-0.146926	8.13113	 4
4.2331	0.397244	8.25406	 4
5.22325	-0.596865	8.50135	 4
5.22964	0.387346	8.17144	 4
4.20987	0.38574	8.81842	 4
4.17034	0.0580436	9.06003	 4
4.16491	-0.401701	9.06369	 4
5.16381	0.377141	8.54078	 4
4.31725	0.390948	8.06435	 4
4.16628	-0.604575	9.08181	 4
5.21907	0.311053	9.09593	 4
4.29435	0.398483	9.10319	 4
5.23889	0.0104144	9.09331	 4
5.23043	0.163758	8.13142	 4
4.25431	0.263627	8.1004	 4
4.26986	-0.603701	8.95574	 4
5.22562	-0.294441	9.07978	 4
5.19078	-0.290067	9.07793	 4
4.2242	-0.618154	8.39033	 4
4.26883	-0.607248	9.13339	 4
4.19474	-0.621955	8.12975	 4
4.20894	-0.605775	8.39925	 4
5.18784	0.388834	8.55463	 4
4.11531	0.0213357	8.97284	 4
5.16649	-0.610611	8.36058	 4
5.19184	-0.362666	9.06528	 4
4.20349	0.185012	8.03972	 4
4.97901	0.381844	8.11969	 4
5.26915	0.407566	9.02112	 4
4.2214	-0.608341	8.39079	 4
5.22274	-0.280992	9.05835	 4
5.23455	0.262851	9.09052	 4
5.23202	-0.613355	8.78389	 4
4.97379	0.391881	8.11802	 4
4.25581	-0.22501	9.14238	 4
5.26349	-0.312924	9.16061	 4
4.21438	0.402281	8.38452	 4
4.21664	0.00211366	9.09684	 4
4.4608	0.38466	9.05633	 4
5.24173	0.400783	8.46409	 4
5.25257	-0.605003	8.18058	 4
5.19129	0.392465	8.21865	 4
4.41669	0.394931	9.07628	 4
5.15291	0.401257	8.58477	 4
4.25955	-0.501623	8.14951	 4
4.18176	0.404066	9.03918	 4
5.22159	0.0745219	9.12128	 4
4.21386	-0.6168	8.81644	 4
5.06206	-0.596615	9.08143	 4
4.95168	-0.626689	8.11264	 4
5.11921	-0.593952	8.0798	 4
4.53331	0.392738	9.05444	 4
4.24742	0.286388	9.0786	 4
5.21429	-0.524421	8.07638	 4
5.22684	0.146651	8.10637	 4
4.27497	0.382688	9.14692	 4
4.40919	-0.59144	9.11187	 4
5.22465	0.375587	8.98594	 4
5.20977	-0.610754	8.85064	 4
5.24018	-0.398907	8.1227	 4
5.16396	0.38117	8.45546	 4
4.18458	0.255719	8.1056	 4
5.2148	-0.548151	9.08868	 4
4.23036	0.351311	9.13414	 4
5.03661	0.390914	8.07144	 4
4.22383	0.256994	9.1397	 4
4.23372	-0.233241	9.09845	 4
5.15418	-0.600574	8.28083	 4
5.20291	-0.61931	8.41115	 4
4.1808	0.380279	8.55845	 4
4.61209	0.386311	9.07264	 4
4.22345	0.355147	9.10614	 4
