-0.172843 1.07686 -4.98616 
0.810354 0.209621 -4.28247 
0.590165 0.0988244 -5.19723 
-0.13085 1.081 -4.42708 
-0.180419 1.08579 -4.8681 
-0.0541432 0.0988013 -5.10268 
0.841837 0.10749 -4.04577 
-0.15494 0.236989 -3.97766 
-0.150966 0.834998 -5.01159 
0.834135 1.08203 -4.97193 
-0.169566 0.550824 -4.11898 
-0.140053 1.09889 -5.13782 
0.644304 1.10153 -5.03957 
0.85283 1.08244 -4.90565 
0.832245 1.1072 -4.27325 
0.0318083 1.0988 -3.96236 
-0.160796 1.08796 -4.45719 
0.787968 1.08378 -4.94785 
0.805116 1.04932 -4.12933 
0.199864 1.08941 -4.90356 
0.56669 1.10464 -4.99516 
0.832832 0.349766 -3.97124 
-0.1553 1.07967 -4.48832 
0.158465 0.104381 -3.95702 
0.658437 1.07637 -5.18896 
-0.167931 1.09192 -4.83827 
0.0942752 0.0864313 -3.82864 
0.00405329 0.0883777 -4.16598 
0.858325 0.0763317 -4.30957 
0.664275 1.09477 -3.96507 
-0.176968 0.100675 -4.31944 
-0.16399 0.0814919 -4.10795 
-0.179436 0.895735 -4.99602 
-0.15969 0.153534 -5.14859 
0.840059 0.298049 -5.11842 
-0.142356 0.144895 -3.88135 
-0.17434 1.09687 -4.96599 
0.837037 0.862017 -4.89206 
0.591121 0.105995 -4.10933 
-0.147838 0.113613 -4.14824 
-0.157368 1.06686 -4.00844 
0.826851 0.416515 -5.09238 
0.122093 0.0796794 -3.88064 
0.825696 0.496402 -4.94802 
0.706281 0.0993109 -5.0037 
0.848997 1.09327 -4.66329 
0.569067 -0.0828818 -4.24942 
0.692648 1.0967 -5.07382 
-0.159325 0.58046 -5.03045 
0.851174 1.07615 -5.01172 
1.23479 -0.948892 -3.46123 
-0.129471 1.11185 -3.89116 
-0.152179 0.164264 -3.96086 
0.658786 0.0849657 -4.92449 
-0.164749 1.09027 -4.44114 
0.248286 0.102948 -3.92643 
-0.140516 1.08654 -4.07103 
0.841952 1.08232 -4.75255 
-0.173007 0.0916107 -5.12856 
-0.147662 0.230479 -4.04707 
-0.169854 0.0996428 -4.17457 
-0.112828 0.0971764 -5.01083 
-0.153082 0.0791772 -4.16893 
0.83484 0.103009 -4.06162 
0.854174 1.1021 -4.57791 
0.839048 0.0824806 -4.91973 
0.519594 1.06557 -4.09688 
-0.0806494 0.100178 -4.04282 
-0.174235 1.07536 -4.58875 
-0.167036 0.943319 -4.1638 
-0.175496 0.681485 -5.10068 
-0.145075 0.100964 -4.26424 
0.836198 0.336708 -5.0079 
-0.153519 0.311107 -5.01753 
0.81924 0.0919724 -4.30664 
-0.139184 1.1002 -4.7637 
-0.1791 0.434872 -5.064 
-0.158299 0.0784295 -4.89018 
0.132643 0.115648 -4.09841 
0.807215 1.10161 -5.09366 
-0.154036 0.115708 -4.07575 
0.845435 0.480344 -4.01925 
0.838638 0.571783 -4.07151 
0.821128 0.343091 -5.15236 
0.694494 0.106364 -4.15119 
0.834224 0.0831929 -4.88457 
