2.55398 -1.58528 1.66227 
2.28134 -2.59987 1.66898 
2.84782 -1.9765 1.6806 
0.498195 -1.90376 -0.237687 
1.8451 -2.22687 2.65485 
0.506268 -1.8523 -0.658759 
2.01971 -2.61169 2.65954 
2.67497 2.10912 1.99191 
1.2317 -1.88914 -0.218196 
3.43456 1.09365 1.56092 
-0.712392 -0.418148 2.10696 
2.88036 -2.02337 1.68887 
1.01831 -2.85976 -0.238728 
1.88867 -2.34743 2.68231 
1.0308 -1.87576 -0.213041 
1.85175 -2.32238 1.66432 
2.70107 1.12898 0.966069 
1.93184 -1.58873 2.67022 
1.86355 -1.89783 1.67471 
1.86993 -1.65392 1.66051 
2.86812 -1.56479 1.89428 
1.8027 -2.58457 1.90181 
2.01139 -1.62328 1.70739 
2.85352 -2.3782 2.66176 
2.86399 -2.46923 2.66651 
2.49432 2.00127 0.972317 
2.47455 -2.57643 2.68598 
2.85973 -2.21652 2.67815 
-0.0176079 -0.566371 2.17646 
-0.728417 -0.421133 2.16397 
3.29507 2.10665 1.9814 
2.59557 -2.57969 1.67716 
1.48978 -2.57547 -0.252958 
-0.0161252 -1.42941 2.16286 
1.48804 -1.85245 -1.11729 
1.81916 -2.60947 2.5068 
1.80929 -2.23628 1.67244 
