0.432251 4.45795 -0.254129 
0.301266 3.45987 -1.23954 
0.0435302 4.3482 -1.23055 
0.559129 4.42667 -1.23929 
0.997187 4.46537 -0.52586 
0.512659 2.964 0.86395 
0.572281 3.43741 -0.225152 
0.0226814 3.71076 -0.245656 
1.515 1.94797 1.30971 
0.254996 4.48828 -1.2343 
1.55774 1.90739 -1.04749 
0.285667 4.45674 -1.22462 
-0.000358135 4.45434 -0.444523 
0.56074 3.47504 -1.23405 
1.02529 3.86133 -1.22938 
0.545826 4.40976 -1.23198 
1.1529 1.91778 -1.05018 
-0.00829047 3.42472 -0.865416 
-0.00632802 4.42759 -1.19072 
1.43266 1.95082 0.748425 
1.51972 2.25148 0.756453 
0.0183546 3.99815 -0.243456 
-0.00737413 4.4512 -0.55219 
0.977734 4.41919 -0.331959 
1.00478 3.48572 -1.23101 
0.297352 4.4288 -0.244833 
