1.71713	0.678334	0.52084	 0
1.10174	-0.952393	2.39621	 0
1.62218	0.894894	0.524884	 0
2.23681	-1.01743	1.86545	 0
2.61518	0.635966	1.53574	 0
2.27345	-1.03189	1.85058	 0
2.27477	0.615771	1.53757	 0
2.27329	-1.46348	1.89319	 0
1.61868	1.58751	1.16844	 0
1.35416	-1.95933	1.86531	 0
1.99799	1.6252	0.565906	 0
1.22647	-1.92581	2.68989	 0
2.3809	1.63341	0.560272	 0
1.45616	-0.936066	1.83171	 0
1.95008	0.639618	1.54941	 0
2.10557	-0.959511	2.54347	 0
2.62169	0.635508	1.35533	 0
2.61002	0.625067	0.547203	 0
1.90958	-0.930058	1.84153	 0
1.83081	0.630934	1.5491	 0
2.63297	1.35269	1.57014	 0
2.61667	1.60712	1.23465	 0
2.2481	-1.83228	1.84527	 0
1.25358	-1.0174	1.89093	 0
1.6242	1.03308	0.578803	 0
2.1311	-0.930849	1.8713	 0
1.6168	1.38805	1.57651	 0
1.27717	-1.55158	1.8844	 0
1.62032	1.65592	1.05625	 0
2.01981	-1.94191	1.87614	 0
1.97267	1.64255	1.53807	 0
2.12341	-0.997542	1.85161	 0
1.14674	-0.947731	2.10654	 0
2.62858	0.923238	0.566095	 0
1.72216	-1.95599	2.81742	 0
1.27966	-0.949459	2.79734	 0
2.24355	-1.9156	2.68506	 0
2.63024	1.62142	0.76018	 0
2.61192	1.14752	0.516337	 0
1.62914	1.43928	1.55136	 0
2.2549	-1.92341	2.85452	 0
2.14571	-1.94158	1.98105	 0
-0.903191	0.021149	0.529974	 0
1.11709	-1.25858	1.8201	 0
1.96421	-0.913759	1.83668	 0
1.18857	-0.943221	2.01129	 0
1.12958	-1.90811	-1.96688	 1
0.545035	-1.2967	-0.941613	 1
-0.874097	-0.701407	-0.295528	 1
0.142476	-1.60638	-0.954922	 1
0.828235	-1.29075	-1.96377	 1
0.137638	-1.75258	-1.95566	 1
1.10384	-1.69659	-1.94423	 1
0.138294	-2.27627	-1.6779	 1
0.893063	-1.31536	-1.98533	 1
0.148257	-1.63988	-0.949166	 1
1.16115	-1.2606	-1.05086	 1
1.1669	-1.68302	-1.97125	 1
1.15828	-1.27173	-1.49979	 1
0.810004	-1.29624	-1.96209	 1
0.427499	-2.28752	-1.95354	 1
0.160571	-1.82152	-1.97351	 1
0.157839	-2.27665	-1.57574	 1
1.12614	-1.2958	-1.1768	 1
1.12946	-1.82839	-0.958382	 1
0.894502	-1.29148	-1.96981	 1
0.90242	-2.31513	-0.949901	 1
0.164503	-1.30269	-0.963159	 1
1.01043	-2.31708	-0.944047	 1
0.156583	-2.29269	-0.954679	 1
1.14819	-1.28154	-1.38985	 1
0.121553	-2.34921	-1.51858	 1
0.131557	-1.28059	-1.1887	 1
0.116707	-1.35882	-0.95813	 1
1.12226	-1.68026	-0.976472	 1
0.147901	-0.651499	0.71417	 1
1.13625	-1.52514	-1.95223	 1
0.135295	-2.25514	-1.65021	 1
0.120873	-1.30331	-1.94081	 1
0.434945	-1.27218	-0.947101	 1
1.04705	-1.30146	-1.97092	 1
0.868753	-1.30545	-0.95285	 1
0.623524	-2.29877	-1.96352	 1
0.140348	-2.02534	-0.952394	 1
0.123841	-2.31878	-1.4279	 1
-0.894832	-0.975127	0.164989	 1
1.10491	-2.13891	-1.95298	 1
0.137259	-1.89152	-1.95111	 1
1.13163	-1.78591	-1.94851	 1
1.1297	-1.61636	-1.9807	 1
1.11616	-1.31664	-1.77997	 1
0.124293	-2.28371	-1.37812	 1
0.17277	-2.29362	-1.97662	 1
0.353875	-2.28685	-1.95815	 1
0.138092	-1.28077	-1.08072	 1
1.14277	-1.52544	-1.94999	 1
1.15541	-1.27164	-1.46448	 1
1.14304	-2.22038	-1.9631	 1
0.43641	-2.31858	-0.979261	 1
1.1256	-2.28696	-1.81439	 1
0.119908	-1.31278	-1.77616	 1
0.366995	-2.31012	-1.96033	 1
0.110466	-1.52088	-1.94444	 1
1.12926	-2.31215	-1.51886	 1
0.119853	-1.3674	-0.955005	 1
0.119618	-2.26432	-1.95444	 1
0.459904	-1.28105	-1.9481	 1
0.119305	-1.55076	-1.95688	 1
-0.369343	0.0292926	-0.310661	 1
1.12223	-1.3449	-1.93357	 1
0.151963	-2.26777	-0.964495	 1
0.266301	-2.26229	-0.962712	 1
1.16	-1.61587	-1.96389	 1
1.12692	-1.55137	-1.95836	 1
0.213885	-1.29932	-1.95603	 1
0.117924	-1.60484	-1.95075	 1
1.1153	-2.28936	-1.42306	 1
0.868881	-2.2794	-1.95737	 1
1.13496	-2.32611	-1.97079	 1
0.123972	-2.20424	-1.95733	 1
0.317135	-1.28463	-1.96279	 1
0.150596	-2.27701	-1.15677	 1
0.806635	-2.27206	-1.96766	 1
1.13191	-2.00562	-1.96732	 1
0.935794	-2.33464	-1.9593	 1
0.141767	-2.26162	-1.48861	 1
1.13793	-2.31498	-1.49799	 1
1.1315	-1.30059	-1.14672	 1
1.12935	-1.89688	-1.97481	 1
0.145427	-1.71819	-0.957811	 1
0.910802	-1.27448	-0.968868	 1
1.10769	-1.8678	-1.95751	 1
0.15676	-1.33341	-0.940793	 1
0.791844	-2.30224	-1.96363	 1
1.13084	-1.29761	-1.43351	 1
1.12481	-1.63657	-1.96945	 1
0.134548	-1.57694	-1.95469	 1
0.744402	-1.31275	-0.95148	 1
0.0959376	-1.34606	-0.937128	 1
0.316133	-1.25822	-1.96151	 1
-0.232523	-0.9914	0.706241	 1
0.187005	-1.30604	-0.95649	 1
1.1291	-2.16164	-1.95031	 1
1.13557	-1.36796	-0.959744	 1
1.12635	-2.25769	-0.949872	 1
0.434556	-2.299	-0.956787	 1
1.138	-2.28459	-1.64873	 1
0.487331	-2.26287	-1.93798	 1
0.136275	-1.30372	-1.84051	 1
0.750471	-1.28089	-1.94308	 1
0.482944	-2.332	-0.943934	 1
1.15292	-2.17045	-0.969413	 1
1.14136	-2.29039	-1.52145	 1
0.143572	-2.07307	-1.97271	 1
0.134989	-2.31276	-1.7814	 1
0.154981	-1.73309	-1.97279	 1
0.233651	-1.29023	-1.95307	 1
1.03641	-2.33291	-1.95342	 1
0.136156	-2.30506	-1.15506	 1
1.11606	-1.33101	-1.01958	 1
0.909486	-1.31125	-0.965635	 1
0.116117	-2.0895	-1.94737	 1
1.12253	-2.16673	-1.93411	 1
0.128739	-1.37189	-1.97656	 1
0.642067	-2.25454	-1.94183	 1
1.12563	-2.19524	-0.938332	 1
0.144735	-1.28123	-1.47511	 1
0.113635	-2.3037	-1.84848	 1
0.112306	-2.04921	-0.953103	 1
0.181205	-1.25425	-1.94987	 1
1.14216	-2.30069	-1.36925	 1
1.13847	-2.27593	-1.36485	 1
1.14226	-1.40195	-0.951408	 1
0.514151	-1.26125	-1.94706	 1
1.13376	-1.29284	-1.80505	 1
1.07952	-2.29997	-0.959252	 1
0.121569	-1.89724	-0.968812	 1
0.13531	-1.26639	-1.12386	 1
1.12031	-2.03909	-1.95855	 1
0.400224	-1.29548	-1.98488	 1
0.147341	-1.98477	-0.958098	 1
1.13124	-2.27622	-1.7858	 1
0.127819	-1.31253	-0.9679	 1
0.122152	-2.31995	-1.68805	 1
1.13478	-2.30241	-1.90053	 1
1.12631	-1.34654	-0.970412	 1
1.15885	-1.2556	-1.11625	 1
0.718494	-2.28934	-1.96161	 1
0.830956	-2.30984	-1.97145	 1
0.725517	-1.31008	-1.9772	 1
0.776604	-2.32848	-0.954562	 1
0.146428	-2.28803	-1.62906	 1
0.11591	-2.2197	-0.956155	 1
1.10137	-1.36071	-1.78229	 1
0.14725	-2.20387	-1.98136	 1
-0.0681872	1.6697	-5.95164	 2
0.0614029	1.68861	-6.85009	 2
-0.758541	1.68397	-5.92191	 2
-0.477426	0.676649	-6.91519	 2
2.6218	1.62977	1.10933	 3
