1.12958 -1.90811 -1.96688 
0.545035 -1.2967 -0.941613 
-0.874097 -0.701407 -0.295528 
0.142476 -1.60638 -0.954922 
0.828235 -1.29075 -1.96377 
0.137638 -1.75258 -1.95566 
1.10384 -1.69659 -1.94423 
0.138294 -2.27627 -1.6779 
0.893063 -1.31536 -1.98533 
0.148257 -1.63988 -0.949166 
1.16115 -1.2606 -1.05086 
1.1669 -1.68302 -1.97125 
1.15828 -1.27173 -1.49979 
0.810004 -1.29624 -1.96209 
0.427499 -2.28752 -1.95354 
0.160571 -1.82152 -1.97351 
0.157839 -2.27665 -1.57574 
1.12614 -1.2958 -1.1768 
1.12946 -1.82839 -0.958382 
0.894502 -1.29148 -1.96981 
0.90242 -2.31513 -0.949901 
0.164503 -1.30269 -0.963159 
1.01043 -2.31708 -0.944047 
0.156583 -2.29269 -0.954679 
1.14819 -1.28154 -1.38985 
0.121553 -2.34921 -1.51858 
0.131557 -1.28059 -1.1887 
0.116707 -1.35882 -0.95813 
1.12226 -1.68026 -0.976472 
0.147901 -0.651499 0.71417 
1.13625 -1.52514 -1.95223 
0.135295 -2.25514 -1.65021 
0.120873 -1.30331 -1.94081 
0.434945 -1.27218 -0.947101 
1.04705 -1.30146 -1.97092 
0.868753 -1.30545 -0.95285 
0.623524 -2.29877 -1.96352 
0.140348 -2.02534 -0.952394 
0.123841 -2.31878 -1.4279 
-0.894832 -0.975127 0.164989 
1.10491 -2.13891 -1.95298 
0.137259 -1.89152 -1.95111 
1.13163 -1.78591 -1.94851 
1.1297 -1.61636 -1.9807 
1.11616 -1.31664 -1.77997 
0.124293 -2.28371 -1.37812 
0.17277 -2.29362 -1.97662 
0.353875 -2.28685 -1.95815 
0.138092 -1.28077 -1.08072 
1.14277 -1.52544 -1.94999 
1.15541 -1.27164 -1.46448 
1.14304 -2.22038 -1.9631 
0.43641 -2.31858 -0.979261 
1.1256 -2.28696 -1.81439 
0.119908 -1.31278 -1.77616 
0.366995 -2.31012 -1.96033 
0.110466 -1.52088 -1.94444 
1.12926 -2.31215 -1.51886 
0.119853 -1.3674 -0.955005 
0.119618 -2.26432 -1.95444 
0.459904 -1.28105 -1.9481 
0.119305 -1.55076 -1.95688 
-0.369343 0.0292926 -0.310661 
1.12223 -1.3449 -1.93357 
0.151963 -2.26777 -0.964495 
0.266301 -2.26229 -0.962712 
1.16 -1.61587 -1.96389 
1.12692 -1.55137 -1.95836 
0.213885 -1.29932 -1.95603 
0.117924 -1.60484 -1.95075 
1.1153 -2.28936 -1.42306 
0.868881 -2.2794 -1.95737 
1.13496 -2.32611 -1.97079 
0.123972 -2.20424 -1.95733 
0.317135 -1.28463 -1.96279 
0.150596 -2.27701 -1.15677 
0.806635 -2.27206 -1.96766 
1.13191 -2.00562 -1.96732 
0.935794 -2.33464 -1.9593 
0.141767 -2.26162 -1.48861 
1.13793 -2.31498 -1.49799 
1.1315 -1.30059 -1.14672 
1.12935 -1.89688 -1.97481 
0.145427 -1.71819 -0.957811 
0.910802 -1.27448 -0.968868 
1.10769 -1.8678 -1.95751 
0.15676 -1.33341 -0.940793 
0.791844 -2.30224 -1.96363 
1.13084 -1.29761 -1.43351 
1.12481 -1.63657 -1.96945 
0.134548 -1.57694 -1.95469 
0.744402 -1.31275 -0.95148 
0.0959376 -1.34606 -0.937128 
0.316133 -1.25822 -1.96151 
-0.232523 -0.9914 0.706241 
0.187005 -1.30604 -0.95649 
1.1291 -2.16164 -1.95031 
1.13557 -1.36796 -0.959744 
1.12635 -2.25769 -0.949872 
0.434556 -2.299 -0.956787 
1.138 -2.28459 -1.64873 
0.487331 -2.26287 -1.93798 
0.136275 -1.30372 -1.84051 
0.750471 -1.28089 -1.94308 
0.482944 -2.332 -0.943934 
1.15292 -2.17045 -0.969413 
1.14136 -2.29039 -1.52145 
0.143572 -2.07307 -1.97271 
0.134989 -2.31276 -1.7814 
0.154981 -1.73309 -1.97279 
0.233651 -1.29023 -1.95307 
1.03641 -2.33291 -1.95342 
0.136156 -2.30506 -1.15506 
1.11606 -1.33101 -1.01958 
0.909486 -1.31125 -0.965635 
0.116117 -2.0895 -1.94737 
1.12253 -2.16673 -1.93411 
0.128739 -1.37189 -1.97656 
0.642067 -2.25454 -1.94183 
1.12563 -2.19524 -0.938332 
0.144735 -1.28123 -1.47511 
0.113635 -2.3037 -1.84848 
0.112306 -2.04921 -0.953103 
0.181205 -1.25425 -1.94987 
1.14216 -2.30069 -1.36925 
1.13847 -2.27593 -1.36485 
1.14226 -1.40195 -0.951408 
0.514151 -1.26125 -1.94706 
1.13376 -1.29284 -1.80505 
1.07952 -2.29997 -0.959252 
0.121569 -1.89724 -0.968812 
0.13531 -1.26639 -1.12386 
1.12031 -2.03909 -1.95855 
0.400224 -1.29548 -1.98488 
0.147341 -1.98477 -0.958098 
1.13124 -2.27622 -1.7858 
0.127819 -1.31253 -0.9679 
0.122152 -2.31995 -1.68805 
1.13478 -2.30241 -1.90053 
1.12631 -1.34654 -0.970412 
1.15885 -1.2556 -1.11625 
0.718494 -2.28934 -1.96161 
0.830956 -2.30984 -1.97145 
0.725517 -1.31008 -1.9772 
0.776604 -2.32848 -0.954562 
0.146428 -2.28803 -1.62906 
0.11591 -2.2197 -0.956155 
1.10137 -1.36071 -1.78229 
0.14725 -2.20387 -1.98136 
