1.71713 0.678334 0.52084 
1.10174 -0.952393 2.39621 
1.62218 0.894894 0.524884 
2.23681 -1.01743 1.86545 
2.61518 0.635966 1.53574 
2.27345 -1.03189 1.85058 
2.27477 0.615771 1.53757 
2.27329 -1.46348 1.89319 
1.61868 1.58751 1.16844 
1.35416 -1.95933 1.86531 
1.99799 1.6252 0.565906 
1.22647 -1.92581 2.68989 
2.3809 1.63341 0.560272 
1.45616 -0.936066 1.83171 
1.95008 0.639618 1.54941 
2.10557 -0.959511 2.54347 
2.62169 0.635508 1.35533 
2.61002 0.625067 0.547203 
1.90958 -0.930058 1.84153 
1.83081 0.630934 1.5491 
2.63297 1.35269 1.57014 
2.61667 1.60712 1.23465 
2.2481 -1.83228 1.84527 
1.25358 -1.0174 1.89093 
1.6242 1.03308 0.578803 
2.1311 -0.930849 1.8713 
1.6168 1.38805 1.57651 
1.27717 -1.55158 1.8844 
1.62032 1.65592 1.05625 
2.01981 -1.94191 1.87614 
1.97267 1.64255 1.53807 
2.12341 -0.997542 1.85161 
1.14674 -0.947731 2.10654 
2.62858 0.923238 0.566095 
1.72216 -1.95599 2.81742 
1.27966 -0.949459 2.79734 
2.24355 -1.9156 2.68506 
2.63024 1.62142 0.76018 
2.61192 1.14752 0.516337 
1.62914 1.43928 1.55136 
2.2549 -1.92341 2.85452 
2.14571 -1.94158 1.98105 
-0.903191 0.021149 0.529974 
1.11709 -1.25858 1.8201 
1.96421 -0.913759 1.83668 
1.18857 -0.943221 2.01129 
