1 1.24917 1.85379 
1 -3.6812 5.01273 
1 9.67534 -3.51021 
1 2.14133 1.31501 
1 -6.09542 6.84843 
1 -0.33035 2.86194 
1 6.29997 -1.38504 
1 -6.04911 6.50452 
1 5.20681 -0.686957 
1 9.91515 -3.69408 
1 10.1712 -3.85188 
1 1.01447 2.01996 
1 1.62052 1.61076 
1 -2.46542 4.20291 
1 2.2198 1.21404 
1 -1.29348 3.668 
1 -3.42841 4.84442 
1 0.784389 2.16379 
1 7.38879 -2.06219 
1 -1.84432 3.12085 
1 2.24765 1.21217 
1 2.4983 -1.26922 
1 -6.28343 6.65194 
1 0.521485 -0.399705 
1 1.11564 1.91948 
1 3.82791 0.18585 
1 8.80925 -2.98502 
1 9.67629 -3.55562 
1 5.06123 -0.569713 
1 1.38826 1.78236 
1 -4.58474 5.58312 
1 4.23008 -0.0781853 
1 5.75769 -1.03748 
1 -0.0615835 2.68763 
1 -2.90653 4.50261 
1 -2.19117 3.99999 
1 -4.29464 5.4121 
1 3.61756 0.351276 
1 10.4739 -4.03253 
1 -1.59784 3.65885 
1 0.983012 1.99124 
1 2.82992 0.863102 
1 -0.743658 3.13682 
