1 15.9672 -6.07411 
1 1.33521 -0.747831 
1 6.21411 -2.52945 
1 15.6687 -5.96454 
1 -1.40299 0.216787 
1 2.87235 -2.68646 
1 -8.27671 2.674 
1 -1.26415 -0.578094 
1 -6.5832 1.86136 
1 2.73864 -2.62216 
1 11.9366 -4.61427 
1 9.59497 -3.75237 
1 10.5772 -4.10773 
1 15.6769 -5.9764 
1 -1.34249 -0.309723 
1 12.653 -4.86032 
1 3.26476 -1.45424 
1 8.03755 -5.19346 
1 9.24169 -3.62308 
1 -0.147798 -0.213695 
1 10.4797 -4.09825 
1 7.28863 -2.91213 
1 3.86534 -1.69822 
1 13.6429 -5.21414 
1 16.0922 -6.09863 
1 3.23375 -2.87238 
1 -0.207179 -0.17905 
1 4.9085 -2.07655 
1 -1.21585 -0.958396 
1 0.235519 -1.40583 
1 -4.01526 -0.315528 
1 7.53642 -2.99331 
1 -0.653548 -1.00037 
1 8.25993 -3.2775 
1 -5.72374 1.47588 
1 -3.57638 0.404086 
1 0.831593 -0.590859 
1 0.615774 -0.507 
1 7.13826 -2.85133 
1 6.61858 -2.70593 
1 6.75025 -4.54084 
1 -1.71358 -0.457102 
1 9.6189 -3.77595 
1 1.58411 -0.848245 
1 -5.2769 1.23407 
1 5.38026 -3.89346 
1 11.1782 -4.33011 
1 6.18474 -2.53224 
1 16.3504 -6.22094 
1 15.8329 -6.00408 
1 -6.47882 1.8291 
1 6.12904 -2.51795 
1 5.56872 -2.29383 
1 11.3474 -4.38954 
1 -1.36356 0.228724 
1 17.041 -6.46531 
1 8.61694 -3.37697 
1 -8.0022 2.54788 
1 2.51341 -1.20565 
1 15.8966 -6.03644 
1 -1.46211 -0.598723 
1 -7.09523 2.13649 
1 0.800215 -1.70374 
1 4.35119 -3.39974 
1 -8.59984 2.84161 
1 12.8085 -4.94035 
1 1.90134 -0.982955 
1 3.61535 -1.58096 
1 5.38036 -2.24315 
1 7.31741 -2.9308 
1 4.46602 -3.45569 
1 3.94236 -3.20834 
1 10.9621 -4.26131 
1 8.06371 -3.19169 
1 3.90505 -1.69569 
1 6.79542 -2.73514 
1 7.95372 -5.15716 
1 7.89144 -3.14883 
1 -6.5263 1.84329 
1 -6.46281 1.81015 
1 -4.69826 0.968636 
1 8.76795 -3.45408 
1 4.89212 -3.66089 
1 5.18023 -2.13939 
1 -1.17547 -1.2218 
1 3.12112 -2.79581 
1 1.85276 -0.931116 
1 2.34763 -1.11852 
1 9.74231 -3.79729 
1 10.3341 -4.01349 
1 10.5641 -4.11461 
1 0.845993 -0.597428 
1 7.30566 -2.93635 
1 3.03622 -1.36278 
1 14.0713 -5.38492 
1 7.83052 -3.10763 
1 -1.72549 -0.471282 
1 4.33449 -3.38935 
1 3.91357 -1.67143 
1 2.26425 -1.07979 
1 8.8194 -3.47925 
1 5.6613 -2.33513 
1 0.229248 -1.39394 
1 -1.22437 -0.800248 
1 -1.41559 0.313737 
1 14.9392 -5.69941 
1 1.85127 -2.1901 
1 6.5944 -2.68646 
1 -5.98361 1.58074 
1 1.10528 -1.84252 
1 16.1153 -6.1244 
1 0.722032 -0.538775 
1 14.5065 -5.53823 
1 11.6477 -4.49308 
1 -4.46681 0.865552 
1 1.93525 -1.00399 
1 0.726628 -0.533305 
1 13.3475 -5.12735 
1 -3.91304 0.588868 
1 5.20733 -2.1757 
1 4.55708 -3.49875 
1 10.8053 -4.21129 
1 -4.03589 0.644978 
1 17.0903 -6.47544 
