1 -5.71603 -7.90728 
1 2.99365 -4.70641 
1 3.89404 -3.30974 
1 5.2501 -3.71636 
1 6.50726 -3.32155 
1 7.22895 -2.44481 
1 -2.58557 -6.91081 
1 12.3693 -1.15056 
1 -4.35887 -7.52034 
1 3.87334 -4.31194 
1 7.4607 -2.49079 
1 7.55736 -2.98835 
1 -5.75905 -8.11054 
1 7.16941 -2.41546 
1 3.8826 -3.3355 
1 5.0405 -4.09382 
1 5.31313 -4.2252 
1 11.8346 -1.2812 
1 -1.65667 -6.49461 
1 3.76831 -4.4274 
1 11.7977 -1.33891 
1 3.74073 -3.23169 
1 -2.99265 -6.79062 
1 8.73281 -2.55562 
1 -3.55632 -7.13887 
1 4.025 -3.43717 
1 1.58337 -5.30584 
1 8.3383 -2.51711 
1 -5.73116 -8.04978 
1 0.759965 -5.44714 
1 7.12667 -2.41374 
1 7.94436 -2.89386 
1 -4.94699 -7.64159 
1 9.48974 -2.23462 
1 4.15509 -3.48955 
1 3.65853 -3.23336 
1 4.62516 -3.83857 
1 -0.897327 -6.26519 
1 6.63927 -2.27121 
1 5.18898 -4.14008 
1 1.67972 -5.03694 
1 0.802183 -5.64107 
1 -0.23564 -5.99661 
1 -5.67295 -7.94978 
1 -4.33874 -7.53239 
1 7.50844 -3.00158 
1 1.75121 -5.1093 
