-0.74304 -0.970397 1.22085 
-0.997963 -0.94409 1.64766 
-0.729447 -1.91932 1.64048 
-0.786532 -1.676 1.64405 
-0.728939 -0.925206 1.19652 
-0.95629 -1.97844 0.660286 
-1.61411 -1.94257 1.63599 
-1.72033 -0.941193 1.64513 
-1.71606 -0.973665 1.65573 
-1.60165 -1.93296 0.640632 
-0.751621 -1.42956 0.657292 
-0.757306 -0.937234 0.828623 
-1.35191 -1.94211 0.638604 
-1.73286 -0.959593 1.31284 
-1.67833 -1.28034 1.6114 
-0.713266 -1.12848 1.65146 
-0.780656 -1.5819 1.65124 
-0.740363 -1.92878 1.04017 
-0.709291 -1.20905 1.63054 
-1.00644 -0.953564 0.650474 
2.04876 0.167903 3.94442 
-0.773987 -1.68243 1.65407 
-2.49416 -1.27907 0.191685 
-0.738704 -1.70686 0.664212 
-1.765 -1.37742 0.646609 
2.2484 -2.1863 0.670094 
-1.74492 -1.93449 0.991811 
1.39094 -2.18233 0.429745 
