1 -0.940918 1.7718 
1 7.38428 -7.14512 
1 4.00564 -3.53988 
1 -3.11202 4.19674 
1 0.14814 0.379417 
1 2.93967 -2.32037 
1 2.84452 -2.13125 
1 0.712077 0.00627016 
1 4.67805 -4.28438 
1 -3.6483 4.74422 
1 -5.91439 7.15073 
1 -4.24153 5.29991 
1 0.367232 0.435859 
1 3.35452 -2.79772 
1 -5.7609 6.96903 
1 -4.14779 5.23981 
1 -5.22116 6.39702 
1 -2.75274 3.71321 
1 -0.728626 1.56897 
1 -2.01724 2.97003 
1 2.92509 -2.29046 
1 5.24674 -4.82766 
1 0.0887464 0.766826 
1 2.54272 -1.87719 
1 4.20702 -3.60526 
1 6.09871 -5.73094 
1 0.179491 0.718105 
1 0.164254 0.699042 
1 5.82353 -5.49957 
1 -5.90379 7.15583 
1 -3.7844 4.90394 
1 0.34531 0.45858 
1 0.399725 0.403819 
1 -4.23188 5.27411 
1 5.10797 -4.60339 
1 2.38595 -1.6908 
1 -2.59201 3.55275 
1 1.66578 -0.924987 
1 2.33314 -1.74551 
1 3.11882 -2.45158 
1 6.29844 -5.88708 
1 -4.5411 5.73796 
1 0.165272 0.647059 
1 4.85973 -4.3799 
1 -4.91195 6.11352 
1 -3.30207 4.30731 
1 -5.47516 6.71254 
1 0.130067 0.696981 
1 6.4099 -6.06598 
1 -3.44083 4.55718 
1 0.870443 -0.197849 
1 1.05189 -0.246662 
1 5.45774 -5.03427 
1 4.81702 -4.29057 
1 4.91285 -4.40783 
1 2.71422 -2.07581 
1 -1.70975 2.62854 
1 4.80279 -4.39295 
1 3.60197 -3.16248 
1 -4.1417 5.22731 
1 3.66442 -3.10691 
1 2.39977 -1.71309 
1 7.36185 -7.03054 
1 0.334728 0.484074 
1 -1.22599 2.21405 
1 7.38542 -7.07101 
1 2.74372 -2.18152 
1 6.64513 -6.26442 
1 -2.07417 3.0138 
1 1.52555 -0.819672 
1 -2.25446 3.22038 
1 2.61444 -2.00738 
1 -0.729404 1.61045 
1 1.28539 -0.521737 
1 -4.35308 5.54096 
1 -4.52759 5.74056 
1 2.12001 -1.52116 
1 -3.56342 4.61222 
1 -0.466683 1.27217 
1 -4.3001 5.45579 
1 -1.20834 2.21079 
1 2.03119 -1.35699 
1 3.10305 -2.56889 
1 1.5862 -0.865244 
1 5.5609 -5.11718 
1 4.35097 -3.87552 
1 3.37919 -2.78469 
1 3.29693 -2.75937 
1 -4.32095 5.48106 
1 2.05945 -1.41734 
1 -0.46152 1.34742 
1 -5.14152 6.403 
1 -5.71564 7.00914 
1 -3.73298 4.84792 
1 -0.667774 1.42513 
1 0.728685 0.0239625 
1 -2.04015 2.96605 
1 -4.4259 5.52132 
1 7.12164 -6.81879 
1 7.51984 -7.17739 
1 1.79905 -1.13801 
1 -1.75266 2.74437 
1 6.06876 -5.63758 
1 -2.27752 3.19551 
1 -1.27982 2.14164 
1 2.4011 -1.76699 
1 -2.98567 4.01305 
1 6.67124 -6.35089 
1 5.27664 -4.84154 
1 -4.96571 6.12268 
1 -4.32935 5.50545 
1 7.31122 -6.94443 
1 -0.711282 1.59996 
1 3.90391 -3.40032 
1 6.27523 -5.90787 
1 -1.0795 2.04952 
1 -1.52714 2.41346 
1 5.75395 -5.38754 
1 4.23504 -3.691 
1 2.69414 -2.11847 
1 4.31736 -3.822 
1 -5.8287 7.1017 
1 2.38433 -1.65073 
1 -0.364919 1.24624 
1 -1.01359 1.88327 
1 5.2465 -4.82544 
1 -2.42253 3.4084 
1 3.0941 -2.44052 
1 0.425177 0.388531 
1 -2.88376 4.06966 
1 -2.20339 3.20477 
1 -1.59872 2.5251 
1 -3.6582 4.78565 
1 -2.45399 3.38199 
1 3.6752 -3.14955 
1 6.83527 -6.46873 
1 2.98561 -2.29172 
1 -0.224268 1.00796 
1 -1.18586 2.06933 
1 -5.05323 6.17253 
1 6.72108 -6.46153 
1 4.97623 -4.50411 
1 5.22377 -4.87674 
1 6.10032 -5.70814 
1 0.59508 0.200744 
1 -4.99154 6.24403 
1 -0.0718623 0.846738 
1 7.4467 -7.15263 
1 6.29708 -5.92822 
1 3.11571 -2.52346 
1 2.08389 -1.2831 
1 -4.97386 6.11119 
1 -0.590527 1.44528 
1 7.53319 -7.23309 
1 -3.10949 4.11319 
1 0.0021879 0.84727 
1 5.97339 -5.58072 
1 1.15743 -0.436259 
1 7.57007 -7.23039 
1 6.67742 -6.24331 
1 -4.3804 5.42326 
1 5.94038 -5.58402 
1 -1.42193 2.42499 
1 2.68964 -2.1257 
1 -4.27016 5.39147 
1 3.46781 -3.00084 
1 -4.20964 5.3187 
1 5.51565 -5.02477 
1 4.42629 -3.92516 
1 1.58683 -0.879858 
1 -1.40067 2.32957 
1 3.29922 -2.7445 
1 2.16256 -1.5511 
1 -3.93724 5.1166 
1 -1.1934 1.98751 
1 -5.04977 6.25196 
1 -5.76947 7.00577 
1 -2.62691 3.58389 
1 5.18012 -4.84492 
