1 3.97695 1.65961 
1 4.65142 2.1388 
1 -2.6358 -2.84137 
1 8.71564 4.95133 
1 -6.73815 -5.6203 
1 3.56355 1.36311 
1 -1.43587 -2.83979 
1 -1.03241 -1.00985 
1 2.54158 0.0377497 
1 2.3446 0.545035 
1 2.21236 -1.41387 
1 -5.10416 -4.56252 
1 2.04113 -2.13516 
1 3.05472 1.02533 
1 2.11498 -1.77794 
1 -1.72584 -2.24077 
1 4.67527 2.13759 
1 1.85119 0.658049 
1 9.11457 5.1903 
1 -1.28082 -2.20164 
1 8.97302 5.09403 
1 -1.12172 -1.36775 
1 4.86583 2.30468 
1 7.35986 3.9889 
1 8.65153 4.86167 
1 2.00246 -2.54576 
