1 -3.30019 0.48894 
1 -6.41704 4.96422 
1 -8.50214 6.57582 
1 -3.23701 1.06813 
1 -4.90918 3.8655 
1 -6.20399 4.84889 
1 -3.35131 0.947512 
1 -3.89492 0.702148 
1 -10.3946 8.00471 
1 -4.4038 0.657019 
1 -6.78573 5.23617 
1 -4.72554 3.61845 
1 -3.79521 3.02608 
1 -4.00075 0.6415 
1 -2.92871 0.397453 
1 -9.60981 7.38837 
1 -5.1872 4.04046 
1 -4.39116 0.684808 
1 -3.44565 0.95471 
1 -9.10711 7.03342 
1 -4.33353 0.679499 
1 -3.83889 0.68117 
1 -5.26041 4.11709 
1 -2.40261 0.343042 
1 -9.22421 7.10273 
1 -9.63317 7.40556 
1 -6.03879 4.70944 
1 -3.50834 0.528836 
1 -8.85733 6.77235 
1 -8.95747 6.93653 
