1 2.89199 -0.649255 
1 -0.41841 -0.0454894 
1 -10.0063 -2.94933 
1 -1.83041 0.38375 
1 4.26204 -3.1531 
1 -10.348 -3.17 
1 -1.26856 0.0918314 
1 4.61998 -0.949199 
1 8.15166 -1.58278 
1 -0.664124 0.599619 
1 3.44436 -0.775548 
1 -6.64494 -1.03108 
1 5.04426 -1.04959 
1 3.87286 -0.840051 
1 1.37551 -0.337133 
1 6.2951 -1.25011 
1 8.8987 -1.73742 
1 0.30636 -0.169576 
1 3.05118 -0.649462 
1 1.43347 -0.952314 
1 0.914596 -0.30652 
1 3.86968 -0.841051 
1 -10.1851 -3.07358 
1 1.72627 -1.12034 
1 7.54253 -1.47222 
1 1.92786 -0.503297 
1 2.39723 -0.53278 
1 1.19344 -0.353897 
1 1.74456 -0.432453 
1 1.32265 -0.364345 
1 4.11565 -3.01056 
1 -9.63977 -2.72629 
1 8.31094 -1.60111 
1 4.12699 -3.02243 
1 -8.501 -2.05516 
1 1.84706 -0.452163 
1 -9.20615 -2.51577 
1 3.54421 -0.727161 
1 2.27237 -0.495421 
1 1.10597 -0.282059 
1 7.10015 -1.40759 
1 5.42237 -4.01662 
1 -9.37594 -2.61897 
1 -0.347873 -0.0903684 
1 3.07326 -0.674946 
1 1.53659 -1.05166 
1 6.18441 -1.27065 
1 -7.0824 -1.22434 
1 1.42276 -0.382624 
1 6.49169 -1.27866 
1 6.50546 -1.32335 
1 1.248 -0.849785 
1 0.108145 -0.138063 
1 0.023902 -0.10772 
1 -6.1106 -0.592376 
1 2.0139 -1.39957 
1 5.52123 -1.11468 
1 9.05612 -1.74838 
1 4.42017 -0.950301 
1 7.48956 -1.46775 
1 8.62676 -1.66407 
1 3.78493 -0.839581 
1 6.92305 -1.40331 
1 0.584416 -0.195916 
1 2.67966 -0.550339 
1 1.7802 -0.406509 
1 3.60515 -0.760629 
1 4.10636 -0.893791 
1 -4.33353 0.679499 
1 5.13364 -3.77196 
1 -9.46632 -2.65785 
1 1.175 -0.79129 
1 5.30911 -3.92229 
1 5.78709 -1.15188 
1 6.84035 -1.37823 
1 -1.85523 0.217476 
1 7.51214 -1.47957 
1 6.25205 -1.25931 
1 5.07899 -3.69948 
1 7.82445 -1.50191 
1 9.1337 -1.78291 
1 5.18457 -1.06918 
1 6.7492 -1.30442 
1 -0.280086 -0.473908 
1 6.2983 -1.26839 
1 3.58138 -2.63132 
1 0.580117 -0.299857 
1 3.38167 -0.715104 
1 9.11292 -1.77372 
1 -10.1182 -3.06115 
1 5.43579 -4.01491 
1 9.35869 -1.8162 
1 0.862951 -0.571353 
1 1.54034 -0.403849 
1 -1.28573 0.113696 
1 6.44419 -1.25163 
1 -1.77796 0.19286 
1 4.04255 -0.861387 
1 7.53147 -1.45467 
1 5.34063 -1.07372 
