1 -1.74461 1.45555 
1 -5.66346 0.924352 
1 0.680469 3.37978 
1 -0.960823 0.886241 
1 -9.2526 1.53533 
1 -0.752846 0.704186 
1 -1.34984 2.19901 
1 -4.6714 0.208511 
1 0.701244 3.39488 
1 1.09349 3.6575 
1 -3.27937 2.60672 
1 -6.72093 1.08388 
1 -2.40413 1.53811 
1 -1.75006 1.91976 
1 -6.76839 1.07111 
1 -2.1248 1.69492 
1 3.06399 4.81859 
1 -4.15453 0.618734 
1 -9.19801 1.55216 
1 -5.43462 -0.263941 
1 1.35636 3.81719 
1 2.6091 4.53743 
1 -0.131689 2.88982 
1 -2.80723 2.22023 
1 -10.1199 1.67595 
1 -4.58352 0.72311 
1 -4.36945 0.67297 
1 -3.50365 0.913334 
1 -3.55337 0.529819 
1 -5.04138 0.786887 
1 -8.77788 1.47117 
1 -7.37608 -1.4205 
1 -4.72554 3.61845 
1 -3.79521 3.02608 
1 -5.51723 0.899982 
1 -10.0351 1.68236 
1 -6.25737 1.00055 
1 -8.30377 1.40429 
1 -3.50683 0.855111 
1 -8.66522 1.42583 
1 5.16479 6.0901 
1 -0.32424 0.329527 
1 2.42659 4.43525 
1 -6.59887 1.07465 
1 4.45983 5.67572 
1 -0.414511 2.75519 
1 6.0378 6.60994 
1 0.165062 3.09015 
1 -2.74315 1.35947 
1 5.06697 6.0267 
1 -8.74596 1.44507 
1 -1.72696 1.42232 
1 4.5342 5.68244 
1 -2.07636 1.64552 
1 -6.64532 1.05491 
1 -7.38009 1.19475 
1 -3.19732 2.50823 
1 -6.95192 -1.16182 
1 -5.08439 0.802895 
1 -3.50834 0.528836 
1 -5.4828 0.852747 
1 -9.78753 1.66653 
1 -2.40132 0.318165 
1 -9.44118 1.59025 
1 -6.4266 1.0303 
1 -7.10001 1.16447 
1 -6.64842 1.07715 
1 -6.65466 1.09228 
1 -7.1344 1.1555 
1 -1.69409 0.173902 
1 2.97621 4.71772 
1 0.182573 3.09293 
