1 -3.44942 5.37838 
1 2.81138 1.3978 
1 3.85477 0.751982 
1 -2.96328 5.05562 
1 8.41852 -2.17314 
1 3.99658 0.659341 
1 9.19442 -2.64325 
1 -3.48552 5.37561 
1 5.93208 -0.557114 
1 -3.42887 5.35869 
1 1.62803 2.17694 
1 0.870853 2.66207 
1 6.37435 -0.847052 
1 -0.342712 3.39477 
1 1.21262 2.40989 
1 6.40374 -0.872249 
1 3.67456 0.875226 
1 9.54715 -2.87314 
1 7.91396 -1.82828 
1 3.31155 1.09688 
1 4.47591 0.309971 
1 -1.52211 4.14238 
1 -0.387766 3.47454 
1 7.27119 -1.3773 
1 9.18617 -2.59671 
1 -5.59079 6.69397 
1 9.676 -2.92955 
1 3.0077 1.27057 
1 -1.66349 4.24742 
1 7.93383 -1.84753 
1 -2.42021 4.69824 
1 1.45323 2.27641 
1 6.78677 -1.13377 
1 1.87588 1.99806 
1 0.676129 2.80185 
1 -3.51955 5.43028 
1 5.89158 -0.551001 
1 3.4085 1.00498 
1 7.00954 -1.22669 
1 -1.9099 4.38001 
1 0.364174 2.96911 
1 -6.08101 7.00554 
1 4.03048 0.638275 
1 8.76395 -2.35344 
1 -2.14691 4.53254 
1 6.83011 -1.13836 
1 0.917285 2.65301 
1 -6.10468 7.04197 
1 -1.503 4.17884 
1 8.59554 -2.297 
1 9.68007 -2.92145 
1 0.446744 2.876 
1 -0.154931 3.28428 
1 -3.04844 5.10566 
1 8.52308 -2.20901 
1 1.21069 2.4075 
1 8.0968 -1.96498 
1 7.17137 -1.3378 
1 3.61484 0.907856 
1 -3.16625 5.21229 
1 0.281897 3.02908 
1 -0.399129 2.22031 
1 -0.60148 3.55472 
1 -1.19136 3.93134 
1 2.09783 1.87106 
1 -2.3006 4.60924 
1 5.49042 -0.285715 
1 0.599244 2.7921 
1 -3.32991 5.27687 
1 -1.57042 4.1929 
1 0.723798 2.7569 
1 -5.94288 6.9489 
1 8.47512 -2.19752 
1 4.2487 0.474608 
1 -5.38637 6.58316 
1 4.64142 0.246699 
1 -4.78443 6.23955 
1 -6.21695 7.13927 
1 5.09252 -0.0290322 
1 -3.88678 4.23762 
1 8.07054 -1.89494 
1 9.47198 -2.77211 
1 0.97633 2.62031 
1 -3.33538 5.33178 
1 -1.87486 4.39869 
1 1.80308 2.02116 
1 -0.718906 3.61485 
1 8.31054 -2.05399 
1 -8.44693 8.72092 
1 -1.07688 3.91374 
1 7.8208 -1.79705 
1 9.83534 -3.08019 
1 6.27538 -0.752023 
1 5.81842 -0.500924 
1 -2.06669 4.45305 
1 3.62743 0.941955 
1 5.56419 -0.395764 
1 0.459617 2.9354 
1 6.80726 -1.1324 
1 -0.438641 3.45592 
1 -2.04679 4.46743 
1 3.04803 1.28034 
1 2.12402 1.84106 
1 -6.45243 7.30425 
1 3.50567 0.989196 
1 4.87173 0.126409 
1 0.771567 2.75376 
1 8.17329 -2.00898 
1 -5.33211 6.57468 
1 -5.37455 6.61937 
1 0.436975 2.90491 
1 6.35764 -0.836016 
1 5.67189 -0.351465 
1 -2.39112 4.69249 
1 6.38595 -0.86717 
1 -2.41387 4.75087 
1 3.35635 1.04119 
1 -5.42981 6.63959 
1 8.93762 -2.4442 
1 -5.87148 6.9084 
1 3.57991 0.913336 
1 9.77964 -2.99665 
1 -5.89066 6.95075 
1 4.21816 0.503617 
1 5.67344 -0.410787 
1 -2.49312 4.76186 
1 -9.20691 8.92891 
1 0.58436 2.82548 
1 9.13444 -2.56236 
1 -6.27141 7.14349 
1 6.34174 -0.840899 
1 8.83392 -2.39118 
1 -3.80701 5.61671 
1 1.83628 2.04838 
1 1.29351 2.43987 
1 5.71238 -0.453352 
1 0.0479681 3.10807 
1 3.92575 0.709725 
1 6.42877 -0.875185 
1 -1.97315 4.46607 
1 10.0925 -3.19024 
1 -3.33545 5.28581 
1 -0.728044 3.64486 
1 -2.5213 4.818 
1 8.32861 -2.11142 
1 -5.19517 6.49278 
1 -3.10513 5.16279 
1 -1.69374 4.26019 
1 -1.29719 4.02194 
1 -6.40116 7.28691 
1 -0.79949 3.70297 
1 6.98683 -1.24208 
1 5.90224 -0.551658 
1 8.14624 -1.97946 
1 -5.63022 6.73047 
1 3.49812 0.989923 
1 -5.76006 6.81881 
1 -0.779701 3.72734 
1 -3.0418 5.08421 
1 -0.930969 3.84179 
1 7.38019 -1.42064 
1 1.99551 -0.24209 
1 -1.704 4.29433 
1 -6.02601 7.03053 
1 -3.25262 5.23267 
1 10.0136 -3.16928 
1 -2.52442 4.83019 
1 0.0154404 3.21513 
1 1.48271 2.28705 
1 5.62279 -0.313312 
1 6.59757 -1.03609 
1 -3.10058 5.16636 
1 -3.3457 5.36088 
1 4.27925 0.471134 
1 6.77901 -1.09234 
1 3.35771 1.0943 
1 -4.12641 5.82177 
