-1.09449 -6.97246 1.27765 
-1.12382 -6.99532 1.53729 
-0.116253 -6.33114 1.58651 
-1.09938 -5.97392 0.737028 
-0.118046 -5.99917 1.44526 
-0.103247 -6.98647 1.071 
-0.128836 -6.98486 1.17865 
-0.294144 -5.93643 1.60887 
-0.126844 -6.98922 1.13828 
-0.126772 -5.98539 1.3646 
-1.11868 -6.01377 1.02848 
-0.158038 -7.0053 0.587825 
-1.08799 -6.5106 1.60731 
-0.135167 -7.0339 0.866896 
-1.13964 -6.68404 1.59557 
-0.106351 -6.00372 1.00017 
-1.07171 -6.99955 1.59603 
-0.0995409 -6.63971 0.612875 
-1.10866 -6.83366 0.601112 
-0.327177 -5.95381 0.597729 
-0.128941 -6.01208 0.951722 
-1.10002 -6.97291 1.07356 
-0.196658 -5.98964 0.606686 
-0.110121 -6.03213 0.59015 
