-3.08442 -2.70699 -0.698923 
-3.05224 -2.2286 0.234993 
-2.02981 -2.44616 0.282776 
-3.07621 -2.28307 -0.381831 
-2.42581 -2.26048 -0.717446 
-2.23635 -3.30265 -0.70587 
-2.09375 -3.28245 0.144808 
-2.05765 -3.24629 0.154147 
-3.09123 -3.28951 -0.249139 
-2.01565 -2.3082 -0.722821 
-2.03994 -2.91138 -0.727542 
-3.06808 -3.26548 -0.020948 
-1.72676 -0.963384 0.198182 
-2.83066 -3.27748 0.285346 
-2.05591 -2.2281 0.103768 
-3.10556 -3.27906 -0.414419 
-2.05966 -2.27798 -0.0745253 
-3.05029 -2.22664 -0.60429 
-2.08584 -3.19494 -0.708402 
-3.04161 -2.2308 -0.134947 
-3.02693 -3.17112 -0.727584 
-2.06501 -3.11576 -0.709143 
-3.1037 -3.17702 0.294582 
-2.08878 -2.42991 0.296065 
-2.06563 -2.2355 0.0928291 
-2.7072 -2.28985 -0.703005 
-3.0542 -2.42719 -0.726254 
-2.36538 -2.28498 -0.707708 
-3.05001 -3.03769 -0.738778 
-2.07562 -2.2464 -0.216462 
-3.06213 -2.49428 0.278057 
-2.25841 -2.22512 -0.737307 
-2.16573 -2.3016 0.297143 
-2.10577 -3.27536 -0.53607 
-2.82952 -3.28064 0.270305 
-2.06259 -2.44888 0.290685 
-2.99909 -2.21408 0.265685 
-2.1338 -2.26224 -0.712077 
-2.25821 -2.27072 0.26972 
-2.09163 -2.70195 0.265285 
-2.34404 -2.24328 0.271628 
-3.087 -2.52811 -0.689992 
-2.09098 -2.1724 -0.715239 
-3.06069 -2.24874 -0.536942 
-3.06974 -2.48356 0.281135 
-2.08014 -2.59419 0.301896 
-3.10092 -2.44137 0.282671 
-2.90516 -3.30552 0.262303 
-2.06273 -2.27252 0.160989 
-2.14312 -2.23015 -0.709301 
-3.02575 -3.20449 -0.000653678 
-3.0936 -3.00377 -0.717153 
-1.68445 -0.953789 -0.58421 
-2.42474 -3.28649 0.275211 
-3.06934 -2.34451 0.290366 
-2.09637 -3.1696 0.274133 
-3.0508 -2.3631 0.266784 
-3.01147 -2.50851 0.271611 
-3.05993 -3.21086 -0.724995 
-2.11751 -2.59822 -0.725472 
-2.05272 -2.9147 0.284428 
-2.09883 -2.25433 -0.70697 
-2.31714 -2.2434 0.282621 
-3.06351 -2.24571 -0.138005 
-3.03843 -2.24601 0.246618 
-2.04935 -2.77196 0.27379 
-3.10965 -3.17082 0.295026 
-2.76536 -3.23863 0.284434 
