-1.55083 -0.948439 0.406676 
0.113055 -0.873413 -1.48839 
0.307784 -0.991222 -0.53093 
0.449494 3.36603 0.358317 
-0.199628 -0.128362 -1.563 
-0.683742 -0.998239 -1.55834 
0.315624 -1.04392 -0.913099 
0.255624 -0.564378 0.529396 
-1.71551 -0.78967 0.394391 
0.347528 -1.11063 -0.746665 
-1.57062 0.0548596 0.420338 
-0.131997 -1.03085 -0.583876 
0.0784518 -0.98152 -1.55981 
-0.222898 -0.0382789 -0.511366 
-1.73834 -0.0442659 -0.585749 
-1.74892 0.0556726 0.22221 
-0.112408 -1.06737 -0.505075 
-0.0120835 -0.071502 -0.539291 
-0.683728 -1.01681 -0.555956 
-1.73936 0.0405153 0.290223 
-0.357893 -0.0300189 -0.564745 
-1.57877 -0.136405 0.219622 
1.11638 -0.919114 -1.65017 
0.12378 -1.03551 -0.571438 
-0.152089 -0.997448 -1.53799 
-0.629628 0.808345 1.01126 
-0.699294 -0.121869 -0.573877 
0.336996 -0.0119904 -1.56995 
-1.74068 -0.951884 -0.130572 
0.252275 -0.00506582 -1.53769 
0.283938 0.0176889 -1.12986 
-0.797626 0.0350167 -0.599901 
-0.744971 -0.960952 -0.0837088 
0.301344 -0.00737603 -0.633573 
0.365309 -0.50507 -0.481086 
-0.502365 -0.0165285 -1.53343 
-0.654059 -1.04707 -1.32888 
0.302136 -0.0642019 -1.5931 
-0.661184 -0.477003 -1.57226 
-0.621442 -1.02936 -1.51331 
-1.72732 -0.424745 -0.580161 
-2.30754 -2.25033 0.263612 
-0.638445 -1.07873 -0.676773 
-1.56344 0.805517 0.55484 
0.241918 -0.996924 -1.55928 
-0.601605 0.260959 1.00381 
-1.71733 0.059379 -0.109166 
-1.74116 0.0331255 -0.481493 
0.330897 -0.911996 -0.572732 
-1.73237 -0.729946 -0.599282 
-0.745275 -0.959953 -0.588944 
-0.724622 -0.706627 -0.585741 
-0.616756 -0.0174716 -1.56976 
-0.0508786 -1.06357 -0.531521 
0.183895 -1.0994 -1.536 
-0.654681 -0.0631185 -0.827799 
-1.72742 -0.964711 -0.177743 
-0.737489 -0.491701 0.389724 
-1.72455 -0.200928 0.410931 
-1.69574 -0.956086 -0.589025 
-1.42812 0.0484048 -0.599183 
0.335858 -0.0726079 -1.26199 
0.329948 -0.162195 -1.55446 
-0.717587 -0.741585 0.412866 
-0.540626 -0.0372278 -0.544651 
-0.751364 0.0405967 0.26306 
-0.217598 -0.992524 -0.530292 
0.35101 -0.04068 -1.45715 
-3.13515 0.529152 -2.1153 
-0.696158 -0.182694 -1.54677 
0.316297 -0.413992 -1.54308 
0.344999 -0.807652 -1.53247 
-0.640658 -0.938307 -1.53801 
-1.18187 -0.955229 0.409596 
-0.686001 -1.037 -0.517123 
-1.71865 -0.949846 -0.572024 
-0.704518 -0.67341 -1.56802 
-2.05514 -2.27191 -0.312032 
-0.727293 -0.643138 -0.60153 
-0.728277 -0.745254 -0.566172 
-0.646726 -0.461273 -1.56155 
-1.72013 -0.968882 -0.0884958 
0.324895 -0.403904 -0.557019 
-0.0515674 -1.02047 -0.532713 
-0.724188 -0.956276 -0.47534 
-0.651345 -0.0685478 -0.720578 
-0.334482 -0.986237 -0.524957 
-0.911496 -0.185862 1.04574 
0.319802 -1.08608 -0.601258 
-0.175001 -0.0544399 -0.547057 
-0.734553 -0.15143 -0.602868 
-1.66854 0.0382559 -0.591147 
-0.639721 -1.04609 -0.534429 
-1.60491 -0.935766 -0.58038 
-0.56526 0.0218236 0.0301229 
0.313975 -0.00665439 -1.07324 
-0.734252 0.0505636 0.0681041 
-1.7138 -0.829694 -0.591541 
-0.729551 -0.173254 0.41925 
0.349454 -1.1095 -0.635232 
-0.344707 -0.0377726 -1.56428 
-1.38003 0.0472482 -0.60639 
-0.572534 0.298074 0.0377382 
-0.735031 -0.938996 -0.508252 
0.0937055 0.680594 2.56755 
-0.942919 -0.934552 0.413719 
-2.95732 -3.24773 -0.706585 
