0.447459 -3.90755 -0.900681 
-1.48288 -0.439717 0.722602 
-1.25792 -1.50373 0.722785 
0.347018 -3.90949 0.0573126 
1.07495 -2.89356 -0.900881 
1.37237 -2.92761 -0.382996 
1.34451 -3.9195 -0.0856772 
0.380637 -2.90124 -0.91487 
0.345981 -3.92418 -0.208598 
1.3743 -2.90354 -0.0738703 
1.35965 -3.91634 -0.367783 
0.371955 -3.9188 -0.179671 
1.35519 -2.90837 -0.60787 
-1.00309 -0.457546 -0.285211 
0.345545 -3.49559 -0.920493 
0.387341 -2.90057 -0.949282 
0.342559 -3.34001 0.0444307 
0.380362 -3.13062 0.0427914 
1.14142 -3.89296 -0.956848 
1.37122 -3.18444 -0.903792 
1.18531 -3.93196 -0.939325 
0.897754 -2.89919 0.0301249 
1.21159 -3.89984 -0.949529 
1.36287 -3.89776 -0.95456 
0.960216 -2.91057 0.0361431 
-0.4765 -0.468501 0.490567 
-0.566753 -1.48125 -0.29618 
-1.51172 -1.47835 0.401647 
0.374702 -3.91711 -0.971917 
0.419221 -2.9041 -0.932432 
1.38409 -2.88067 -0.792841 
-1.10987 -1.50552 0.718488 
1.35904 -3.21286 -0.964949 
0.945116 -2.94396 0.0522662 
0.865324 -3.89733 0.0651632 
1.36916 -2.96321 -0.770799 
1.36251 -3.87608 -0.935352 
1.47163 0.254637 0.659636 
0.360077 -3.14359 -0.978663 
1.36374 -2.93442 -0.260838 
1.33969 -3.154 0.0616403 
1.37834 -2.9931 -0.952442 
0.373061 -3.91944 -0.806595 
0.38311 -2.89255 -0.820747 
-0.521934 -0.4716 0.729239 
-0.547237 -1.3699 -0.284625 
-1.47308 -1.47516 -0.292442 
-0.483841 -1.46789 0.0223402 
0.656147 -3.90396 0.0272731 
0.798883 -2.86309 0.0522376 
0.379377 -3.88104 -0.442609 
-0.486259 -1.02142 0.698445 
-0.471069 -0.497708 0.559918 
0.344262 -3.40227 0.0534632 
-1.46152 -1.45463 0.595235 
1.3681 -3.88051 -0.937554 
0.529649 -2.93291 -0.964227 
-1.49593 -0.46893 0.200749 
1.38148 -3.8681 -0.297357 
-0.46292 -0.463089 0.139447 
1.36055 -2.91817 -0.59481 
1.37194 -3.72171 0.0319724 
-0.508099 -1.06407 0.702185 
0.768562 -2.9161 -0.998618 
1.37759 -3.88332 -0.498784 
0.812659 -3.90099 0.0764351 
0.436923 -3.91363 -0.916991 
1.32543 -3.92413 -0.930808 
0.753503 -3.88667 0.072438 
0.383428 -2.864 -0.00952772 
0.331161 -2.9094 -0.493744 
1.3734 -3.16515 -0.952244 
0.328176 -3.90789 -0.0648316 
0.859197 -2.89569 -0.946461 
0.60331 -3.8839 0.0499453 
-1.01224 -1.49218 -0.294557 
0.375532 -3.89585 -0.242216 
0.374768 -2.92897 0.0543519 
0.375783 -3.87585 -0.871133 
0.326395 -3.69416 -0.97272 
0.329675 -3.95077 -0.218305 
-0.866238 -1.45658 0.72929 
1.38146 -3.23482 -0.930298 
0.495936 -0.280203 0.638072 
0.8415 -2.88042 -0.920121 
0.380129 -3.8782 -0.861043 
1.37501 -2.88158 -0.465555 
-0.0333743 -0.549303 0.423294 
1.37648 -2.90721 -0.347705 
0.534269 -3.90668 -0.937792 
1.45689 -0.0120035 0.658839 
1.36492 -3.47963 -0.950976 
0.370087 -3.88546 -0.288361 
0.405561 -2.91776 -0.968923 
1.36329 -3.88239 -0.912175 
1.36682 -2.86494 -0.179826 
0.550629 -2.9378 -0.930527 
-0.509944 -0.491661 0.554299 
-0.464699 -1.35816 0.714246 
0.363921 -3.85614 -0.897208 
-1.51352 -0.746696 0.701899 
0.399978 -3.33494 0.0141445 
0.323301 -3.44768 0.037603 
-1.48749 -1.26398 -0.274451 
-1.49095 -1.49358 0.46473 
1.36723 -3.19482 0.0802496 
1.38847 -3.48322 0.0573466 
0.383745 -2.89974 -0.943918 
-0.461064 -0.807952 -0.289504 
0.347538 -3.74239 -0.893037 
1.3319 -3.60052 0.0502266 
0.563548 -3.93027 -0.964614 
1.3717 -3.24056 0.0768556 
