3.73907 1.91691 -5.38877 
2.75795 1.26908 -5.69313 
3.75052 0.913575 -5.62656 
3.32079 1.92495 -4.7036 
3.74885 1.6898 -5.74076 
3.79305 1.02776 -4.70929 
2.75961 1.60212 -4.68274 
2.74018 1.36723 -5.69721 
2.76053 0.915635 -4.98914 
2.84376 0.921413 -5.69911 
3.7425 1.51181 -4.71021 
3.08418 0.915647 -5.69647 
2.93789 1.91526 -5.68749 
2.73554 1.9083 -4.75379 
3.11537 0.926297 -5.69224 
2.76228 1.05713 -4.68398 
2.83624 1.92524 -5.7227 
2.72313 0.911563 -5.47831 
2.98757 0.924136 -4.72469 
2.8251 1.91926 -4.69495 
2.72453 1.13757 -4.68785 
2.75147 0.91975 -5.17676 
3.74932 1.3157 -5.7079 
2.74408 1.77348 -4.69731 
2.77064 1.95694 -4.79103 
3.74518 1.91927 -5.62872 
3.69312 1.36848 -4.67443 
3.73086 1.91971 -5.46899 
2.75553 1.15386 -5.71647 
2.78659 1.89751 -5.0677 
3.41463 1.92101 -4.69136 
2.78844 0.936393 -4.7492 
2.74119 0.917239 -5.12415 
2.75164 1.82405 -4.66634 
2.76569 0.940344 -5.30559 
2.7528 1.8816 -4.90809 
2.74684 0.952949 -5.68663 
2.76053 1.88318 -4.6904 
3.72968 0.917539 -5.40711 
2.71575 0.952364 -4.87966 
3.52667 1.92394 -5.72066 
2.75906 1.92697 -5.50744 
3.72396 0.900485 -5.70878 
2.73407 1.02584 -4.6862 
3.73662 0.904775 -5.33691 
2.7357 0.922186 -5.1769 
2.76982 1.91922 -5.07723 
3.58201 0.91483 -5.67597 
2.90515 0.891341 -5.69223 
3.41974 0.903153 -5.68058 
2.76243 1.90005 -5.65348 
2.78256 0.91988 -5.076 
2.7768 1.91565 -5.24172 
2.94778 0.911903 -5.70552 
3.5073 1.91392 -5.69987 
2.73978 1.90738 -5.39087 
3.74838 0.940088 -5.65333 
2.70626 0.901657 -5.55826 
3.77305 1.90334 -4.90162 
3.37844 0.910895 -5.70567 
2.71201 1.77082 -4.68387 
3.7551 0.915666 -5.01083 
3.72312 0.915712 -5.41955 
3.72987 0.922281 -4.7153 
3.41318 1.91834 -5.68073 
3.72867 0.939477 -4.7767 
2.78391 0.927603 -4.99613 
3.17595 1.91044 -4.69146 
3.73338 1.89104 -5.41155 
2.76671 1.36689 -5.70894 
3.72868 1.62805 -4.68838 
2.71779 1.50729 -4.68554 
3.7366 1.56977 -4.71905 
2.7317 1.92991 -4.72523 
3.75156 0.912838 -5.05869 
2.76909 0.905829 -5.09246 
3.58368 1.92148 -5.70445 
2.88511 1.90727 -5.70908 
2.75458 1.93756 -5.72097 
3.62054 0.932189 -4.70355 
2.73157 0.935871 -5.37664 
3.76145 1.89318 -4.73611 
3.75206 1.91806 -4.75643 
3.76144 0.910702 -4.95954 
3.74326 1.23644 -5.68458 
2.75439 0.95643 -4.78461 
