1 4.90013 2.93097 
1 8.13416 4.5939 
1 2.974 3.78289 
1 -5.45139 4.34482 
1 8.16198 2.03341 
1 -0.624009 3.70787 
1 10.462 1.25889 
1 -4.36815 4.23148 
1 5.4123 2.93141 
1 -5.01434 4.33893 
1 9.87629 2.22374 
1 6.41573 2.57077 
1 8.44061 2.41536 
1 -3.23614 4.04916 
1 -0.82948 5.03054 
1 -3.26974 5.92062 
1 -3.25534 5.86423 
1 -2.33044 5.63096 
1 5.39093 2.86703 
1 7.13436 2.38421 
1 5.92229 2.82091 
1 1.27405 3.43082 
1 8.61382 2.4348 
1 2.14554 4.10728 
1 -2.68066 5.72101 
1 0.574972 4.63795 
1 4.35221 3.22941 
1 5.4118 2.88808 
1 -1.73813 3.89281 
1 12.1594 1.8722 
1 2.59849 3.2607 
1 -6.73731 4.34832 
1 12.3597 0.571815 
1 4.07184 3.01031 
1 6.17178 2.73222 
1 -5.70795 6.74913 
1 0.265023 4.73323 
1 1.6501 4.17602 
1 -3.39269 5.95023 
1 -4.16088 4.17952 
1 5.62164 2.83314 
1 7.0806 2.48229 
1 1.98688 3.32009 
1 0.112358 4.83698 
1 5.42282 3.01852 
1 0.378793 4.59144 
1 10.1944 1.32335 
1 -0.101174 4.83629 
1 10.689 2.13295 
1 14.1138 1.69285 
1 2.70753 3.85268 
1 4.52532 3.28076 
1 5.37911 3.00998 
1 12.8604 1.79581 
1 -3.18797 5.90873 
1 10.6019 1.22969 
1 11.0401 2.05701 
1 9.31636 1.58261 
1 3.41524 3.59023 
1 2.519 4.00154 
1 1.82405 3.41675 
1 4.10024 3.37527 
1 10.0032 1.46242 
1 -4.14084 3.92039 
1 -5.11535 6.49377 
1 -4.84589 6.44671 
1 -7.99089 5.70509 
1 4.78028 2.94866 
1 -3.28096 4.09938 
1 -0.425075 4.962 
1 6.28594 2.79137 
1 -3.5555 6.04391 
1 -5.41201 6.612 
1 -2.91158 5.79699 
1 10.6675 1.15014 
1 10.3892 1.29483 
1 2.47669 3.22986 
1 11.5092 0.978972 
1 12.182 1.93522 
1 -2.58396 3.948 
1 -2.33964 5.52177 
1 -5.76584 6.69119 
1 -2.1464 5.55232 
1 0.615827 4.5291 
1 13.6718 1.7384 
1 11.8547 0.772309 
1 -6.17211 6.83523 
1 0.197205 4.75499 
1 10.7516 1.09461 
1 2.35205 4.00209 
1 1.05171 4.48726 
1 -2.42616 5.61062 
1 11.0906 2.04948 
1 3.38234 3.14226 
1 -3.34382 4.093 
1 7.87394 2.50928 
1 -1.68825 5.35269 
1 -5.13832 6.58207 
1 11.8108 0.853201 
1 11.4955 0.873236 
1 7.45926 2.52723 
1 7.08427 2.41514 
1 -7.71498 5.42695 
1 -5.61239 6.64394 
1 -1.12278 5.23259 
1 2.8772 3.86069 
1 3.88764 3.54404 
1 8.31881 1.98442 
1 9.71931 2.26572 
1 -0.754201 3.73281 
1 -0.247784 4.88686 
1 11.4464 0.969774 
1 4.36428 3.03092 
1 2.02819 4.06188 
1 7.78094 2.54571 
1 5.85397 2.82949 
1 3.86588 3.55512 
1 4.81746 2.92358 
1 3.30889 3.68278 
1 2.77653 3.85486 
1 4.65291 2.9508 
1 1.20241 3.40726 
1 10.8999 1.09965 
1 0.836836 3.53168 
1 5.65384 2.92605 
1 9.19907 1.70246 
1 -3.72519 6.0194 
1 -3.73286 4.19143 
1 -5.92982 6.81003 
1 -5.29891 4.36368 
1 -2.81173 5.76137 
1 11.3714 0.916256 
1 -6.2699 4.6701 
1 3.30656 3.18998 
1 -5.99188 6.84757 
1 7.90897 2.4671 
1 7.92829 2.14914 
1 6.85644 2.48795 
1 0.544974 3.60954 
1 5.31237 2.98897 
1 1.66617 4.22017 
1 3.01035 3.19949 
1 -2.76121 5.75751 
1 -3.69484 4.10032 
1 7.59094 2.17933 
1 13.6081 1.73791 
1 -2.19128 5.54418 
1 8.85905 1.78035 
1 -4.85833 6.46707 
1 -3.02381 5.74427 
1 -4.59754 4.3097 
1 0.282067 3.57546 
1 8.1783 2.08289 
1 -1.88386 5.48561 
1 11.5766 2.00076 
1 0.561112 4.65095 
1 10.1689 2.18626 
1 6.61693 2.55634 
1 10.647 1.21605 
1 0.362132 4.71762 
1 -1.44447 5.34908 
1 7.58874 2.51734 
1 -2.14667 3.88092 
1 8.74603 1.77713 
1 12.8958 1.81814 
1 -4.56179 4.26044 
1 4.39391 3.35896 
1 5.79453 2.78519 
1 13.8039 1.70997 
1 9.98976 1.38678 
1 5.10963 3.05942 
1 9.99158 1.39695 
1 -5.31687 4.39221 
1 -1.33776 3.80966 
1 0.465109 3.56674 
1 5.40067 2.88431 
1 12.9564 1.82356 
1 5.82885 2.72248 
