1 -1.34031 -1.09745 
1 -3.03902 2.74178 
1 2.97779 -10.8019 
1 -1.25592 -1.7248 
1 0.0288397 -4.20969 
1 -3.60656 3.95401 
1 -0.325543 -3.37871 
1 0.676157 -5.64682 
1 0.296709 -4.79431 
1 1.61999 -7.7595 
1 2.82065 -10.3868 
1 -2.13368 1.10006 
1 0.73777 -5.77961 
1 0.208554 -4.57065 
1 0.626173 -5.52443 
1 -2.10897 0.882953 
1 -4.16132 5.16975 
1 -2.45036 2.72032 
1 -0.644629 -2.7736 
1 1.37898 -7.24469 
1 -0.782856 -2.45276 
1 2.89902 -10.6374 
1 2.74176 -10.249 
1 -3.61874 3.94969 
1 -1.9824 0.345187 
1 2.35959 -9.44221 
1 1.45558 -7.43856 
1 0.0389368 -4.16116 
1 1.77416 -8.16271 
1 -2.03795 0.409494 
1 2.27319 -9.27842 
1 -3.08042 2.75464 
1 1.43341 -7.44053 
1 -1.00156 -1.79296 
1 0.320199 -4.93156 
1 -4.26167 5.39238 
1 -2.25672 1.77149 
1 -0.507049 -3.08046 
1 -2.98217 2.52672 
1 -0.846928 -2.25869 
1 0.445911 -5.20765 
1 -3.53581 3.77917 
1 2.18514 -9.0182 
1 -1.73466 -0.363347 
1 -2.62583 1.80614 
1 -2.065 0.462278 
1 -1.75132 -0.894107 
1 -2.92164 2.32582 
1 -2.90781 2.42089 
1 1.74768 -8.11959 
1 -2.51164 1.55402 
1 1.73693 -8.10898 
1 2.44723 -9.68697 
1 -2.27869 1.90642 
1 -0.377201 -3.37998 
1 -4.04365 4.89508 
1 0.675757 -5.68296 
1 2.4687 -9.72077 
1 -0.132909 -3.86451 
1 -0.328589 -3.44308 
1 1.94845 -8.50983 
1 -1.76729 -0.236843 
1 1.08899 -6.55912 
1 2.29045 -9.29497 
1 0.438837 -5.15322 
1 -4.63754 6.19536 
1 -0.54578 -2.85113 
1 0.474331 -5.20091 
1 -3.05647 2.66276 
1 1.69397 -7.90636 
1 -4.46892 5.89218 
