-1.39039	0.0270006	2.68135	 0
-2.38518	-0.628347	3.32696	 0
-1.9709	0.693573	2.3001	 0
-0.719453	0.239155	1.39024	 0
-0.407939	0.881514	1.31212	 0
-1.53914	0.249578	2.3136	 0
-1.4023	-0.407312	2.31608	 0
-2.00327	-0.325468	2.2981	 0
-1.38422	-0.171354	3.30463	 0
-0.455053	0.177899	1.27426	 0
-0.939023	1.21512	2.319	 0
-1.49407	0.306634	1.25023	 0
-1.43674	-0.104463	2.32892	 0
-1.40914	1.24623	2.30869	 0
-2.53409	0.498313	2.30467	 0
-1.50664	-0.333048	2.28487	 0
-2.42447	-0.00402545	2.58396	 0
-0.474789	0.846512	2.34356	 0
-1.39616	-0.969916	3.23252	 0
-1.51855	0.214368	2.29005	 0
-1.3704	-0.313213	2.31824	 0
-1.53113	0.0630402	1.30053	 0
-1.49621	0.654331	2.37859	 0
-2.3366	-0.779275	2.31812	 0
-0.438381	0.247246	1.68441	 0
-2.30023	0.0315802	2.30369	 0
-1.50441	0.659942	1.28025	 0
-0.464525	0.203745	1.536	 0
-1.74461	-0.266404	1.28951	 0
-1.90394	0.0360275	2.30661	 0
-0.427388	0.57387	1.33042	 0
-1.40392	0.351071	2.35637	 0
-0.41267	0.227874	1.92683	 0
-1.45681	0.200104	2.02899	 0
-2.37009	0.0333618	2.7366	 0
-2.51607	-0.322445	1.7038	 0
-1.35464	0.993006	2.27716	 0
-1.53624	0.114483	1.28935	 0
-2.28619	0.0202869	2.33136	 0
-1.37128	-0.968757	3.15492	 0
-1.61567	-0.982943	2.28239	 0
-1.54358	-0.320391	1.4934	 0
-1.39463	-0.0627032	2.3014	 0
-1.55181	-0.316135	1.9184	 0
-1.51057	0.695784	2.18544	 0
-0.415	0.241295	2.18381	 0
-0.448037	0.213075	1.37816	 0
-2.53506	-0.124039	1.27548	 0
-1.38962	0.69846	2.33789	 0
-1.46238	0.249743	1.9873	 0
-1.42966	1.26728	1.39727	 0
-2.49356	-0.301847	1.73498	 0
-1.47352	0.0492952	3.31589	 0
-2.52968	0.677371	1.45214	 0
-2.52273	0.692428	1.79639	 0
-2.43459	-0.00225587	3.30875	 0
-1.86541	0.70062	2.25143	 0
-1.44409	0.0253901	3.33537	 0
-1.55372	0.684245	2.25685	 0
-1.5728	-0.96018	3.31032	 0
-1.45849	0.699221	2.35356	 0
-1.43841	0.239317	1.97131	 0
-0.984063	1.23094	2.37368	 0
-1.43837	-0.00584091	2.8342	 0
-1.36664	0.0284995	2.53281	 0
-2.54593	0.682475	1.48767	 0
-0.457582	0.676119	2.3601	 0
-1.53622	0.692357	1.61462	 0
-2.53134	0.675873	1.4075	 0
-2.534	-0.13939	2.25199	 0
-2.50373	-0.147959	1.29714	 0
-0.636667	0.189833	1.37039	 0
-2.31357	0.683316	1.2875	 0
-2.52451	0.238903	1.30635	 0
-1.87309	0.686281	1.32242	 0
-1.94923	-0.316162	2.3192	 0
-1.51422	-0.31705	2.07064	 0
-1.44417	0.190135	1.31364	 0
-0.63743	1.20511	1.34315	 0
-1.39167	0.025888	3.32199	 0
-1.59166	-0.316033	1.25735	 0
-1.51588	0.703107	1.41036	 0
-1.66137	0.674494	2.26335	 0
-1.08757	0.70541	1.61411	 0
-1.51971	0.0662578	2.23279	 0
-1.53188	0.257605	2.331	 0
-0.424744	0.565391	2.29864	 0
-1.52973	-0.966735	2.29905	 0
-1.40243	1.25628	1.36094	 0
-1.49396	-0.289934	2.29399	 0
-2.35666	-0.461455	3.30901	 0
-2.37555	-0.965515	3.03051	 0
-0.817641	1.23585	2.32337	 0
-2.43488	-0.0113942	2.68142	 0
-1.53222	0.429181	1.2899	 0
-2.51118	-0.311179	1.43185	 0
-2.13364	0.694161	1.2718	 0
-2.11111	0.669858	1.24953	 0
-1.40215	-0.973914	3.10155	 0
-2.35793	0.0452313	2.87141	 0
-1.48109	0.208485	1.69227	 0
-2.01505	-0.946349	2.32524	 0
-2.27908	0.0299288	3.31635	 0
-2.40795	-0.605431	3.3206	 0
-2.49832	-0.279791	1.86108	 0
-0.467345	0.558376	1.39492	 0
-2.01447	-0.948808	3.31419	 0
-0.958571	0.246683	1.31711	 0
-1.53885	0.693818	1.73961	 0
-1.15768	0.194156	2.29581	 0
-2.37417	-0.294599	2.34062	 0
-1.4532	0.191641	2.0561	 0
-1.98244	-0.294492	1.2761	 0
-1.41532	-0.98988	2.73051	 0
-1.37028	-0.239416	2.33346	 0
-2.09039	0.69184	2.24725	 0
-1.40142	0.0257269	2.73911	 0
-1.57633	0.676184	2.12134	 0
-0.459866	0.73887	1.41297	 0
-0.94624	1.28041	2.34477	 0
-2.34729	-0.948349	3.03845	 0
-0.762837	1.24825	1.32991	 0
-1.72718	-0.320384	2.2612	 0
-1.51329	0.491941	1.29697	 0
-0.45398	0.955818	2.37372	 0
-1.44113	0.859113	2.37582	 0
-1.35968	0.0445074	2.57018	 0
-1.64385	0.683755	2.30674	 0
-1.89027	0.0093921	2.32161	 0
-1.36622	0.041328	2.53317	 0
-2.51036	-0.286104	1.7168	 0
-1.97278	-1.00282	3.31491	 0
-2.57262	-0.313725	1.59112	 0
-1.53586	-0.212753	2.26904	 0
-1.53587	-0.00185736	1.29368	 0
-1.85764	0.0385708	3.30308	 0
-1.50993	-0.20556	1.2804	 0
-2.41537	-0.973739	2.84783	 0
-1.38288	0.0484277	2.74255	 0
-1.56193	0.0995237	1.29189	 0
-1.52818	0.171782	1.26002	 0
-1.48899	0.0357054	2.29428	 0
-2.35589	-0.784049	3.31939	 0
-2.41096	-0.880459	3.32366	 0
-1.39715	0.038911	2.32102	 0
-2.37921	-0.964601	2.7428	 0
-0.474594	0.892029	1.34595	 0
-1.20239	1.21249	1.44448	 0
-2.24584	0.665964	1.23187	 0
-1.37723	1.22905	2.36346	 0
-1.96443	-0.289334	1.30023	 0
-1.54068	0.695728	1.77224	 0
-1.48104	-0.00791095	2.28725	 0
-2.55527	0.0513529	1.25449	 0
-0.461525	1.19379	2.19953	 0
-0.425862	1.20977	2.34772	 0
-1.95861	0.711637	2.31749	 0
-1.48465	0.185662	1.63892	 0
-2.55466	-0.30724	1.40343	 0
-1.54713	0.621063	2.27832	 0
-1.53369	0.481611	2.28356	 0
-2.36885	-0.324773	1.31633	 0
-1.54811	0.471567	2.27736	 0
-1.35393	-0.936407	3.26627	 0
-1.91877	-3.09711	-0.778559	 1
-2.48464	-4.13059	-0.977909	 1
-2.15786	-4.08032	-0.761055	 1
-2.43783	-4.11861	-0.955439	 1
-1.78627	-4.09349	-0.777953	 1
-2.43058	-4.11695	-1.36127	 1
-1.41734	-4.08577	-0.974758	 1
-1.42561	-3.78215	-1.76163	 1
-1.42855	-3.27108	-1.76865	 1
-2.46276	-4.0771	-1.46797	 1
-1.45065	-4.10354	-1.50151	 1
-1.42429	-4.08991	-0.965638	 1
-2.43057	-3.67962	-1.77545	 1
-1.64862	-3.07732	-0.771866	 1
-1.3936	-3.24282	-1.77606	 1
-2.31267	-4.0999	-0.772	 1
-2.46165	-3.12586	-1.00362	 1
-1.9467	-4.06804	-1.75886	 1
-3.72522	-4.86711	-0.309595	 1
-2.42327	-4.09924	-1.66987	 1
-1.44327	-3.04287	-0.734931	 1
-2.43109	-3.53424	-1.74819	 1
-2.40837	-3.86407	-1.76146	 1
-2.38199	-3.09023	-1.76897	 1
-1.41845	-3.56811	-0.726265	 1
-1.42215	-3.57127	-0.747192	 1
-2.42163	-3.07493	-1.56398	 1
2.20934	-2.81299	2.72492	 2
3.64994	-4.45445	0.00875991	 2
3.17627	-3.44016	-0.990191	 3
3.46716	-3.44718	-1.00696	 3
2.96616	-3.43399	-0.943189	 3
2.99569	-4.47355	-0.895327	 3
2.94029	-4.44217	-0.997077	 3
2.96289	-3.46616	-0.170532	 3
2.92887	-4.45641	-0.750334	 3
