-1.91877 -3.09711 -0.778559 
-2.48464 -4.13059 -0.977909 
-2.15786 -4.08032 -0.761055 
-2.43783 -4.11861 -0.955439 
-1.78627 -4.09349 -0.777953 
-2.43058 -4.11695 -1.36127 
-1.41734 -4.08577 -0.974758 
-1.42561 -3.78215 -1.76163 
-1.42855 -3.27108 -1.76865 
-2.46276 -4.0771 -1.46797 
-1.45065 -4.10354 -1.50151 
-1.42429 -4.08991 -0.965638 
-2.43057 -3.67962 -1.77545 
-1.64862 -3.07732 -0.771866 
-1.3936 -3.24282 -1.77606 
-2.31267 -4.0999 -0.772 
-2.46165 -3.12586 -1.00362 
-1.9467 -4.06804 -1.75886 
-3.72522 -4.86711 -0.309595 
-2.42327 -4.09924 -1.66987 
-1.44327 -3.04287 -0.734931 
-2.43109 -3.53424 -1.74819 
-2.40837 -3.86407 -1.76146 
-2.38199 -3.09023 -1.76897 
-1.41845 -3.56811 -0.726265 
-1.42215 -3.57127 -0.747192 
-2.42163 -3.07493 -1.56398 
