-3.48653 0.864284 3.83502 
-3.78358 0.516882 3.86326 
-3.81476 0.130664 4.85677 
-3.29407 -0.14677 4.82294 
-2.78383 0.850991 3.87051 
-2.81352 0.841003 3.94058 
-3.00248 -0.150209 3.8414 
-3.81595 0.211866 3.86995 
-3.82175 -0.153905 3.80184 
-3.8138 -0.172049 3.96962 
-2.79666 0.868381 4.10676 
-2.79901 0.877827 4.37466 
-2.86462 -0.14663 3.85145 
-2.79689 -0.125577 4.81231 
-2.92633 -0.118496 4.84042 
-3.60905 -0.181961 3.81719 
-3.77128 0.188489 3.78567 
-3.1216 -0.121503 3.82345 
-3.84492 -0.149575 4.05015 
-3.80078 0.0631297 3.87515 
-2.79914 -0.058684 4.8136 
-2.82124 -0.13781 4.69618 
-3.45388 -0.159738 3.81657 
-3.7391 -0.141458 4.82065 
-2.87239 0.856772 4.59785 
-2.92661 -0.178652 3.77913 
-3.82288 0.69232 4.78794 
-2.78138 -0.173912 4.26025 
-3.1802 0.909858 3.85682 
-3.61948 0.852226 4.82149 
-3.81882 -0.146091 4.20371 
-3.46662 -0.121793 3.8497 
-3.7539 0.844222 4.83449 
-3.80367 -0.122238 4.76161 
-2.82349 -0.12536 4.82286 
-0.66541 1.9976 4.28044 
-0.990169 0.965474 3.5885 
-3.83298 0.851103 3.86696 
-3.08804 0.869736 3.86525 
-2.93006 0.860438 4.83145 
-3.56497 0.824121 3.75202 
-3.83319 0.160435 4.8274 
-3.54823 0.838223 3.79114 
-3.02905 -0.141827 4.82492 
-2.84544 0.801364 4.8594 
-2.81913 -0.118728 4.58362 
-2.8032 -0.0544054 4.8393 
-0.635684 1.93412 4.58692 
-3.24621 -0.108144 3.88713 
-2.81161 0.399048 4.80992 
-3.82266 -0.169588 4.28586 
-3.81629 0.718361 4.82206 
-3.37238 0.808265 4.79949 
-3.81998 0.372469 3.84538 
-2.82461 0.877133 4.40575 
-2.82637 -0.125912 3.89462 
-3.81054 0.851683 4.83366 
-3.18392 0.836703 4.83488 
-3.57314 -0.145218 4.82799 
-3.37118 0.863411 4.84846 
-3.79602 -0.0390462 4.83148 
-3.49644 0.848589 4.83201 
-1.18976 0.956411 3.58534 
-3.47691 0.842238 4.83136 
-3.81 -0.0541702 4.84195 
-3.37487 0.840655 4.80254 
-2.79587 0.874918 4.71826 
-2.9069 0.849239 3.81521 
-3.44243 -0.170746 4.79685 
-3.23086 0.863586 3.82255 
-3.81574 -0.0370378 3.88513 
-2.88105 0.819701 3.7951 
-3.7962 0.125814 3.8272 
-3.83995 -0.0979111 4.3625 
-3.206 0.846063 4.8079 
-2.81724 -0.143486 4.69332 
-3.62013 -0.151399 3.83163 
-3.77343 0.336735 3.78412 
-2.82224 0.557487 3.82106 
-3.79594 0.883186 3.89478 
-2.8186 0.291373 3.88633 
-2.80995 0.169604 4.8404 
-2.96486 0.869735 4.82073 
-2.80131 0.840844 4.24995 
-2.8121 0.875392 4.41465 
-2.80416 -0.129644 4.04311 
-2.80681 0.815167 4.84939 
-2.83084 0.323671 3.84171 
-3.63096 0.882234 4.83956 
-3.79549 0.491245 4.85727 
-3.53881 -0.162098 3.82167 
-3.81095 0.253315 4.8173 
-2.76433 0.837223 4.79475 
-3.81264 0.730557 3.866 
-3.81376 -0.14129 3.96672 
-3.35843 0.820667 4.79092 
-3.18511 0.865977 3.84417 
-3.80872 0.0677576 4.81991 
-3.83107 -0.13123 4.14062 
-3.80978 -0.0498574 3.85233 
-2.7999 -0.174888 4.72043 
-2.79532 0.83861 4.81786 
-3.80582 -0.121065 4.33578 
-3.78982 0.251035 3.79182 
-2.78302 0.389692 4.82901 
-3.7762 -0.00655833 4.84812 
-3.61857 -0.113755 3.84391 
-2.92428 0.870001 3.84284 
-3.46134 0.841223 3.82184 
-3.81444 0.866555 3.86573 
-0.62602 1.30982 4.5718 
-2.78865 -0.11462 4.62422 
-2.80387 -0.161697 4.18412 
-2.79185 0.857199 4.54487 
-2.82112 -0.105564 4.74218 
-3.18981 0.850757 4.81221 
-3.80898 -0.148143 4.2665 
-3.84693 0.87304 3.97486 
-3.81304 0.259405 4.82215 
-3.23142 0.870322 4.87102 
-3.7775 0.886861 4.80178 
-3.81548 0.272322 3.82093 
-3.57846 0.849869 4.79685 
-2.82596 -0.170893 3.91584 
-2.84239 0.84556 4.43841 
-3.85919 0.0479162 4.85098 
-2.8406 0.862701 4.82039 
-3.81737 -0.1487 4.32972 
-3.76994 -0.146502 4.83443 
-3.39209 0.87964 3.86665 
-3.79078 0.320238 4.80096 
-3.12407 0.848427 4.82614 
-2.82507 -0.130149 4.21853 
-2.81355 0.863497 4.19979 
-3.8092 0.846916 4.25992 
-2.80126 0.304003 3.76677 
-3.45895 -0.105185 3.85136 
-3.07664 0.846577 4.80377 
-2.80608 0.734051 3.84069 
-3.7931 0.857379 4.18814 
-1.55556 0.95846 3.54495 
-3.76885 0.843 4.58117 
-3.80225 0.374921 4.86288 
-0.904386 1.96163 3.57883 
-3.82314 -0.157629 4.48992 
-2.82146 0.862067 4.04366 
-3.83048 -0.13715 4.39922 
-0.611886 1.30286 4.56928 
-1.62227 1.96695 4.36927 
-3.8155 0.481078 3.80985 
