-1.49565 -3.29413 -0.298269 
-1.45909 -3.59009 -0.336089 
-2.21308 -2.90689 -0.315434 
-1.46214 -2.933 -0.135132 
-1.0041 -1.42172 1.47241 
-2.46377 -3.93883 0.0428304 
-2.20572 -2.93551 -0.328743 
-1.50153 -2.93998 0.0139749 
-1.47 -3.05156 0.673737 
-1.4799 -2.91306 -0.172434 
-2.24687 -3.93765 -0.318369 
-0.608349 -1.55047 1.47211 
-1.47964 -2.94867 0.174717 
-1.87528 -2.94662 -0.315374 
-2.2593 -3.94949 -0.335134 
-2.44938 -2.94626 0.497274 
-1.48446 -3.43677 -0.320025 
0.0145687 -1.23171 0.500149 
