1 5.03911 -1.45493 
1 -1.16138 1.53847 
1 6.39495 -2.08065 
1 -5.21764 3.47797 
1 -4.45873 3.12413 
1 -3.1961 1.64913 
1 1.38055 0.344253 
1 8.17515 -2.90146 
1 2.75248 -0.306228 
1 -4.38079 3.06396 
1 -10.9202 4.14841 
1 7.32342 -2.51157 
1 10.4724 -4.01847 
1 8.12713 -2.87882 
1 4.33543 -1.04481 
1 -2.00314 1.96328 
1 -6.32805 4.03407 
1 -4.22868 2.99565 
1 1.67892 0.188876 
1 -4.61305 3.18345 
1 -1.80989 1.82354 
1 10.2914 -3.91805 
1 9.53215 -3.58331 
1 2.99242 -0.418769 
1 2.23996 -0.067431 
1 -1.23625 1.54176 
1 -1.51438 1.74275 
1 -5.92272 3.80675 
1 -0.0713936 1.00562 
1 -4.7219 3.26017 
1 -2.0927 -0.613606 
1 8.50027 -3.06944 
1 8.47022 -3.04609 
1 -0.878174 1.39025 
1 4.67309 -0.904512 
1 4.246 -1.03681 
1 6.22394 -1.98026 
1 -4.77527 3.30019 
1 -2.3036 2.09075 
1 0.888821 0.554219 
1 3.86434 -0.883725 
1 -3.79749 2.77603 
1 0.577787 0.713476 
1 0.434528 0.776009 
1 6.80528 -2.28837 
1 -6.71486 4.1774 
1 3.6396 -0.776329 
1 1.30841 1.35181 
1 10.3072 -3.96615 
1 0.865207 0.31784 
1 -2.70923 2.25779 
1 3.0109 -0.432149 
1 -1.68013 1.12827 
1 -4.41005 3.0729 
1 4.64748 -1.19554 
1 2.85055 -0.383367 
1 8.23997 -2.94368 
1 8.69574 -3.17007 
1 -5.65586 3.69225 
1 2.77459 -0.317498 
1 -2.29241 2.06014 
1 -4.14716 2.96396 
1 -6.57927 2.7567 
1 -3.90575 2.8874 
1 -3.91463 2.84365 
1 4.70857 -1.26845 
1 6.91461 -1.63576 
1 -3.52967 2.6485 
1 10.5774 -4.06953 
1 7.96839 -1.34706 
1 -10.9646 4.17708 
1 5.32255 -1.55015 
1 6.80684 -2.27717 
1 1.20244 0.40844 
1 11.009 -4.26002 
1 0.405627 0.853832 
1 -1.41527 1.64522 
1 -4.88162 3.29657 
1 -2.85128 2.3615 
1 1.562 0.232401 
1 6.82985 -2.2832 
1 8.00519 -2.84836 
1 -6.56045 4.11967 
1 -1.49387 1.6885 
1 4.37149 -1.09599 
1 2.1518 -0.0217645 
1 0.466057 0.769342 
1 -1.81133 1.24555 
1 10.3498 -3.95893 
1 -5.62656 3.67378 
1 7.92846 -1.30797 
1 7.81288 -2.74311 
1 -1.07664 1.48081 
1 7.21375 -2.46267 
1 8.14324 -2.88942 
1 10.507 -4.02115 
1 10.2948 -3.93826 
1 1.77018 0.143855 
1 8.19858 -2.92084 
1 -0.216245 1.08958 
1 7.52459 -2.60024 
1 -2.46576 3.03695 
1 -0.113141 1.02867 
1 9.00532 -3.29595 
1 -3.59213 2.709 
1 7.86049 -2.73785 
1 0.34458 0.826204 
1 4.71626 -1.26742 
1 5.97533 -1.85278 
1 -0.773197 1.35306 
1 0.0218537 0.639161 
1 -5.56879 3.65328 
1 -5.11897 3.43714 
1 1.14743 0.453221 
1 9.56207 -3.60047 
1 -0.0224205 0.58353 
1 8.20103 -2.89871 
1 1.21384 1.33486 
1 -3.55645 2.68534 
1 -7.00121 2.89023 
1 -1.11599 1.51609 
1 -5.29677 3.47315 
1 -5.72213 3.71943 
1 4.8624 -1.33463 
1 5.43661 -1.60906 
1 -3.41919 2.60576 
1 -6.43204 4.07619 
1 9.60491 -3.57724 
1 8.52199 -3.05635 
1 -4.15993 1.92654 
1 1.28467 0.377058 
1 -5.44045 3.57291 
1 5.03837 -1.05568 
1 -1.67338 1.79842 
1 -0.418433 1.2169 
1 4.55822 -1.19115 
1 -6.04464 3.85583 
1 8.74727 -3.19211 
1 11.1605 -4.34185 
1 4.43556 -1.12283 
1 -2.21016 2.06304 
1 4.78562 -1.30661 
1 -0.120134 0.522725 
1 4.87243 -1.3494 
1 2.07465 0.00124823 
1 4.26868 -1.04474 
1 3.17661 -0.536421 
1 -6.49595 4.08882 
1 6.59305 -2.17177 
1 -6.66749 4.15546 
1 -11.0183 4.20119 
1 2.17943 -0.0906403 
1 7.1039 -1.74906 
1 -0.490267 0.33377 
1 -3.59664 2.69864 
1 10.5734 -4.02916 
1 1.29155 0.361323 
1 -0.823124 2.08448 
1 6.72647 -2.24048 
1 6.18593 -1.96092 
1 -0.273584 1.10695 
1 7.9857 -2.84026 
