1 -4.77071 -0.67446 
1 4.57286 -2.33411 
1 0.198192 -1.53672 
1 -1.51276 -1.23585 
1 -0.190602 -1.49044 
1 6.1551 -2.61649 
1 -4.9517 -0.59671 
1 -11.547 0.607085 
1 -7.22472 -0.175153 
1 3.94622 -2.17336 
1 -0.658724 -1.32434 
1 -7.59356 -0.0762202 
1 -1.29668 -1.23572 
1 -11.5936 0.663251 
1 4.03914 -2.25898 
1 0.440005 -1.58871 
1 -3.16587 -0.940089 
1 -1.44006 -1.24015 
1 -2.27302 -1.08978 
1 4.46968 -2.3764 
1 2.50251 -1.95414 
1 -1.00316 -1.3365 
1 1.25469 -1.7389 
1 2.23825 -1.94388 
1 -3.68173 -0.829557 
1 -10.1761 0.370017 
1 -2.19789 -1.03929 
1 6.38698 -2.69832 
1 5.99815 -2.58548 
1 3.61159 -2.12343 
1 5.54132 -2.50185 
1 3.16316 -2.10408 
1 -8.77013 0.0602694 
1 3.63234 -2.15443 
1 -5.61328 -0.507037 
1 0.682374 -1.61207 
1 -5.03524 -0.575135 
1 3.71536 -2.11527 
1 -7.90395 -0.110002 
1 -6.7256 -0.303735 
1 -9.98262 0.365494 
1 -6.0981 -0.384242 
1 -12.435 0.8054 
1 3.83991 -2.19131 
1 1.15574 -1.79969 
1 2.58963 -1.97878 
1 -9.76673 0.241894 
1 3.89907 -2.2176 
1 -6.45012 -0.394848 
1 -1.07825 -1.35708 
1 -5.48957 -0.510592 
1 -2.20342 -1.15653 
1 2.62982 -2.00212 
1 -0.759816 -1.37619 
1 1.72292 -1.86422 
1 1.84296 -1.85303 
1 -6.12995 -0.390264 
1 -3.33605 -0.8644 
1 -10.2772 0.427487 
1 -8.64942 0.0777489 
1 -1.76991 -1.15908 
1 -4.89264 -0.545863 
1 -2.29855 -1.09555 
1 -4.48943 -0.678565 
1 5.90464 -2.58258 
1 3.70859 -2.20991 
1 3.21635 -2.13771 
1 -3.47128 -0.877844 
1 -7.68468 -0.111847 
1 -12.3743 0.757114 
1 -0.139217 -1.43841 
1 -7.89834 -0.0504754 
1 -10.76 0.440909 
1 -10.7636 0.482238 
1 -12.858 0.84945 
1 -10.7788 0.412176 
1 -13.0078 0.850795 
1 -9.1041 0.134039 
1 3.31537 -2.08066 
1 -2.30133 -1.00756 
1 -0.0971804 -1.49999 
1 -4.76734 -0.625795 
1 -8.58659 0.0412796 
1 1.23825 -1.70494 
1 -5.75399 -0.496831 
1 -10.0674 0.294938 
1 -0.169756 -1.48328 
1 2.76783 -2.02114 
1 -10.567 0.416222 
1 4.20713 -2.28049 
1 -8.68109 0.0556103 
1 1.76162 -1.8153 
1 -10.2505 0.314035 
1 -0.792041 -1.37397 
1 -0.0019903 -1.537 
1 1.99532 -1.89883 
1 -5.69491 -0.408767 
1 -12.3752 0.715832 
1 -9.98723 0.3345 
1 -10.8799 0.475594 
1 -8.52505 0.0483424 
1 4.71084 -2.3804 
1 -3.3807 -0.914277 
1 -12.4326 0.745606 
1 -5.24885 -0.581871 
1 -2.19941 -1.11343 
1 -7.98143 -0.0876165 
1 -4.00992 -0.767273 
1 -3.12395 -0.981508 
1 0.444395 -1.6011 
1 1.29601 -1.73837 
1 -8.88474 0.128861 
1 5.49003 -2.56806 
1 4.44941 -2.37514 
1 -9.26269 0.182349 
1 -10.2337 0.373711 
1 -10.8154 0.43468 
1 -0.953159 -1.31917 
1 -2.63963 -1.07107 
1 -5.39352 -0.591627 
1 4.48349 -2.31604 
1 -6.61413 -0.334347 
1 4.8898 -2.40117 
1 -10.3208 0.394301 
1 -9.2324 0.211042 
1 -12.0097 0.749373 
1 0.188109 -1.53767 
1 -7.71017 -0.112264 
1 5.95266 -2.59376 
1 -9.19076 0.17879 
1 -1.58195 -1.23994 
1 -12.9865 0.872567 
1 -0.75034 -1.41438 
1 -10.2609 0.3466 
1 2.45419 -1.9545 
1 -2.75908 -1.02542 
1 -0.39306 -1.42563 
1 -7.92703 0.043418 
1 4.38107 -3.36636 
1 -12.7678 0.887805 
1 -10.649 0.438779 
1 4.60721 -2.33776 
1 4.04359 -2.2907 
1 -2.91363 -0.941389 
1 -7.15586 -0.217417 
1 -1.46469 -1.23815 
1 -0.838309 -1.36573 
1 -11.2945 0.540487 
1 -8.91051 0.182905 
1 -0.263082 -1.47943 
1 0.253478 -1.55066 
1 4.08638 -2.29247 
1 -7.53859 -0.115611 
1 -9.75854 0.263078 
1 4.46862 -2.27419 
1 5.80202 -2.55289 
1 -11.167 0.526886 
1 -12.8178 0.816477 
1 -6.1451 -0.37851 
1 -6.35782 -0.352926 
1 3.3664 -2.17609 
1 -1.33529 -1.24322 
1 -3.74946 -0.785202 
1 1.47857 -1.77033 
1 4.90458 -2.80488 
1 -9.63234 0.255659 
1 6.17513 -2.65185 
1 -10.4703 0.428104 
1 -10.242 0.392644 
1 -4.30708 -0.730528 
1 -6.70546 -0.32149 
1 -2.3302 -1.09928 
1 -6.02997 -0.421187 
1 -13.0148 0.909515 
1 -6.26666 -0.367069 
1 -6.13237 -0.417477 
1 -10.3182 0.421325 
1 -4.0945 -0.767238 
1 1.9702 -1.85952 
1 -7.45537 -0.144607 
1 -2.58165 -1.01667 
1 -8.71007 0.157947 
1 6.56037 -2.68647 
