-0.445319 -0.697865 -0.738745 
-0.982442 0.115724 0.501952 
-2.00074 0.439558 1.46675 
-1.68669 0.709871 1.47437 
-1.96477 -0.239168 1.49189 
-1.11513 -0.25775 1.49607 
-1.66396 -1.10049 -0.690671 
-1.9588 -0.255361 0.496471 
-0.295079 1.74431 0.64564 
-1.00815 0.107627 1.48284 
-1.98864 0.477952 0.477965 
-1.99251 -0.263155 0.849123 
-1.98544 0.144727 0.482138 
-1.99797 -0.248563 1.01812 
-1.98923 -0.103754 1.48918 
-1.66941 -1.07358 0.177721 
-1.98269 0.726044 1.11627 
0.955049 0.43892 -0.984235 
-1.9927 -0.275843 0.475716 
-0.674509 -0.485711 0.177015 
-1.14568 -0.0310218 -0.824481 
-0.969061 0.735831 1.44781 
-1.0083 0.761828 1.01765 
-1.98467 0.0204691 0.483429 
-1.83148 0.743019 1.49921 
-0.681114 -0.813055 0.190944 
-0.996489 0.717382 0.47921 
-1.96995 -0.225144 0.815828 
-1.97305 -0.248257 1.3615 
-1.99206 0.742311 0.496605 
-1.2797 -1.05442 -0.824775 
-0.991499 0.218161 0.471429 
-1.19329 -0.281845 1.46256 
1.16699 1.45629 -0.521455 
-0.978436 0.678556 1.47357 
-1.47968 0.730199 0.494847 
-1.0006 -0.220658 0.833077 
-1.00859 -0.264996 1.00743 
-2.00608 0.168415 1.47798 
-1.75977 0.763399 1.53641 
-1.9878 0.70317 0.799306 
-1.95831 0.379442 0.482434 
-1.11025 -0.311085 0.468639 
-1.98225 0.700335 1.50033 
-1.02262 0.276766 1.44852 
-1.16536 -0.238685 1.5237 
-1.62639 -0.20792 -0.793234 
-1.97436 -0.0223988 1.48797 
-1.97982 -0.272927 1.1565 
-0.970356 0.731315 0.617373 
-0.986939 -0.262782 0.70766 
-1.00616 -0.225025 0.547771 
-1.13249 -0.299376 0.470122 
-1.96871 -0.174737 1.50685 
-1.14189 -0.240201 1.49308 
-0.818287 -0.0641259 0.157005 
-1.98674 -0.269868 1.09109 
-0.652524 -0.33281 0.177558 
-2.0019 0.714919 1.17954 
-1.30965 0.738773 1.47944 
-1.9869 -0.2752 0.779746 
-1.96891 -0.274622 1.37115 
-1.52334 -0.258559 0.478297 
-1.41927 -0.275962 0.472425 
-1.97316 0.756753 0.761999 
-1.64542 -0.25509 1.50084 
-1.80379 0.727582 0.477845 
-0.635192 -0.0693166 0.00192597 
-1.99999 0.762572 1.09969 
-1.55586 -0.0912467 -0.799869 
-1.98521 0.695161 1.46187 
-1.97653 -0.291043 0.605753 
-0.629944 -0.430464 0.198376 
-1.832 -0.58343 -1.44032 
-1.41107 -0.248156 0.497625 
-2.00461 -0.246177 1.25217 
-0.966047 -0.27393 0.576575 
-2.00251 0.142486 1.45383 
-1.98117 0.713691 1.33591 
-0.759983 -0.0309278 -0.801152 
-1.00257 0.215804 1.46264 
-0.992823 -0.285807 1.14385 
-1.96811 -0.251114 1.33968 
-1.95431 -0.0487472 1.50748 
-0.97467 0.780884 0.634045 
-1.00027 0.112368 0.472332 
-1.49579 0.723843 0.510278 
-0.978049 0.0643144 1.49928 
-1.04077 0.739759 0.501056 
-1.14473 -0.241087 0.476146 
-0.961 0.474705 0.50596 
-1.07918 -0.259168 1.46664 
-2.00169 0.459301 1.49357 
-0.977744 0.129397 1.50924 
-0.980808 0.72233 1.41739 
-0.975682 0.179114 0.498884 
-1.27815 0.728644 0.51393 
-1.08577 -1.04018 -0.794436 
-1.99115 0.103816 0.506686 
-1.12377 -0.268508 1.46118 
-0.974996 0.405444 1.49764 
-0.977392 -0.0836877 1.49193 
-1.55896 -0.286622 1.49093 
-0.978026 0.200549 1.53866 
-1.96498 0.669773 1.49844 
-1.54418 -0.0814109 -0.807537 
-0.646939 -0.279717 0.192367 
-1.98762 -0.259981 1.09453 
-1.00686 -0.272693 0.934874 
-1.03529 -1.07423 0.175017 
-1.85494 0.74202 0.505785 
-1.62948 -0.78744 -0.79119 
-0.995254 -0.135975 0.487916 
-0.97134 0.771872 0.875231 
-1.61463 -1.0411 -0.702384 
-1.80641 0.752685 1.50353 
-0.648729 -1.05108 -0.793385 
0.155845 1.76791 -0.361763 
-0.979501 -0.268442 1.32852 
-1.94714 0.11022 1.50369 
-1.00234 0.765915 0.510864 
-1.96532 0.471027 1.49521 
0.928452 1.45586 -0.54583 
-2.00433 -0.296399 1.23401 
-0.961929 0.0877831 0.50257 
-0.963269 0.762793 1.29043 
-1.9912 0.577973 1.4886 
-1.99171 0.757165 0.660658 
-0.642685 -1.03735 -0.780693 
-1.95974 0.722544 1.4827 
-1.38266 -1.04159 0.184914 
-1.99044 0.738372 0.568688 
-0.98648 0.429588 1.49544 
-0.989626 -0.273869 0.483425 
-0.980051 0.770208 0.968881 
-1.98014 -0.0623355 1.47266 
-0.644312 -0.98737 0.175679 
-1.65731 -0.818434 -0.803538 
-0.989679 0.475497 0.519391 
-0.984047 0.723668 0.712117 
-1.96339 0.725543 0.495389 
-1.64831 0.745486 0.493008 
-0.976928 0.139836 0.466712 
-1.97676 0.122374 1.48673 
-1.79639 -0.26958 0.5052 
-0.979312 0.2869 1.49363 
-1.98919 -0.264588 0.669942 
-0.998556 0.741253 0.744765 
-0.966479 -0.257192 1.13989 
-1.96524 -0.270354 0.595359 
-1.99208 0.753242 1.16846 
-0.975905 0.444291 1.50772 
-1.60998 -0.0412381 0.210215 
-0.986351 0.121509 0.46228 
-1.94672 -0.262249 0.98773 
-1.55911 -0.263026 1.46728 
-0.997259 -0.273714 1.00272 
-0.998523 0.739525 0.780309 
-0.972186 0.0628285 0.510298 
-1.96865 0.728569 1.05505 
-1.50764 -0.0220622 -0.780096 
-0.996063 -0.253576 0.559547 
-1.97844 -0.254626 1.42088 
-1.97916 0.697376 1.51393 
-1.47083 -0.264954 1.49035 
-0.960919 -0.260748 0.792516 
-1.96855 -0.298438 1.43772 
-0.979367 -0.130873 1.47102 
-1.92578 -0.271198 1.495 
-1.13547 0.750055 1.50406 
-1.99446 0.722141 1.50862 
-0.972335 0.747577 0.640546 
-1.99338 0.750015 1.2862 
-0.980247 0.736714 0.90025 
-0.982231 0.751488 1.26487 
-1.81131 -0.596833 -1.2772 
-1.03602 -0.0557188 0.202725 
-1.82446 0.781245 0.516242 
-0.978529 -0.278886 1.14456 
-1.99077 -0.289095 0.556756 
-1.97068 -0.215639 1.49083 
-1.62148 0.0173576 -0.506583 
-1.60492 0.749613 0.481374 
