1 -6.753 -0.93855 
1 7.16281 6.09148 
1 8.91215 7.02406 
1 9.61965 4.93448 
1 -1.01156 1.1023 
1 -3.63348 0.201047 
1 3.84891 3.10586 
1 4.54332 3.11009 
1 1.56473 2.05641 
1 -1.93748 0.803132 
1 -4.97817 -0.286355 
1 -3.00007 0.76581 
1 2.79889 2.4902 
1 -8.2249 -1.44426 
1 6.3953 3.77326 
1 -2.39038 1.02535 
1 6.34554 3.74407 
1 -0.60119 1.2516 
1 -0.66615 1.28201 
1 -0.981483 1.14645 
1 9.35688 4.83496 
1 6.15055 3.68955 
1 8.03817 4.33675 
1 3.80016 3.02733 
1 8.19484 4.4088 
1 -8.63678 -1.56514 
1 -5.75434 -0.59491 
1 -2.88481 0.863088 
1 0.691503 1.73448 
1 8.09773 4.37391 
1 9.2882 4.80183 
1 7.08954 4.01595 
1 8.57539 4.52939 
1 -5.40682 -2.7307 
1 1.80461 2.13969 
1 -2.48576 0.612996 
1 2.94861 2.51422 
1 -7.70517 -1.25888 
1 0.890613 1.79513 
1 -4.67379 -0.158097 
1 -4.10883 0.0408655 
1 5.67313 4.14018 
1 8.79736 7.00316 
1 4.91879 3.25063 
1 -4.28123 -0.0370696 
1 -5.41392 -0.424991 
1 -1.13041 1.06584 
1 -7.52619 -1.18402 
1 -6.35362 -0.759417 
1 9.64441 4.89941 
1 -0.743456 1.98788 
1 -3.93711 0.063102 
1 4.37239 4.62803 
1 4.75589 5.19219 
1 -4.27166 -0.0296789 
