1 -0.618857 -11.1638 
1 -0.595616 -11.236 
1 -0.121951 3.31756 
1 -0.00679482 5.36268 
1 0.00706542 5.76138 
1 -0.34714 -4.04498 
1 -0.484106 -6.95803 
1 -0.592139 -10.8519 
1 -0.276667 -2.49372 
1 -0.0999519 3.20384 
1 -0.0519682 3.75737 
1 -0.384962 -5.16751 
1 -0.0305591 4.53734 
1 -0.149591 0.953003 
1 -0.156766 1.64835 
1 -0.0326701 4.29513 
1 -0.0554792 3.88741 
1 0.0171162 6.05132 
1 -0.268603 -1.48071 
1 -0.333801 -3.09079 
1 -0.287454 -2.28195 
1 0.0476884 6.83799 
1 -0.105578 2.28829 
1 -0.491021 -7.94808 
1 0.0303501 6.5015 
1 -0.0668484 3.7931 
1 -0.0525915 3.89674 
1 -0.602605 -10.7674 
1 -0.638198 -11.1537 
1 -0.362949 -4.33758 
1 -0.541019 -9.09603 
1 -0.569936 -10.6241 
1 -0.638729 -11.372 
1 -0.108201 2.37102 
1 -0.016393 5.19423 
1 -0.278763 -1.7295 
