1 -3.41237 -1.97976 
1 1.07947 0.561557 
1 5.78455 3.22074 
1 -1.7406 -1.0502 
1 -4.85875 -2.79858 
1 8.11887 4.50267 
1 6.93946 3.88514 
1 9.64395 5.37976 
1 8.38701 4.67833 
1 3.83539 2.11364 
1 0.656756 0.37463 
1 -7.18901 -4.1811 
1 6.63142 3.69727 
1 5.708 3.17417 
1 9.11394 5.13942 
1 8.70762 4.83873 
1 5.17149 2.84062 
1 2.61135 1.39816 
1 0.414987 -1.16339 
1 -1.29575 -0.820818 
1 7.41133 4.12739 
1 2.95529 1.60085 
1 1.09344 0.537686 
1 8.59917 4.82481 
1 -2.33721 -1.38484 
1 2.31686 1.09195 
1 -2.9532 -1.74077 
1 -0.0915791 -0.120015 
1 -0.193253 -0.188202 
1 5.88467 3.23063 
1 -3.85764 -2.26325 
1 0.791073 1.78667 
1 3.52177 1.93134 
1 5.79779 3.24396 
1 2.16707 1.16712 
1 -1.03625 -0.676462 
1 -6.42572 -3.73739 
1 0.549112 -0.233395 
1 0.481878 0.648442 
1 9.64567 5.37931 
1 -0.578345 -0.395996 
1 7.09418 3.98996 
1 2.95388 1.59287 
1 -2.51893 -1.48194 
1 -0.767176 -0.497726 
1 2.93793 1.6229 
1 8.69744 4.88238 
1 2.29481 1.0078 
1 5.56447 3.08235 
1 -1.07914 -0.678237 
1 7.71046 4.33428 
1 3.98219 2.19401 
1 8.97556 5.02057 
1 7.0439 3.94448 
1 -0.52142 -0.390948 
1 8.09299 4.52565 
1 -2.81724 -1.65134 
1 8.55734 4.77774 
1 6.222 3.42981 
1 5.83278 3.23323 
1 -6.59933 -3.8235 
1 5.86485 5.9318 
1 -2.10675 -1.26035 
1 2.45683 1.31919 
1 9.03454 5.08526 
1 -2.66449 -1.58957 
1 -0.757454 -0.475066 
1 9.70795 5.42491 
1 -0.850516 -0.549306 
1 7.81167 4.35338 
1 -6.23841 -3.5882 
1 -3.32508 -1.95488 
1 0.394473 0.168531 
1 -0.0642181 -0.0881276 
1 3.76959 2.06093 
1 1.56369 -0.641834 
1 -2.39588 -1.42362 
1 8.00944 4.47298 
1 -5.0735 -2.95081 
1 -6.38134 -3.6833 
1 8.94248 5.00549 
1 7.81007 4.39265 
1 4.18244 2.32089 
1 8.58849 4.78353 
1 -3.16425 -1.85247 
1 3.9382 2.17109 
1 -7.02268 -4.02178 
1 6.54858 3.65981 
1 -1.27296 -0.75279 
1 -6.94625 -4.03949 
1 5.84808 3.22823 
1 -0.882388 -0.547427 
1 6.55252 3.64311 
1 1.80988 0.970699 
1 3.32527 1.81946 
1 -0.562197 -0.413673 
1 3.79405 2.07111 
1 -4.34878 -2.53484 
1 8.88449 4.97632 
1 4.98923 2.78289 
1 -0.354087 -0.266941 
1 -2.66327 -1.60035 
1 -0.2431 -0.216249 
1 6.74316 3.76165 
1 2.93459 1.615 
1 -4.06436 -2.38316 
1 -4.97326 -2.91423 
1 5.57424 5.38166 
1 -1.63657 -0.968413 
1 7.46685 4.18783 
1 8.26405 4.65214 
1 -4.29838 -2.49922 
1 -0.501945 -0.367091 
1 5.34809 3.00281 
1 2.45771 1.28302 
1 -4.22968 -2.47996 
1 7.15951 3.9863 
1 1.17202 0.603838 
1 2.34831 1.26491 
1 2.61056 0.264192 
1 3.18638 1.72961 
1 -6.24759 -3.61963 
1 -6.84231 -3.93702 
1 -2.53754 -1.49448 
1 0.775583 0.365368 
1 -4.61189 -2.68498 
1 4.65287 2.57597 
1 -2.81996 -1.65837 
1 1.40687 0.765013 
1 6.52671 3.60346 
1 9.10958 5.10645 
1 4.32953 3.17043 
1 -5.79066 -3.36044 
1 -5.90506 -3.40869 
1 -4.81453 -2.81598 
1 0.596528 0.0557854 
1 0.699006 0.705048 
1 0.907088 0.41368 
1 6.03216 3.38745 
1 0.299767 0.104068 
1 -3.19444 -1.90459 
1 7.36061 4.12287 
1 7.28434 4.09448 
1 7.70073 4.30107 
1 -3.98636 -2.31351 
1 3.02634 1.67809 
1 -3.76968 -2.18865 
1 8.18506 4.57684 
1 -0.681388 -0.449529 
1 -2.46532 -1.45578 
1 -6.27308 -3.63437 
1 -2.63529 -1.55 
1 -1.64782 -0.991615 
1 4.94781 2.80686 
