-4.43812 4.79708 2.24545 
-3.47111 3.78266 2.49086 
-4.24462 3.81636 2.27323 
-4.45213 4.48959 3.2346 
-3.46084 3.81614 3.25495 
-4.44135 3.76216 2.47193 
-3.43698 3.75009 2.39999 
-4.47499 4.14428 3.28964 
-4.45855 4.07639 3.23635 
-4.43096 4.73028 2.88881 
-3.44012 3.73277 2.94717 
-4.44147 3.77053 2.59327 
-4.4288 3.96237 3.24309 
-4.45488 4.77617 2.81521 
-3.63458 3.74892 2.22878 
-3.62297 3.76125 2.24922 
-3.45372 4.25552 2.25269 
-3.9843 4.76019 3.26586 
-4.49242 4.19717 2.26679 
-4.4353 3.73604 2.59882 
-3.49895 3.80118 2.41261 
-3.46118 3.76364 2.90151 
-4.48637 4.78702 2.28455 
