0.579212 1.48874 2.21184 
-1.84143 -0.305693 0.975466 
-0.80528 -0.465677 0.559415 
-1.68416 -0.271152 0.552988 
-0.822704 -0.277026 1.00794 
-2.00437 1.23168 2.28351 
-0.822266 -1.23088 1.54005 
-1.8062 -1.04462 0.545213 
-1.7852 -0.247837 0.533989 
-0.779937 -0.262829 1.27327 
-1.69178 -0.239869 0.54096 
-1.8294 -0.520916 0.530513 
-0.905359 -0.257415 0.545846 
-1.48447 1.23293 2.27944 
-1.80609 -0.451573 0.553416 
-1.79155 -1.26441 1.51204 
-1.82867 -0.887354 0.543168 
-1.80822 -0.627051 1.5512 
-1.63475 -1.24154 1.54288 
-1.83425 -1.16573 0.543954 
-0.625798 -0.0421941 0.883816 
-0.903254 -0.272745 1.54246 
-0.805413 -0.839697 1.5351 
-1.38577 0.773302 2.27211 
-1.10038 -1.24747 1.55486 
-0.810417 -0.27467 0.821958 
-1.80309 -0.605352 0.537961 
-1.52883 -1.05857 1.18997 
-0.817537 -0.244606 0.722563 
-0.804106 -0.580179 0.558344 
-1.09938 -0.250288 1.54423 
-1.7978 -1.26738 0.556293 
-1.84116 -0.276664 1.33122 
-1.24966 -0.271999 0.557427 
-0.780156 -0.26338 0.666478 
-0.809373 -1.22416 1.51216 
-1.53822 -1.27262 0.558577 
-0.789792 -1.22167 1.54473 
-0.808116 -1.24319 0.617476 
-0.842873 -0.82027 1.55761 
-1.84089 -0.281354 1.113 
-1.82398 -1.29976 0.657526 
-1.84229 -1.22943 1.21434 
-0.805786 -0.961013 0.540542 
-0.831234 -0.281106 0.961996 
-1.79393 -1.24835 1.02914 
-0.818663 -0.51037 0.557033 
-1.40361 0.20247 1.67927 
-1.60799 -0.285119 1.53936 
-0.82465 -0.273168 0.631182 
-0.567596 -0.828176 0.782502 
-1.64689 -0.227929 0.542809 
-1.80778 -0.259312 1.05977 
-2.00954 1.19025 2.27813 
-1.83301 -0.778674 0.548257 
-2.38019 0.958372 2.29932 
-2.20287 1.18527 2.27992 
-0.946018 -1.26755 1.54841 
-1.82436 -0.254711 0.996875 
-2.38976 0.181339 1.86579 
-1.82006 -0.673247 1.54451 
-1.50733 -0.26008 0.545505 
-1.83438 -1.26071 1.47173 
-0.957713 -0.272135 0.554834 
-0.836174 -0.888547 0.530735 
-0.786937 -0.242751 1.39386 
-2.41271 1.21789 2.01404 
-0.819181 -0.212253 0.917822 
-0.821458 -1.26858 1.36879 
-1.80763 -0.747639 0.557441 
-1.82642 -0.46101 0.542065 
-1.80798 -0.76853 1.55949 
-1.82391 -1.18673 0.557191 
-2.13476 0.197444 2.30425 
-1.17259 -0.264456 1.55325 
-0.82212 -1.133 1.54556 
-0.793764 -0.609441 1.56447 
-0.811502 -1.273 0.792716 
-1.36301 -0.281427 0.552773 
-0.828279 -0.255492 0.983441 
-1.83672 -1.07898 0.533095 
-1.80751 -0.236366 0.92662 
-0.824866 -0.247203 1.28339 
-1.41334 -0.261348 1.53962 
-0.912079 -1.24533 0.527681 
-1.40221 0.243773 1.28518 
-1.22967 -1.25989 1.55449 
-1.48375 -1.27234 1.54378 
-1.7892 -0.24359 0.772097 
-0.802767 -1.25211 0.695622 
-0.836841 -0.255864 0.551296 
-1.38813 -1.27326 0.547923 
-0.822954 -0.587996 1.5444 
-1.56387 -1.25456 0.542282 
-1.57325 -0.0446737 1.07064 
-1.12906 -1.23732 1.55355 
-1.63631 -1.26333 0.558323 
-1.31962 -0.248235 1.55117 
-1.28319 -0.24131 1.54403 
-1.04725 -1.27686 0.547956 
-0.827461 -0.759964 0.555528 
-0.788376 -1.23526 1.53765 
-1.54103 -1.27819 0.567436 
-0.50422 -0.711505 1.76208 
-1.61205 -1.25566 0.545264 
-0.857594 -1.24828 1.50884 
-1.78497 -1.30361 0.541723 
-1.42701 0.225198 1.95964 
-2.41948 0.225461 2.25421 
-1.04122 -0.248244 0.555046 
-0.812859 -0.466382 0.563376 
-0.805144 -0.405185 0.568805 
-2.38844 0.225783 2.27666 
-0.968024 -0.0350526 0.790287 
-1.83423 -1.29979 1.19808 
-1.85709 -1.26787 1.43237 
-0.81215 -0.275633 0.715226 
-1.40035 0.535725 2.27336 
-1.81783 -0.386145 1.54508 
-1.38402 0.899866 1.28372 
