-0.144421 1.82361 -3.32049 
-0.732241 1.8341 -2.30969 
-0.96893 1.81672 -2.57524 
-0.941577 1.29202 -3.30959 
-0.962842 0.839521 -2.51715 
-0.958395 0.882329 -3.30724 
-0.96709 0.838415 -2.95747 
-0.968679 0.827425 -2.5589 
-0.966694 0.82171 -2.99346 
-0.825363 1.81749 -2.32607 
-0.967584 1.623 -3.30727 
0.0374824 1.0568 -2.32498 
0.051352 0.912259 -3.30618 
-0.993974 1.83208 -2.68901 
-0.983231 1.33717 -3.33027 
0.0108361 1.84382 -3.00201 
0.023128 1.8263 -3.04102 
-0.96517 0.815348 -3.20906 
-0.706782 1.8291 -2.33143 
-0.713023 0.828276 -3.32706 
-0.0298955 0.83414 -3.34522 
0.0171741 1.1538 -3.32412 
-0.286713 1.83743 -2.29323 
0.0438344 0.840762 -2.74005 
0.0185295 1.53827 -3.33747 
0.00850235 1.82475 -2.56559 
-0.825306 1.81355 -2.30854 
-0.842305 0.841889 -2.32401 
0.0468046 1.80662 -3.30848 
-0.449725 1.83347 -3.31365 
0.180371 4.8045 -2.39175 
-0.963817 1.62745 -2.31944 
0.02848 1.82383 -3.23379 
0.0074426 1.51118 -3.34149 
0.0308131 1.73009 -3.32731 
-0.973425 1.83277 -3.30282 
-0.926969 0.802409 -2.29777 
-0.979633 0.838314 -2.5612 
-0.180498 1.82099 -3.32045 
0.0396717 0.827976 -2.97232 
-0.52994 0.838371 -2.29495 
0.0326912 1.20864 -3.32905 
0.0350745 0.841197 -2.86411 
0.0365121 1.11651 -2.31671 
0.0504666 0.828396 -2.35049 
0.0157065 0.828115 -2.46285 
0.491959 5.07511 -3.36239 
-0.21119 0.808731 -2.33244 
-0.259988 1.83924 -2.32989 
0.174112 4.77595 -3.38872 
-0.977071 1.54825 -2.32272 
-0.995255 1.7989 -2.3548 
