1 -10.8223 0.905455 
1 5.53246 0.128503 
1 6.81734 1.46306 
1 3.48069 0.512986 
1 5.05351 0.499489 
1 7.57982 0.426069 
1 0.383534 0.610358 
1 4.57853 0.49542 
1 -11.4614 0.94101 
1 -10.7274 0.888295 
1 2.0751 0.914604 
1 7.81823 0.444773 
1 -0.346546 0.64444 
1 5.02561 0.497769 
1 -11.5029 0.929401 
1 6.42551 1.02397 
1 -8.68563 0.825615 
1 -0.841471 0.679352 
1 -2.95296 0.686697 
1 5.16645 -0.297889 
1 6.54281 0.467349 
1 7.08028 1.73619 
1 5.04929 0.495459 
1 -2.06458 0.694617 
1 -8.52821 0.852912 
1 3.9327 0.517462 
1 5.8751 0.444546 
1 -4.77705 0.73501 
1 0.457626 0.645683 
1 -11.3301 0.895563 
1 -3.11957 0.701394 
1 1.33132 0.59852 
1 -5.95495 0.761073 
1 -9.301 0.817543 
1 5.9795 0.43049 
1 -9.46796 0.868988 
