1 -3.21024 4.33288 
1 -3.81738 5.07348 
1 -5.36322 7.059 
1 -6.18374 8.06409 
1 -6.70713 8.75795 
1 -2.1177 2.98697 
1 -3.29904 4.49641 
1 -5.6887 7.49012 
1 -6.39843 8.3884 
1 -4.89415 6.43578 
1 -5.27999 6.97043 
1 -5.52955 7.2771 
1 -0.102574 0.387301 
1 -3.2725 4.40489 
1 -6.51716 8.53053 
1 -5.18611 6.83374 
1 -5.85617 7.69942 
1 0.191578 0.0957259 
1 0.388631 -0.212249 
1 -3.24191 4.427 
1 -4.13785 5.51956 
1 -2.66188 3.69802 
1 -1.70202 2.47494 
1 -3.15413 4.30644 
1 -6.80357 8.859 
1 -3.36997 4.60777 
1 -6.69587 8.70642 
1 2.06827 -2.28842 
1 -6.0042 7.8477 
1 0.349706 -0.139246 
1 -6.24212 8.21051 
1 -6.38418 8.33196 
1 -0.723207 1.25305 
1 -5.32468 7.01684 
1 -4.29029 5.71828 
1 -2.62173 3.6651 
1 -4.65191 6.20857 
1 -2.93639 3.99326 
1 -4.56795 6.0515 
1 -5.08991 6.75719 
1 -5.33789 7.03319 
1 -6.3132 8.24707 
1 -6.72237 8.7646 
1 3.31253 -1.47954 
1 -1.97444 2.77095 
1 -6.23296 8.16908 
1 -6.11193 7.99273 
1 -5.37674 7.10757 
1 -1.24992 1.93575 
1 -5.61088 7.40655 
