1 2.10447 -2.31993 
1 -3.21024 4.33288 
1 -5.59883 4.30951 
1 -3.81738 5.07348 
1 -5.36322 7.059 
1 -6.18374 8.06409 
1 -1.5914 2.34838 
1 -2.08459 2.97522 
1 -6.70713 8.75795 
1 -2.1177 2.98697 
1 -3.29904 4.49641 
1 -2.25844 3.14164 
1 2.65819 -3.02547 
1 5.19191 -6.20608 
1 -5.6887 7.49012 
1 1.64596 -0.40609 
1 -1.55977 2.32458 
1 -5.33076 7.08186 
1 -6.39843 8.3884 
1 -4.89415 6.43578 
1 2.77433 -3.15924 
1 -5.27999 6.97043 
1 -2.75803 3.82377 
1 -1.09151 1.65806 
1 -1.91692 2.72504 
1 1.56387 -1.6309 
1 2.88083 -3.25752 
1 1.47846 -1.56332 
1 -1.52977 2.26092 
1 3.70122 -4.33712 
1 -1.62457 2.33921 
1 -5.52955 7.2771 
1 -0.102574 0.387301 
1 5.01682 -5.98077 
1 -0.108244 0.442923 
1 5.5518 -6.67195 
1 4.5784 -5.46502 
1 -3.96202 5.26886 
1 0.667802 -0.557646 
1 -0.0439562 0.350645 
1 -0.446942 0.898095 
1 -3.25292 4.4232 
1 -0.360852 0.78271 
1 -2.04381 2.89486 
1 -3.2725 4.40489 
1 -3.38676 4.53772 
1 -0.407037 0.850925 
1 -2.95369 4.03641 
1 -6.51716 8.53053 
1 0.438579 -0.252896 
1 4.5752 -5.48073 
1 2.3302 -2.63488 
1 -5.18611 6.83374 
1 3.79128 -4.42083 
1 1.67586 -1.76612 
1 1.61068 -1.69878 
1 5.41728 -6.49601 
1 -5.85617 7.69942 
1 0.191578 0.0957259 
1 0.388631 -0.212249 
1 -1.96838 2.80397 
1 0.299065 -0.0476141 
1 -0.68465 1.16247 
1 -1.31965 1.93765 
1 -2.06759 2.91565 
1 4.99579 -5.94957 
1 -3.24191 4.427 
1 -3.9953 5.39118 
1 5.36191 -6.4191 
1 -1.32202 1.96515 
1 -4.13785 5.51956 
1 3.65664 -4.2398 
1 -2.66188 3.69802 
1 -1.70202 2.47494 
1 -0.263481 0.650635 
1 5.07512 -6.03335 
1 3.18151 -3.71218 
1 2.0375 -2.21395 
1 3.03016 -3.51361 
1 4.82818 -5.75588 
1 4.85049 -5.83637 
1 -3.15413 4.30644 
1 2.18515 -2.42701 
1 -1.07851 1.65068 
1 -6.05731 4.58183 
1 -3.81942 5.12415 
1 -6.80357 8.859 
1 3.5986 -4.23428 
1 1.38298 -1.45356 
1 -3.36997 4.60777 
1 -6.69587 8.70642 
1 -2.3746 3.332 
1 -1.7348 2.47498 
1 2.06827 -2.28842 
1 -6.0042 7.8477 
1 -2.39909 3.35058 
1 -5.55667 7.26496 
1 0.735142 -0.60675 
1 -3.22004 4.39843 
1 2.71097 -3.10046 
1 0.694748 -0.561655 
1 -3.67379 4.93163 
1 -2.97932 4.04533 
1 0.349706 -0.139246 
1 -6.24212 8.21051 
1 -6.38418 8.33196 
1 3.42819 -4.02444 
1 -4.71803 6.25986 
1 0.940365 -0.862553 
1 -0.383288 0.790096 
1 5.43612 -6.53899 
1 5.11699 -6.11241 
1 3.34169 -3.85958 
1 -0.723207 1.25305 
1 -0.616992 1.10895 
1 -0.0784863 0.40417 
1 -2.22116 3.11145 
1 -0.0417985 0.382379 
1 -1.81587 2.57041 
1 3.40459 -3.90973 
1 -5.32468 7.01684 
1 -2.34268 3.2377 
1 -2.11594 3.01313 
1 -5.9604 7.80679 
1 -0.0951826 0.443821 
1 -4.29029 5.71828 
1 1.24527 -1.27855 
1 3.61609 -4.20665 
1 4.32849 -5.17989 
1 -2.62173 3.6651 
1 -0.225243 0.624856 
1 2.94662 -3.39464 
1 2.37219 -2.67129 
1 -1.66407 2.44025 
1 2.3492 -2.68324 
1 4.80608 -5.69954 
1 -0.748017 1.26108 
1 -4.65191 6.20857 
1 5.36987 -6.4456 
1 3.03255 -3.48789 
1 2.72652 -3.10315 
1 -2.93639 3.99326 
1 1.22557 -1.2382 
1 2.77215 -3.18051 
1 -2.9036 2.51279 
1 -0.900051 1.39925 
1 4.43046 -5.23819 
1 1.72472 -1.83519 
1 -1.78084 2.57762 
1 4.69415 -5.57953 
1 -4.04043 5.36584 
1 -2.61042 3.61276 
1 0.620703 -0.513972 
1 -4.56795 6.0515 
1 4.55326 -5.37876 
1 -5.08991 6.75719 
1 4.96313 -5.94269 
1 1.12746 -1.08703 
1 0.361873 -0.132024 
1 0.480244 -0.292208 
1 -6.08636 7.96948 
1 -5.33789 7.03319 
1 4.37743 -5.19094 
1 -6.3132 8.24707 
1 1.85698 -2.0338 
1 1.97266 -2.20678 
1 3.76115 -4.42547 
1 4.47783 -5.31358 
1 -2.29952 3.22208 
1 4.77496 -5.6631 
1 -3.12975 4.24291 
1 -1.61069 2.33631 
1 -1.58477 2.27012 
1 -6.72237 8.7646 
1 1.72446 -1.83547 
1 -3.45158 4.66637 
1 3.31253 -1.47954 
1 -0.407585 0.858793 
1 -1.97444 2.77095 
1 0.139941 0.182569 
1 -2.33336 3.2547 
1 5.41449 -6.48756 
1 2.83074 -3.2385 
1 -1.68525 2.49584 
1 -3.09081 4.20902 
1 -0.229044 0.605641 
1 2.42582 -2.73972 
1 -6.23296 8.16908 
1 -1.6211 2.36276 
1 -6.11193 7.99273 
1 -0.715304 1.18371 
1 -0.553338 1.01433 
1 -0.885512 1.44222 
1 3.44124 -4.00064 
1 -5.37674 7.10757 
1 4.81962 -5.76256 
1 -1.24992 1.93575 
1 2.04911 -2.25717 
1 -2.82888 3.86336 
1 -5.61088 7.40655 
