0.271034 -5.28661 -0.291411 
-0.730652 -4.42748 0.726362 
-0.396131 -4.45435 -0.281987 
-0.680095 -5.31729 0.208263 
0.289134 -4.41063 0.249403 
0.266783 -4.38074 0.136607 
-0.0130284 -4.409 -0.277248 
0.255819 -5.29965 -0.320104 
0.321781 -4.35685 -0.0831284 
-0.541218 -4.45969 -0.256479 
0.295992 -4.35749 -0.152345 
0.220058 -5.37014 -0.267099 
-0.767085 -5.49341 0.00215801 
-0.701572 -4.34055 -0.081887 
0.213583 -4.85184 -0.287838 
0.235968 -4.92316 0.719852 
0.240668 -5.44563 0.750837 
0.256825 -5.45823 0.209164 
0.126647 -4.40388 0.743797 
0.246745 -5.44755 0.520113 
-0.747839 -4.42576 -0.0693163 
0.330799 -5.06617 0.723886 
-0.725975 -4.68793 0.717995 
0.311081 -4.75882 0.71971 
-0.654715 -5.32412 0.690449 
0.259319 -5.40512 0.532097 
-0.759102 -4.42577 0.316836 
-0.15562 -4.30562 0.7054 
-0.719794 -4.41206 0.623551 
-0.151185 -5.34848 -0.272733 
0.294062 -4.42786 0.728321 
0.255023 -5.40436 -0.288664 
0.190387 -4.24164 0.718422 
-0.745246 -4.80473 -0.31023 
0.268634 -4.92203 0.734205 
-0.687826 -5.30568 0.540843 
0.327459 -4.25301 0.561521 
-0.693024 -5.32968 0.514965 
-0.700878 -4.78708 0.72075 
-0.181973 -4.36359 0.713356 
0.308183 -4.63853 -0.263382 
-0.345012 -5.35229 -0.259851 
-0.768737 -5.48556 -0.146177 
-0.714449 -4.41296 0.529998 
0.302198 -4.34596 -0.259976 
0.295648 -4.55092 0.737825 
-0.0957369 -4.31892 0.720561 
0.245468 -4.88144 -0.277876 
-0.716522 -5.32345 -0.0380036 
0.326167 -5.2227 0.717039 
0.295476 -4.34705 0.294483 
-0.268924 -5.46626 -0.291058 
0.240781 -5.44126 0.6759 
-0.238302 -4.3241 0.723932 
-0.531197 -5.45742 0.727785 
0.192717 -4.3719 -0.276339 
-0.723571 -4.40968 0.330291 
-0.240549 -4.47764 -0.28704 
0.336306 -4.46226 0.734432 
0.295886 -4.68343 0.73285 
0.00113428 -5.38458 -0.265703 
0.277763 -5.38977 0.701818 
-0.0323026 -5.57114 -0.262555 
