0.0972869 1.15732 1.10322 
-0.882572 0.507979 1.06978 
-0.889821 0.281837 0.833384 
0.0881945 1.19406 0.102178 
-0.813997 0.265705 0.0886178 
-0.912324 0.614706 1.07694 
0.0949158 0.54876 1.08189 
0.116116 1.08832 1.06667 
-1.30723 0.195354 -1.13297 
0.106662 1.26226 0.782315 
-0.872579 1.2562 1.06654 
-0.890374 0.466411 0.0880367 
-0.145147 0.271349 0.0955141 
-0.464551 1.27221 0.0923862 
0.0972317 0.393805 1.11261 
0.0815937 0.283917 1.04031 
-0.89642 0.272036 0.870674 
-1.36372 -0.381465 -0.729904 
-0.859616 1.25598 0.0730721 
-0.895525 0.290421 0.0762957 
0.0977269 1.26317 0.135396 
-0.899834 1.24356 0.0876797 
-0.899933 1.28816 0.396432 
-0.900282 0.660442 1.06988 
0.0995969 1.26025 0.448102 
0.0957091 0.649421 0.0739581 
-0.820396 1.27475 0.0852285 
-0.411115 0.281757 0.087183 
-0.914303 0.582842 1.10133 
0.0911858 0.259361 0.0826814 
-0.240892 1.24083 1.07425 
-0.892968 0.278849 0.0978927 
-0.837944 0.279259 1.0791 
-0.896439 0.274531 0.757433 
0.0875233 0.654132 1.07025 
-0.901097 0.753043 1.10071 
-0.895813 0.272985 0.50734 
-1.23795 -0.843494 -1.71938 
-0.0953261 1.2814 0.0878745 
-0.898544 0.270755 0.940342 
-0.63506 1.28393 0.0911446 
-0.11727 0.281644 1.07501 
-0.899714 0.261926 0.771254 
-0.572427 1.27931 0.08886 
-0.702109 0.265718 1.10678 
0.0958656 0.485883 0.0909761 
-0.255165 1.27453 1.08438 
0.0886527 0.933238 1.11963 
-0.894758 1.28093 0.93129 
-2.21573 -1.20068 -0.603995 
-0.462785 0.270881 1.06513 
0.112818 0.263955 0.769626 
-0.0394707 0.261061 0.0634665 
0.101713 0.262273 0.906122 
0.0973861 0.264458 0.376525 
-0.909284 1.26439 0.140371 
-0.887865 0.271685 0.385293 
-0.911407 1.21927 1.10522 
0.0985864 0.283149 0.104086 
-0.139974 1.29228 0.123079 
-0.312076 0.194407 -1.31169 
-0.914296 0.953446 1.07921 
-0.367791 0.268314 1.08281 
-0.900052 1.27348 0.665488 
0.093582 0.687389 1.06135 
0.0965207 0.26723 0.153786 
0.0966216 0.279601 1.06701 
0.00225968 0.283815 0.104913 
0.0897827 0.790439 0.107747 
-0.889658 0.260005 0.370557 
-0.910363 0.436583 1.11003 
0.0998336 1.27508 0.568833 
-0.904807 1.27881 0.402398 
-0.301283 0.00477668 -0.727749 
-0.896463 0.288531 0.526338 
-0.892848 0.291372 0.477696 
-0.693832 0.257715 1.10055 
0.118286 1.28628 0.386951 
0.113499 0.25118 0.419812 
-0.894545 1.2862 0.54107 
0.110643 1.28073 0.517533 
0.0940704 0.277327 0.128697 
-0.217537 1.28504 1.09797 
-0.185133 1.26898 1.10267 
-0.909906 1.25697 0.617038 
0.102462 0.919777 1.08609 
0.0602121 0.279594 1.09039 
-0.89907 0.87152 1.09131 
0.10209 0.513207 1.10481 
-0.087276 1.2861 0.111089 
-0.643172 0.266675 0.0687337 
-0.242114 1.27196 0.0941435 
0.0908574 1.2905 0.214507 
-0.891054 0.564885 1.0868 
-0.146306 0.281874 1.08948 
-0.169963 1.27812 1.09004 
-0.903136 0.383842 0.073417 
0.0961508 1.28493 0.587315 
0.0881917 1.28783 0.267104 
-0.89698 1.06657 0.0623855 
0.0886064 0.455222 0.0808857 
-0.346847 0.279206 1.07648 
-0.449327 0.284302 0.119838 
-0.0999674 0.276887 0.0892867 
-0.89611 0.603657 1.09738 
-0.882318 0.263424 0.0934902 
-0.916168 1.23567 0.0995224 
0.0383504 1.287 0.0860257 
0.109754 0.318084 1.11091 
-0.895698 0.545006 1.06954 
-0.612176 1.28863 0.0977229 
0.0926049 0.278031 0.718999 
0.0864572 1.18649 0.0832032 
-0.89912 0.931006 1.09183 
-0.588049 1.27768 0.0814281 
0.108917 1.11461 0.0895689 
-0.895993 0.285689 0.806895 
0.0947294 0.272865 0.234231 
-0.918101 0.268254 0.750108 
-0.897531 0.654288 0.0827979 
-0.713556 1.26603 1.06734 
0.100364 0.842492 0.0880958 
0.10134 1.1702 0.0987539 
-0.652875 1.27962 1.0987 
0.0943599 0.279893 0.416881 
-0.590431 1.27501 0.0890954 
-0.906321 0.256758 0.515801 
-0.892114 0.271717 0.82781 
-0.615862 0.269727 0.0899795 
-0.898919 0.256546 0.514518 
-0.0974842 1.28524 1.10476 
-1.32531 0.034942 -1.74579 
-0.903762 1.19221 1.09639 
-0.891747 1.11777 1.07837 
-0.363644 0.054651 -0.733066 
