1 -0.740917 5.80206 
1 0.10885 4.56082 
1 0.0475717 4.54517 
1 4.59933 -2.64862 
1 0.217578 4.21827 
1 5.26534 -3.66656 
1 6.08276 -5.1542 
1 4.84784 -3.15884 
1 3.82758 -1.56886 
1 0.589438 3.74582 
1 -2.07139 7.93674 
1 1.05168 3.11689 
1 4.18552 -2.1177 
1 -3.92223 10.9716 
1 5.22176 -3.7153 
1 -1.50613 7.12936 
1 5.04507 -3.31407 
1 -3.00849 9.44089 
1 0.665462 3.70126 
1 0.54323 3.71411 
1 2.65676 0.367631 
1 0.660191 3.55399 
1 3.94874 -1.8215 
1 -3.53524 10.2446 
1 -2.96206 9.50561 
1 4.3285 -2.32161 
1 -3.00926 9.5406 
1 4.11956 -2.01484 
1 -3.90121 10.9213 
1 2.70335 0.325808 
1 2.1107 1.30045 
1 1.79033 2.17116 
1 1.80767 2.1872 
1 4.35129 -2.32126 
1 -3.79833 10.8095 
