1 -0.196258 -6.02644 
1 6.83442 9.89459 
1 1.35835 -2.56238 
1 1.93821 -1.16697 
1 2.04283 -1.0314 
1 5.52861 6.86547 
1 0.624371 -4.14323 
1 4.3152 4.13013 
1 6.05895 8.1069 
1 5.00811 5.79873 
1 2.54197 0.177152 
1 2.19875 -0.580594 
1 6.10381 8.2937 
1 4.93315 5.61555 
1 6.61045 9.34522 
1 1.6806 -1.87395 
1 -0.595807 -6.954 
1 2.75804 0.574832 
1 2.98008 1.17948 
1 7.10541 10.5461 
1 -0.915267 -7.68591 
1 5.90868 7.7555 
1 3.84891 3.10586 
1 0.523536 -4.43013 
1 -0.021362 -5.72507 
1 5.09505 5.91401 
1 5.51658 6.88683 
1 1.07624 -3.1 
1 5.88776 7.74128 
1 3.78124 2.89243 
1 4.4171 4.43407 
1 2.81064 0.859707 
1 4.54582 4.69834 
1 2.35486 -0.255329 
1 2.30189 -0.391931 
1 3.43738 2.71895 
1 -0.115302 -5.8649 
1 3.66959 2.66267 
1 5.04186 5.79499 
1 1.2147 -2.77995 
1 6.50274 9.10111 
1 5.92715 7.82536 
1 4.75866 5.01263 
1 1.02964 -3.27995 
1 1.77866 -1.54384 
1 6.45599 9.05232 
1 5.40223 6.57586 
1 4.41835 4.34729 
1 -0.257732 -6.16103 
1 4.88486 5.41226 
1 -0.314513 -6.34108 
1 -0.193036 -5.96222 
1 3.81081 3.04434 
1 -0.128361 -5.84521 
1 3.93224 3.28754 
1 1.00557 -3.3457 
1 6.32871 8.75988 
1 5.84134 7.58704 
1 5.70734 7.38393 
1 4.47003 4.51032 
1 5.58014 7.03915 
1 1.72266 -1.6587 
1 4.87697 5.48638 
1 3.07524 1.42829 
1 3.80016 3.02733 
1 3.9165 2.87312 
1 -0.127347 -5.92817 
1 6.25899 8.63675 
1 5.08653 5.90181 
1 5.29328 6.44879 
1 0.133212 -5.3131 
1 5.06419 5.8328 
1 3.25327 1.7504 
1 1.45815 -2.42477 
1 6.73728 9.68749 
1 1.74415 -1.59785 
1 -0.912449 -7.75609 
1 3.00181 1.05464 
1 4.82844 5.24609 
1 -0.722843 -7.17614 
1 6.97048 10.2082 
1 0.2778 -4.99634 
1 2.94861 2.51422 
1 6.27566 8.58805 
1 6.68342 9.58897 
1 2.43987 0.0591861 
1 3.68397 2.73915 
1 3.96846 3.39633 
1 1.44936 -2.32282 
1 1.30527 -2.56535 
1 3.18728 1.63715 
1 3.28215 2.66217 
1 3.31536 1.87906 
1 2.6642 0.363587 
1 3.6253 2.63227 
1 2.354 -0.294437 
1 5.94242 7.81832 
1 0.073398 -5.44913 
1 2.43242 -0.137141 
1 -0.0210425 -5.68613 
1 2.20769 -0.682856 
1 2.11534 -0.756705 
1 2.39601 -0.164887 
1 4.81594 5.29915 
1 5.30822 6.4533 
1 1.33256 -2.65762 
1 1.28968 -2.68022 
1 6.76052 9.76148 
1 5.17292 6.10666 
1 -0.349924 -6.45387 
1 5.75527 7.39252 
1 5.55963 6.94892 
1 6.13167 8.30548 
1 4.66535 4.93304 
1 2.76633 0.679958 
1 4.81115 5.3012 
1 1.35452 -2.54044 
1 3.68895 2.72641 
1 6.34538 8.70012 
1 2.01353 -1.02399 
1 6.92984 10.0956 
1 3.15967 2.62237 
1 -0.428427 -6.65859 
1 4.56623 4.74941 
1 -0.923864 -7.67797 
1 1.11587 -3.09516 
1 -0.271394 -6.27281 
1 1.46198 -2.28486 
1 5.54252 6.9412 
1 6.93743 10.0743 
1 4.37239 4.62803 
1 4.75589 5.19219 
1 2.78387 0.619849 
1 5.50198 6.92108 
1 6.29833 8.65219 
1 5.04865 5.78713 
1 -0.0758066 -5.75318 
1 6.87866 10.001 
1 5.91721 7.80649 
1 3.93397 3.27191 
1 5.16735 6.10775 
