1 -2.19295 -0.874264 
1 -1.18591 3.4261 
1 3.17945 7.92333 
1 1.39551 5.00933 
1 -2.39815 -0.0457292 
1 3.72511 8.80723 
1 -3.74471 -3.39482 
1 -6.20834 -7.50687 
1 3.19156 7.96097 
1 -1.2207 1.25875 
1 -2.02432 -0.611512 
1 -6.51484 -4.46389 
1 -3.37751 -2.49699 
1 3.65613 6.59071 
1 -5.9409 -3.92842 
1 0.199684 3.85021 
1 -6.2629 -4.20856 
1 -1.67906 -0.0278863 
1 -3.15232 -2.43321 
1 -5.68245 -0.900012 
1 3.36352 8.22067 
1 -5.13974 -3.06934 
1 -5.12402 -2.42694 
1 -5.76471 -6.74236 
1 -4.58347 -1.66006 
1 -1.55666 0.917398 
1 -4.15801 -1.88504 
