0.45455	2.27045	-2.05776	 0
1.16108	0.927526	-2.14761	 0
0.607846	1.62733	-3.17405	 0
0.618992	0.936442	-2.64277	 0
1.32961	2.26325	-1.45167	 0
0.624905	0.934664	-2.12985	 0
0.592296	1.51779	-2.14948	 0
0.391971	2.26725	-2.10783	 0
1.59685	1.25437	-3.15893	 0
0.359199	2.23636	-1.26499	 0
0.953764	2.23678	-1.06958	 0
0.30597	2.2574	-1.29892	 0
0.895228	2.25713	-1.0643	 0
0.589319	1.00238	-3.15421	 0
1.017	2.23741	-1.0878	 0
0.637466	0.916979	-2.34123	 0
0.622085	1.97443	-2.75224	 0
0.580912	1.83949	-2.1421	 0
0.318572	2.243	-1.61108	 0
1.35254	2.2216	-1.80057	 0
0.339148	3.11863	-2.06664	 0
0.619567	1.22148	-2.16089	 0
1.6216	1.75956	-2.1663	 0
1.30629	2.21852	-1.92278	 0
1.31779	3.2368	-2.05882	 0
-0.43619	0.764784	-0.838068	 0
0.594548	0.92434	-2.63675	 0
0.320104	3.24499	-1.71619	 0
0.328057	2.27329	-1.96223	 0
0.602394	1.82905	-3.15753	 0
0.59792	0.961513	-2.4012	 0
1.30025	2.23331	-1.36571	 0
1.44458	1.95609	-2.17228	 0
1.30343	1.90709	-3.12985	 0
1.33428	3.0757	-1.08336	 0
1.65114	1.90654	-2.29673	 0
-0.0186296	0.760599	-0.0082569	 0
0.359333	2.26917	-2.05628	 0
0.770466	0.915923	-3.16367	 0
0.320697	2.47854	-2.07733	 0
0.304792	3.25089	-1.17814	 0
0.355191	3.26826	-1.87774	 0
0.578851	1.96828	-3.00589	 0
0.304906	2.29155	-2.05623	 0
1.61275	1.16251	-3.15456	 0
0.319139	3.27767	-1.7027	 0
0.316368	2.58898	-1.09276	 0
0.602583	2.28017	-2.05766	 0
0.286097	2.25819	-1.99538	 0
0.623861	0.93635	-2.17289	 0
0.296392	2.25558	-1.64673	 0
0.848808	0.938045	-3.18101	 0
0.602812	1.17812	-3.14337	 0
0.347656	2.40918	-1.06862	 0
1.17472	0.919142	-3.15668	 0
1.13394	1.88661	-3.1258	 0
0.556305	1.92696	-2.59569	 0
0.620542	0.914243	-2.15586	 0
1.0457	2.23669	-2.04925	 0
0.566564	1.20299	-2.14673	 0
1.29565	2.48865	-2.06733	 0
1.63926	1.55554	-2.14102	 0
0.313961	3.31412	-1.08338	 0
0.279184	2.84053	-1.08279	 0
0.567491	1.94407	-2.44909	 0
0.66408	3.21419	-2.08328	 0
1.64253	1.90048	-2.18083	 0
-6.25295	-2.7855	-2.00287	 1
-5.13913	-2.63486	-2.27856	 1
-6.24506	-2.62457	-2.36066	 1
-5.22537	-3.08191	-1.92833	 1
-5.1638	-2.66409	-2.14899	 1
-6.16284	-3.30356	-3.08631	 1
-5.10531	-3.19244	-3.05039	 1
-5.20154	-3.09605	-2.04106	 1
-5.21616	-2.92739	-3.0667	 1
-5.18643	-3.0834	-2.1259	 1
0.341046	-0.377934	2.25808	 2
0.347645	-1.02899	1.97356	 2
1.0787	-0.0500588	1.32252	 2
1.35211	-1.05411	2.28046	 2
0.58503	-0.0467804	1.28778	 2
0.375835	-1.05227	2.30654	 2
1.01881	-0.0536944	1.29602	 2
0.694256	-1.0533	1.30415	 2
0.340891	-1.04043	2.18902	 2
1.12616	-0.0355465	2.25774	 2
1.35176	-0.0595984	1.61016	 2
0.534155	0.0417594	-0.010926	 2
0.33397	-1.02268	1.85053	 2
1.32305	-1.03849	1.64882	 2
1.35043	-1.02504	1.42411	 2
0.355215	-0.894129	1.3032	 2
1.30133	-0.0617426	2.31672	 2
0.76684	-1.0822	1.29691	 2
1.34237	-0.730269	2.32689	 2
1.34096	-0.0494773	2.14288	 2
1.34797	-0.356623	1.32093	 2
0.487515	-1.04131	2.24996	 2
1.33731	-0.316739	2.26765	 2
1.33318	-1.0353	1.9864	 2
0.36294	-0.797354	2.28505	 2
1.06202	-1.03337	1.25798	 2
1.35506	-1.02301	1.30165	 2
1.34485	-0.0418093	2.17753	 2
0.334038	-0.682686	2.29162	 2
0.955322	-1.04321	2.31261	 2
1.33776	-0.406136	2.29693	 2
0.355659	-1.03925	1.97844	 2
1.11504	-0.0476686	2.30672	 2
0.788753	-0.0633549	2.30191	 2
1.34485	-1.07095	2.18768	 2
0.33265	-1.03595	1.98262	 2
0.345656	-0.0590061	2.30564	 2
0.969475	-0.0289879	1.24995	 2
1.32814	-1.06612	2.31857	 2
0.341278	-0.186429	2.28084	 2
0.365896	-0.672958	2.29473	 2
0.454045	-0.0732409	1.35736	 2
0.345316	-0.451572	1.2876	 2
1.34604	-0.0913323	2.26884	 2
1.35311	-0.67292	2.26925	 2
1.31667	-1.04262	1.85166	 2
1.19572	-1.04436	1.29642	 2
0.374074	-1.04964	2.31396	 2
1.33373	-0.487352	2.27707	 2
1.36275	-0.573212	1.2921	 2
0.978961	-1.0461	2.27743	 2
0.339987	-0.0699041	1.66357	 2
0.966877	-1.03434	1.27338	 2
0.80279	-0.0557822	1.28954	 2
0.335199	-1.05661	2.27904	 2
0.380697	-0.0236979	2.29459	 2
0.339111	-0.722042	1.25398	 2
1.34999	-0.49613	2.29445	 2
0.493354	-1.06526	2.29642	 2
1.33683	-0.680659	2.30092	 2
0.33644	-0.612074	2.29601	 2
0.856911	-0.0408362	2.2986	 2
1.33802	-1.07471	1.82253	 2
0.326761	-0.963055	1.317	 2
0.320089	-0.0195921	1.32926	 2
0.322201	-1.06647	1.6475	 2
0.327403	-1.0548	2.01452	 2
0.66402	-1.03305	1.28543	 2
0.371184	-0.0432601	1.29035	 2
0.31903	-0.027826	1.62651	 2
1.31623	-1.03693	1.39335	 2
1.35504	-0.0545417	1.89707	 2
0.466495	-1.03875	1.28195	 2
0.345891	-0.676619	2.23673	 2
0.559725	-1.05342	2.3108	 2
0.33667	-0.750549	1.28812	 2
1.3514	-0.547128	1.29844	 2
1.30311	-0.673926	1.31178	 2
0.762017	-1.02878	1.30728	 2
0.647592	-1.06917	1.31624	 2
1.34902	-1.04796	2.21571	 2
0.339968	-0.0401277	2.22221	 2
0.360014	-0.0250479	1.97874	 2
1.20851	-1.03234	2.27819	 2
1.3369	-0.0333587	2.15779	 2
1.24395	-1.04893	1.3331	 2
1.32905	-1.0575	2.0656	 2
1.04564	-1.06745	1.34712	 2
0.773555	-1.04682	2.30119	 2
1.3439	-1.07183	1.87657	 2
1.35258	-1.06501	1.3624	 2
0.318091	-0.0406482	1.91801	 2
0.34349	-0.772613	2.32301	 2
1.14536	-0.0354552	2.28069	 2
1.27043	-0.0301246	2.28527	 2
0.357845	-0.164649	1.30582	 2
0.875997	-0.0446153	2.31314	 2
0.316058	-0.400322	1.26326	 2
1.33477	-0.0208011	1.6998	 2
0.322873	-0.0317584	1.66423	 2
0.331745	-0.0146796	1.57071	 2
0.356907	-0.722442	1.25679	 2
1.33432	-0.358474	2.27887	 2
1.33321	-0.21751	2.28356	 2
0.901852	-1.03707	1.27284	 2
1.34641	-1.02262	2.30258	 2
0.335401	-1.05333	1.62901	 2
0.45109	-1.04179	1.27572	 2
0.563102	-1.05909	2.29556	 2
0.321115	-0.0691304	1.92675	 2
0.39357	-0.0416863	1.28368	 2
0.342868	-0.0394693	1.35104	 2
0.340883	-0.374673	2.34447	 2
1.19389	-1.04715	1.339	 2
0.54208	-1.04304	1.28849	 2
0.781662	-1.0639	1.32333	 2
1.3354	-1.062	2.23671	 2
1.35118	-1.053	1.29802	 2
0.313483	-0.0324264	2.25795	 2
1.35501	-1.07283	2.00598	 2
1.33854	-0.072743	1.84039	 2
0.820185	3.06792	1.38088	 3
-0.0376172	3.07027	0.526721	 3
