0.45455 2.27045 -2.05776 
1.16108 0.927526 -2.14761 
0.607846 1.62733 -3.17405 
0.618992 0.936442 -2.64277 
1.32961 2.26325 -1.45167 
0.624905 0.934664 -2.12985 
0.592296 1.51779 -2.14948 
0.391971 2.26725 -2.10783 
1.59685 1.25437 -3.15893 
0.359199 2.23636 -1.26499 
0.953764 2.23678 -1.06958 
0.30597 2.2574 -1.29892 
0.895228 2.25713 -1.0643 
0.589319 1.00238 -3.15421 
1.017 2.23741 -1.0878 
0.637466 0.916979 -2.34123 
0.622085 1.97443 -2.75224 
0.580912 1.83949 -2.1421 
0.318572 2.243 -1.61108 
1.35254 2.2216 -1.80057 
0.339148 3.11863 -2.06664 
0.619567 1.22148 -2.16089 
1.6216 1.75956 -2.1663 
1.30629 2.21852 -1.92278 
1.31779 3.2368 -2.05882 
-0.43619 0.764784 -0.838068 
0.594548 0.92434 -2.63675 
0.320104 3.24499 -1.71619 
0.328057 2.27329 -1.96223 
0.602394 1.82905 -3.15753 
0.59792 0.961513 -2.4012 
1.30025 2.23331 -1.36571 
1.44458 1.95609 -2.17228 
1.30343 1.90709 -3.12985 
1.33428 3.0757 -1.08336 
1.65114 1.90654 -2.29673 
-0.0186296 0.760599 -0.0082569 
0.359333 2.26917 -2.05628 
0.770466 0.915923 -3.16367 
0.320697 2.47854 -2.07733 
0.304792 3.25089 -1.17814 
0.355191 3.26826 -1.87774 
0.578851 1.96828 -3.00589 
0.304906 2.29155 -2.05623 
1.61275 1.16251 -3.15456 
0.319139 3.27767 -1.7027 
0.316368 2.58898 -1.09276 
0.602583 2.28017 -2.05766 
0.286097 2.25819 -1.99538 
0.623861 0.93635 -2.17289 
0.296392 2.25558 -1.64673 
0.848808 0.938045 -3.18101 
0.602812 1.17812 -3.14337 
0.347656 2.40918 -1.06862 
1.17472 0.919142 -3.15668 
1.13394 1.88661 -3.1258 
0.556305 1.92696 -2.59569 
0.620542 0.914243 -2.15586 
1.0457 2.23669 -2.04925 
0.566564 1.20299 -2.14673 
1.29565 2.48865 -2.06733 
1.63926 1.55554 -2.14102 
0.313961 3.31412 -1.08338 
0.279184 2.84053 -1.08279 
0.567491 1.94407 -2.44909 
0.66408 3.21419 -2.08328 
1.64253 1.90048 -2.18083 
