0.341046 -0.377934 2.25808 
0.347645 -1.02899 1.97356 
1.0787 -0.0500588 1.32252 
1.35211 -1.05411 2.28046 
0.58503 -0.0467804 1.28778 
0.375835 -1.05227 2.30654 
1.01881 -0.0536944 1.29602 
0.694256 -1.0533 1.30415 
0.340891 -1.04043 2.18902 
1.12616 -0.0355465 2.25774 
1.35176 -0.0595984 1.61016 
0.534155 0.0417594 -0.010926 
0.33397 -1.02268 1.85053 
1.32305 -1.03849 1.64882 
1.35043 -1.02504 1.42411 
0.355215 -0.894129 1.3032 
1.30133 -0.0617426 2.31672 
0.76684 -1.0822 1.29691 
1.34237 -0.730269 2.32689 
1.34096 -0.0494773 2.14288 
1.34797 -0.356623 1.32093 
0.487515 -1.04131 2.24996 
1.33731 -0.316739 2.26765 
1.33318 -1.0353 1.9864 
0.36294 -0.797354 2.28505 
1.06202 -1.03337 1.25798 
1.35506 -1.02301 1.30165 
1.34485 -0.0418093 2.17753 
0.334038 -0.682686 2.29162 
0.955322 -1.04321 2.31261 
1.33776 -0.406136 2.29693 
0.355659 -1.03925 1.97844 
1.11504 -0.0476686 2.30672 
0.788753 -0.0633549 2.30191 
1.34485 -1.07095 2.18768 
0.33265 -1.03595 1.98262 
0.345656 -0.0590061 2.30564 
0.969475 -0.0289879 1.24995 
1.32814 -1.06612 2.31857 
0.341278 -0.186429 2.28084 
0.365896 -0.672958 2.29473 
0.454045 -0.0732409 1.35736 
0.345316 -0.451572 1.2876 
1.34604 -0.0913323 2.26884 
1.35311 -0.67292 2.26925 
1.31667 -1.04262 1.85166 
1.19572 -1.04436 1.29642 
0.374074 -1.04964 2.31396 
1.33373 -0.487352 2.27707 
1.36275 -0.573212 1.2921 
0.978961 -1.0461 2.27743 
0.339987 -0.0699041 1.66357 
0.966877 -1.03434 1.27338 
0.80279 -0.0557822 1.28954 
0.335199 -1.05661 2.27904 
0.380697 -0.0236979 2.29459 
0.339111 -0.722042 1.25398 
1.34999 -0.49613 2.29445 
0.493354 -1.06526 2.29642 
1.33683 -0.680659 2.30092 
0.33644 -0.612074 2.29601 
0.856911 -0.0408362 2.2986 
1.33802 -1.07471 1.82253 
0.326761 -0.963055 1.317 
0.320089 -0.0195921 1.32926 
0.322201 -1.06647 1.6475 
0.327403 -1.0548 2.01452 
0.66402 -1.03305 1.28543 
0.371184 -0.0432601 1.29035 
0.31903 -0.027826 1.62651 
1.31623 -1.03693 1.39335 
1.35504 -0.0545417 1.89707 
0.466495 -1.03875 1.28195 
0.345891 -0.676619 2.23673 
0.559725 -1.05342 2.3108 
0.33667 -0.750549 1.28812 
1.3514 -0.547128 1.29844 
1.30311 -0.673926 1.31178 
0.762017 -1.02878 1.30728 
0.647592 -1.06917 1.31624 
1.34902 -1.04796 2.21571 
0.339968 -0.0401277 2.22221 
0.360014 -0.0250479 1.97874 
1.20851 -1.03234 2.27819 
1.3369 -0.0333587 2.15779 
1.24395 -1.04893 1.3331 
1.32905 -1.0575 2.0656 
1.04564 -1.06745 1.34712 
0.773555 -1.04682 2.30119 
1.3439 -1.07183 1.87657 
1.35258 -1.06501 1.3624 
0.318091 -0.0406482 1.91801 
0.34349 -0.772613 2.32301 
1.14536 -0.0354552 2.28069 
1.27043 -0.0301246 2.28527 
0.357845 -0.164649 1.30582 
0.875997 -0.0446153 2.31314 
0.316058 -0.400322 1.26326 
1.33477 -0.0208011 1.6998 
0.322873 -0.0317584 1.66423 
0.331745 -0.0146796 1.57071 
0.356907 -0.722442 1.25679 
1.33432 -0.358474 2.27887 
1.33321 -0.21751 2.28356 
0.901852 -1.03707 1.27284 
1.34641 -1.02262 2.30258 
0.335401 -1.05333 1.62901 
0.45109 -1.04179 1.27572 
0.563102 -1.05909 2.29556 
0.321115 -0.0691304 1.92675 
0.39357 -0.0416863 1.28368 
0.342868 -0.0394693 1.35104 
0.340883 -0.374673 2.34447 
1.19389 -1.04715 1.339 
0.54208 -1.04304 1.28849 
0.781662 -1.0639 1.32333 
1.3354 -1.062 2.23671 
1.35118 -1.053 1.29802 
0.313483 -0.0324264 2.25795 
1.35501 -1.07283 2.00598 
1.33854 -0.072743 1.84039 
