-2.57218 2.09735 -2.52411 
-1.583 1.09666 -2.06264 
-2.22328 2.11849 -2.60557 
-2.57572 1.10489 -1.92553 
-2.5874 1.11662 -2.5032 
-1.58882 1.22827 -1.59904 
-1.59441 2.11399 -1.63476 
-2.38068 2.10765 -1.58091 
-1.61449 2.14471 -1.79908 
-2.57744 1.70534 -1.57329 
-1.57668 1.11905 -1.86687 
-1.91867 2.11074 -2.59736 
-2.56512 2.06387 -2.59447 
-1.5831 2.15161 -1.63596 
-2.58875 2.13994 -2.35357 
-2.56448 1.49936 -2.59756 
-1.57504 1.5202 -2.61892 
-1.53239 2.13015 -2.57159 
-1.56897 1.12192 -2.29621 
-1.56498 1.73837 -1.61023 
-1.5691 2.05002 -2.58467 
-2.57429 2.13537 -1.63314 
-2.58771 1.14937 -2.08516 
-2.34782 1.14253 -1.65238 
-2.59443 1.76288 -2.63102 
-2.57071 1.37876 -1.61107 
-2.53864 2.06454 -2.01521 
-2.63143 1.14542 -1.61819 
-2.14288 1.13438 -1.61974 
-2.58353 2.12143 -2.37665 
-1.54052 1.10739 -2.37574 
-1.55749 1.67833 -2.56857 
-1.58876 2.00943 -1.60915 
-2.55881 1.75462 -1.58547 
-2.60238 1.43844 -2.61677 
-2.47265 1.09428 -1.57177 
-1.59823 2.09281 -2.44587 
-2.5962 2.00844 -1.62241 
-2.12474 2.13333 -1.60613 
-2.22721 2.09278 -1.60415 
-1.77536 2.10681 -2.5656 
-1.54342 1.67821 -1.55947 
-1.56903 2.00807 -1.60922 
-2.42991 1.11752 -2.6008 
-1.645 1.14349 -2.63991 
-1.57045 2.11232 -2.62751 
-1.60792 1.11787 -2.45025 
-1.58267 1.14438 -1.95504 
-2.61504 2.12572 -2.54462 
-1.57686 1.11035 -1.67244 
-1.53122 2.11903 -2.43595 
-1.54297 1.12468 -2.0843 
-2.02807 1.10999 -2.60469 
-2.58263 1.87689 -1.58699 
-1.69097 2.09965 -1.59453 
-2.55665 1.15155 -2.58301 
-1.99786 2.10244 -1.58537 
-1.76328 1.13918 -2.66302 
-2.58235 1.12154 -2.17555 
-1.9514 1.10608 -2.60419 
-2.57792 1.64998 -2.62629 
-2.5949 1.56111 -1.6131 
-2.57056 2.05862 -2.60726 
-1.57494 1.12044 -1.7746 
-2.01639 1.10143 -1.59917 
-2.58168 1.1407 -2.39098 
-2.55448 1.47454 -1.59494 
-2.23563 1.12797 -2.60678 
-2.58775 2.10138 -2.15714 
-1.55972 1.62854 -2.59426 
-1.96318 2.07737 -2.5643 
-2.56289 1.67927 -1.55071 
-2.61488 1.78581 -2.6445 
-2.36206 2.09508 -2.59063 
-1.5461 1.41799 -1.58226 
-1.61491 1.62665 -2.59787 
-2.04159 2.10058 -1.58494 
-2.58411 1.83957 -2.61613 
-1.57399 1.55852 -1.60074 
-2.5395 2.11621 -1.586 
-2.23657 1.10743 -1.61095 
-1.60972 1.32872 -1.5964 
-1.57218 1.97555 -2.60856 
-2.57016 2.09545 -1.79055 
-2.54817 1.13069 -1.8369 
-1.78916 2.08743 -2.54975 
-2.59453 2.08349 -1.63363 
-2.5099 1.10287 -2.61454 
-2.25093 2.12082 -2.60862 
-2.28314 1.10934 -2.60199 
-2.01044 1.11424 -2.59461 
-2.58737 1.28178 -1.58244 
-2.5494 1.1235 -1.87647 
-1.95905 1.11632 -1.58165 
-2.55835 1.99861 -2.60487 
-1.95953 2.13427 -1.62519 
-2.00761 2.09983 -1.57503 
-2.00598 1.10004 -2.61071 
-2.56744 1.37515 -2.62656 
-2.53785 1.10597 -2.36454 
-2.58979 1.10236 -2.3933 
-2.38346 1.09637 -1.61326 
-1.58838 1.88088 -1.63598 
-1.55978 2.11964 -1.70073 
-1.78126 2.12562 -2.62459 
-2.23874 1.15722 -2.64707 
-2.04676 2.1199 -1.57018 
-2.59964 1.12408 -2.26724 
-2.22881 2.10672 -1.59076 
-2.52648 1.96588 -1.59381 
-1.58368 2.07968 -2.62526 
-2.57584 1.24057 -1.63544 
-2.59697 1.24215 -2.61629 
-2.21962 1.12513 -2.62047 
-1.61441 2.10963 -2.57342 
-2.45403 2.10285 -2.60359 
-1.58918 2.08345 -1.62638 
-1.62784 2.13505 -1.99316 
-1.56899 1.12114 -1.58002 
-1.58679 1.25403 -2.61837 
-2.313 1.13915 -2.6309 
-2.37332 1.1271 -1.60995 
-2.29516 2.11202 -1.59779 
-2.52262 1.08678 -1.59657 
-2.00295 1.14003 -2.6115 
-2.24603 1.11727 -1.59873 
-2.55152 1.80386 -1.59214 
-2.58704 1.12999 -2.50218 
-2.5946 1.45212 -2.61949 
-2.18905 1.11085 -1.5984 
-2.58066 1.41191 -2.64388 
-2.5329 2.10825 -1.60571 
-1.58652 2.13595 -1.72782 
-2.25928 2.12485 -1.59569 
-2.56678 1.10157 -1.96081 
-2.55494 1.47398 -1.61354 
-1.60075 2.12405 -2.60004 
-2.58217 1.10731 -2.09807 
-2.52411 1.07879 -2.16669 
-1.58422 1.78049 -2.61036 
-1.57321 2.1206 -2.00985 
-1.62896 1.16065 -1.89137 
-1.55575 1.7432 -2.60601 
-1.55871 1.86439 -2.58847 
-1.59708 2.11311 -1.67674 
-1.60085 1.67279 -1.61813 
-2.2953 2.10576 -2.61775 
-1.78028 1.14066 -2.61985 
-2.3531 1.11996 -2.59665 
-2.57383 1.24427 -1.60568 
-2.60522 2.10508 -2.00177 
-1.6879 2.11436 -1.60967 
-1.66153 1.12666 -2.61713 
-1.59049 1.11287 -2.58127 
-1.74172 1.08528 -2.57429 
-1.56725 2.1195 -2.45588 
-2.58681 2.12518 -1.65214 
-2.58429 1.45134 -1.58963 
-2.51224 1.12551 -2.24821 
-2.59834 1.1174 -1.9318 
-2.57954 1.94085 -1.57394 
-2.08344 1.10266 -2.57115 
-1.53005 1.53671 -1.56292 
-2.00687 2.0988 -2.58208 
-2.57032 1.27546 -2.59993 
-1.60303 1.11244 -2.27664 
-1.55471 2.08755 -1.9012 
-1.55232 2.11163 -1.97759 
-2.59339 1.14967 -2.13341 
-1.99486 1.14921 -1.62204 
-2.3285 1.09561 -1.59994 
-2.25385 2.13357 -2.62821 
-2.55461 1.24537 -1.59935 
-2.59561 1.20432 -1.6137 
-2.57144 1.71201 -2.59113 
-1.54804 2.14716 -2.09565 
-1.55332 1.93854 -2.56754 
-1.89751 1.08459 -1.58315 
-1.55316 1.11215 -1.70096 
-1.55812 1.10031 -2.36592 
-2.60083 1.91597 -2.62535 
-2.57596 1.168 -1.62484 
-2.56818 1.69949 -2.60223 
-2.16206 2.11768 -2.59444 
-2.59976 1.38584 -1.60792 
-2.12956 2.06376 -1.53999 
-2.47887 1.10091 -1.59056 
-2.55581 1.1173 -2.0352 
-1.88685 2.11474 -2.60797 
-1.5599 1.10652 -2.51437 
-1.54174 2.09041 -2.33987 
-2.54081 1.08473 -1.73075 
-2.56946 1.40365 -1.62513 
-2.00309 2.1331 -2.61573 
-1.57455 1.14321 -2.10818 
