-1.45842 -0.425683 -0.621386 
-0.603722 -0.323195 0.351766 
-0.578384 0.571318 0.0140393 
-1.58926 0.591324 0.355524 
-1.04601 -0.414649 0.351661 
-0.587168 0.377722 -0.641361 
-0.570746 -0.403807 -0.312659 
-0.612758 0.122764 0.346791 
-0.825883 0.574666 0.342627 
-1.58386 0.573951 0.239584 
-0.59432 -0.0471135 0.362974 
-0.607039 -0.0201103 -0.608917 
-0.587083 0.51373 -0.625173 
-1.56553 -0.341899 0.339843 
-0.588502 -0.398367 0.265137 
-1.58395 -0.273119 0.336067 
-1.40239 0.571804 0.353018 
-1.58597 -0.150938 0.356504 
-0.599772 0.144719 0.334758 
-0.591217 -0.334784 -0.647815 
-1.66881 2.30631 -0.0795978 
-1.59693 -0.278476 0.345165 
-1.59148 -0.0909364 0.309692 
-0.568488 -0.0398899 -0.640003 
-1.22372 -0.39677 0.378424 
-0.582191 -0.411463 0.352725 
-1.59459 -0.427234 -0.599395 
-0.596886 0.579012 0.151001 
-0.581463 0.574263 -0.500208 
-0.601922 -0.366206 0.359314 
-0.625003 -0.410011 0.40464 
-0.601935 0.594941 -0.30153 
-1.62207 0.596256 0.335888 
-1.45311 -0.452474 0.322354 
-1.03847 -0.417695 -0.64309 
-0.997631 0.54447 -0.67122 
-0.93115 -0.415664 0.376818 
-0.973641 0.565647 -0.645787 
-1.2117 0.572516 -0.639156 
-0.700558 0.580192 -0.61453 
-1.57265 -0.424054 -0.456628 
-0.948716 -0.406198 -0.621255 
-1.24054 0.588038 0.376618 
-0.612608 -0.419478 -0.639216 
-1.57207 0.19521 0.374258 
-0.607627 -0.419363 0.369467 
-1.75529 2.25722 -0.292538 
-1.58139 0.565802 0.262714 
-1.58682 0.104631 -0.650847 
-1.57854 -0.439244 0.347783 
-1.59362 0.0881916 -0.623188 
-0.598192 -0.293658 0.363192 
-1.5986 -0.437908 -0.259783 
-1.6161 0.4074 0.34788 
-1.57139 -0.417718 0.359865 
-0.60095 -0.429579 -0.195731 
-0.635927 0.227513 -0.69569 
-1.5849 0.561232 -0.300534 
-0.582857 0.139572 0.365408 
-1.341 0.540137 0.331191 
-0.596377 0.0948804 -0.646655 
-1.59539 0.554323 0.179258 
-0.596466 0.578608 -0.105983 
-0.593294 -0.147431 -0.637853 
-1.56343 -0.0256323 -0.598239 
-0.895773 3.29127 -1.06995 
-0.759876 -0.43412 -0.633259 
-1.59272 -0.426765 -0.625623 
-0.574655 0.408123 0.333015 
-1.79462 2.31172 -0.349835 
-0.574932 -0.447901 0.362718 
-1.60425 -0.427987 -0.202993 
-1.60091 0.589989 -0.280057 
-0.617941 0.570467 -0.102947 
-0.581788 0.0724705 0.372993 
-0.588114 -0.284524 -0.622664 
-1.57079 0.564818 0.299809 
-1.58801 0.602678 -0.0448778 
-0.74814 -0.411657 0.359486 
-1.42468 -0.429311 -0.629647 
-0.601248 0.359428 0.348177 
-0.604996 -0.437707 0.341364 
1.35714 -0.109766 0.0748094 
-1.62789 0.363477 0.331335 
-0.810495 -0.443616 0.344333 
-0.994812 -0.439094 -0.681028 
-1.56426 0.11246 -0.651099 
-0.784272 0.56956 0.372085 
-1.57686 -0.426428 -0.2512 
-1.61143 0.575082 -0.119892 
-0.661557 -0.425762 0.356228 
-1.58574 0.465817 -0.61321 
-1.20734 0.577114 -0.645782 
-1.48412 0.577791 0.38363 
-1.49303 -0.407753 0.383543 
-0.613747 -0.396097 0.0663403 
-1.57622 -0.420343 -0.15249 
-0.606277 -0.429331 -0.184755 
-1.59092 0.246008 -0.650739 
-1.5638 0.568656 -0.65435 
-0.657894 -0.404952 0.375117 
-0.577238 0.573236 -0.25935 
-0.603995 0.563774 0.281813 
-1.51699 -0.420123 -0.637279 
-1.47749 0.577249 0.377194 
-1.58633 0.0873067 -0.643883 
-0.584718 0.291648 0.365609 
-0.59786 0.575011 -0.36771 
-0.58058 -0.204667 0.354132 
-1.506 -0.437888 -0.662322 
-0.792794 3.19614 -1.06278 
-0.577993 -0.448687 -0.111173 
-0.595365 0.572066 -0.0513317 
-0.865442 -0.4321 0.347649 
-1.59727 0.0982248 -0.642695 
-0.814762 2.88711 -1.05941 
-0.610007 0.586541 -0.0430591 
-1.60577 0.306371 -0.664408 
-0.585188 0.184405 0.353686 
-0.597982 0.0719226 0.374167 
-0.963786 -0.435969 0.38938 
-0.62018 -0.286483 0.337926 
-1.58668 0.241767 0.331625 
-0.589854 0.0373525 -0.619622 
-1.63054 -0.14307 0.336375 
-0.579646 -0.434622 0.129081 
-0.68166 -0.432717 -0.630101 
-0.605352 -0.356261 -0.637339 
-1.18542 -0.419755 0.360625 
-0.597894 0.556175 -0.0229777 
-0.601386 0.00477843 0.350136 
-0.717331 -0.419646 -0.644205 
-0.622767 0.564435 -0.378582 
-1.14514 -0.436148 0.327527 
-0.559596 -0.443165 0.214948 
-0.57618 0.579224 -0.237835 
-1.59171 -0.0377031 -0.649906 
-0.626805 -0.222223 -0.655719 
-0.596206 -0.418965 -0.441212 
-1.59604 -0.432256 0.183643 
-1.5832 -0.360074 -0.635799 
-1.51672 0.580325 0.35725 
-1.57481 0.559987 0.153722 
1.29052 -0.109715 0.0528192 
-0.595004 0.566676 -0.101813 
-1.60041 0.562265 -0.362043 
-0.568379 0.23448 0.387852 
-1.32968 0.581564 -0.63202 
-0.582385 -0.422434 0.0230985 
-1.61133 0.308431 -0.658508 
-0.589546 -0.433998 0.0942489 
-1.56953 0.34263 0.349908 
-0.627786 0.268996 0.363821 
-1.58785 0.439315 0.354114 
-1.10901 -0.4443 0.32454 
-1.57927 -0.128912 0.358373 
-0.594589 -0.183178 -0.644828 
-0.881534 -0.433851 0.308091 
-1.59125 0.567353 -0.0412669 
-0.270526 -2.24216 -2.48272 
-0.862988 0.566172 -0.658569 
-1.58009 0.563526 -0.521134 
-1.09082 -0.44769 -0.630243 
-1.6213 0.556709 -0.591929 
-1.10374 0.553707 -0.679711 
-0.593745 -0.039603 0.34968 
-1.58966 -0.4422 -0.364465 
-1.03997 -0.433271 0.31652 
-1.4959 -0.410989 0.358609 
-1.03289 -0.446527 0.333257 
-0.677876 -0.419193 0.352661 
-0.578356 -0.431844 0.218217 
-1.28235 0.576288 0.358939 
-1.59827 0.581264 -0.00905367 
-0.605461 -0.411782 -0.345947 
-1.56311 0.100686 -0.664615 
-0.714927 -0.433161 -0.641773 
-1.59783 -0.357842 -0.648693 
-1.12631 0.552036 0.320857 
-1.10342 0.589329 -0.630248 
-0.886621 0.552371 -0.667314 
-1.04618 0.58604 -0.642507 
-0.806651 0.592572 0.37012 
-0.599946 0.283842 0.365462 
-1.59521 -0.281604 -0.649207 
-1.17724 0.58228 -0.620596 
-0.585259 -0.398576 -0.664687 
-0.584971 -0.174743 0.366451 
-1.29531 -0.434571 -0.650652 
-0.581407 0.601837 -0.165935 
-1.60366 -0.421184 0.014824 
-1.58701 0.564551 0.0908143 
-1.61357 -0.104101 0.33172 
-0.590714 0.535053 0.354338 
