1 -9.26658 -2.19481 
1 5.13997 1.33223 
1 8.81227 1.23576 
1 -6.91354 -1.53265 
1 3.55294 1.13567 
1 -5.86368 -1.28127 
1 -11.7913 -2.23271 
1 -7.61582 -0.542892 
1 -10.7869 -2.24096 
1 -8.3837 -1.86461 
1 -7.09915 -2.0766 
1 -12.5355 -2.31948 
1 -2.79979 1.02617 
1 0.404125 1.08847 
1 -6.97428 -0.723931 
1 -11.2669 -2.17341 
1 -7.58947 -0.586725 
1 -0.221459 -1.87336 
1 -9.42524 -2.13015 
1 -9.04521 -2.09925 
1 -11.7432 -2.27172 
1 4.47309 1.17514 
1 -9.72621 -2.16427 
1 1.22394 0.40642 
1 5.63719 1.16385 
1 1.5492 1.08777 
1 -7.46487 -2.05161 
1 -9.2073 -2.05158 
1 -10.9657 -2.2557 
1 -8.32635 -1.85079 
1 3.0793 1.10892 
1 9.72657 1.28182 
1 -4.30286 -0.903367 
1 -1.07248 -0.133157 
1 -4.26633 -0.908179 
1 -8.41551 -0.307007 
1 -5.97702 -1.31045 
1 6.51411 1.17729 
1 0.164948 0.155078 
1 -4.42628 -1.98375 
1 -10.5973 -2.2182 
1 -10.5195 -2.19629 
1 -7.7024 -0.545053 
1 1.82235 0.549587 
1 8.13229 1.23852 
1 -7.2311 -1.60536 
1 -1.40906 1.06856 
1 -1.37402 -0.208358 
1 6.36818 1.61224 
1 -2.68251 -0.541744 
1 -12.4254 -2.32814 
1 -0.313001 0.0299176 
1 6.02669 1.54079 
1 10.1756 1.25251 
1 6.57758 1.6931 
1 3.19897 1.11871 
1 5.34673 1.18314 
1 -1.34572 1.04004 
1 2.3776 0.670963 
1 -4.72658 -1.29478 
1 0.10781 1.03017 
1 -11.3791 -2.21968 
1 -7.20154 -2.07512 
1 -2.63401 -1.86434 
1 -0.0781811 0.0772697 
1 -11.8491 -2.31531 
1 -3.86681 -1.96523 
1 5.93818 1.52248 
1 -8.84783 -2.15097 
1 -6.30817 -1.37599 
1 -2.61939 -1.84518 
1 -9.6687 -2.18861 
1 4.41724 1.17595 
1 -1.23756 -0.198517 
1 -10.5483 -2.39617 
