1 5.36316 -1.6826 
1 -12.2211 -2.22396 
1 -1.71171 -1.91751 
1 1.78593 -1.77654 
1 3.29125 -1.73552 
1 -2.43661 -1.88492 
1 -2.27971 -1.96581 
1 -3.32835 -1.92671 
1 -10.0028 -2.14488 
1 2.36746 -3.15305 
1 4.49652 -1.6552 
1 1.04238 -2.85492 
1 -3.88915 -1.99825 
1 -8.61695 -2.15174 
1 -5.233 -1.96997 
1 -2.97623 -1.90206 
1 -2.17556 -1.79507 
1 -0.200797 -1.82713 
1 0.00749209 -1.84016 
1 -8.51349 -2.08676 
1 1.22553 -1.76153 
1 6.89813 -1.60439 
1 -11.6761 -2.24913 
1 0.154648 -1.80512 
1 -2.91237 -1.91152 
1 -0.738749 -1.86635 
1 -12.2489 -2.25185 
1 6.05417 -1.56373 
1 -11.7515 -2.19522 
1 -2.36038 -1.92767 
1 -7.42193 -2.08662 
1 6.29195 -1.61167 
1 1.54216 -1.78217 
1 6.41672 -1.56794 
1 -11.5478 -2.25993 
1 -3.33806 -1.94061 
1 2.56761 -1.763 
1 0.945387 -1.77927 
1 -5.19731 -1.18185 
1 -7.68952 -2.04615 
1 3.49933 -1.71872 
1 6.11075 -1.59105 
1 2.59091 -1.73093 
1 -10.5827 -2.16877 
1 0.432232 -1.79478 
1 1.33943 -1.78491 
1 0.746932 -2.75546 
1 -7.29459 -2.08056 
1 0.791734 -1.74616 
1 -3.22046 -1.91344 
1 -7.61375 -2.07145 
1 -2.45847 -1.88784 
1 -2.70412 -1.94578 
1 2.53682 -1.80541 
1 -5.9384 -2.03957 
1 6.12795 -1.69319 
1 6.52288 -1.63467 
1 2.34294 -3.13788 
1 4.33059 -1.68334 
1 0.0409359 -1.83622 
1 6.54274 -1.58973 
1 -11.031 -2.22205 
1 -4.9721 -1.96222 
1 -6.03932 -2.02664 
1 5.05666 -3.87744 
1 -3.84369 -1.52628 
1 -3.31352 -1.94951 
1 -5.87233 -0.954623 
1 3.8524 -1.70484 
1 -0.518786 -1.81525 
1 7.1469 -1.57807 
1 6.84934 -1.64472 
1 0.70242 -1.72681 
1 -8.5994 -2.11319 
1 -10.2437 -2.18057 
1 -10.627 -2.20881 
1 -9.61677 -2.18033 
1 7.41403 -1.55828 
1 1.66172 -1.77183 
1 -11.614 -2.27344 
1 3.31387 -1.6949 
1 -1.5834 -1.88513 
1 7.48202 -1.57651 
1 4.83174 -1.66737 
1 -2.08151 -1.92244 
1 -1.36442 -2.16079 
1 -6.09608 -2.03181 
1 -11.1819 -2.16205 
1 -0.477462 -1.84404 
1 -11.1808 -2.23184 
