1 -9.26658 -2.19481 
1 8.81227 1.23576 
1 5.36316 -1.6826 
1 -5.17965 1.01267 
1 6.70727 -4.3164 
1 3.29125 -1.73552 
1 -5.86368 -1.28127 
1 -7.61582 -0.542892 
1 7.47702 -4.51702 
1 -10.9984 0.314118 
1 4.49652 -1.6552 
1 -5.20325 0.957907 
1 -4.97567 0.971498 
1 7.17718 -4.41764 
1 -3.88915 -1.99825 
1 -8.61695 -2.15174 
1 -5.233 -1.96997 
1 -2.79979 1.02617 
1 -2.17556 -1.79507 
1 -0.200797 -1.82713 
1 -8.51349 -2.08676 
1 1.22553 -1.76153 
1 3.59097 -3.42734 
1 6.89813 -1.60439 
1 -2.21171 -1.8775 
1 0.154648 -1.80512 
1 -7.58947 -0.586725 
1 -0.221459 -1.87336 
1 -8.73771 0.92146 
1 -0.738749 -1.86635 
1 -7.85879 0.893725 
1 1.22394 0.40642 
1 -2.36038 -1.92767 
1 -5.67667 0.97582 
1 -9.2073 -2.05158 
1 -7.62768 0.916802 
1 -7.42193 -2.08662 
1 3.49035 -1.71265 
1 -9.56885 -0.0179609 
1 1.54216 -1.78217 
1 -11.0785 0.297179 
1 -3.33806 -1.94061 
1 -4.30286 -0.903367 
1 -1.07248 -0.133157 
1 -8.41551 -0.307007 
1 1.33943 -1.78491 
1 -7.29459 -2.08056 
1 0.791734 -1.74616 
1 0.164948 0.155078 
1 -7.61375 -2.07145 
1 -2.70412 -1.94578 
1 2.53682 -1.80541 
1 -7.7024 -0.545053 
1 6.12795 -1.69319 
1 8.13229 1.23852 
1 -7.72064 -0.452319 
1 6.52288 -1.63467 
1 -1.37402 -0.208358 
1 2.34294 -3.13788 
1 0.921312 -1.76417 
1 -8.46461 -0.336522 
1 4.33059 -1.68334 
1 6.54274 -1.58973 
1 10.1756 1.25251 
1 -6.03932 -2.02664 
1 5.05666 -3.87744 
1 -7.09725 0.941658 
1 -1.34572 1.04004 
1 -5.87233 -0.954623 
1 6.84934 -1.64472 
1 -11.3791 -2.21968 
1 -7.20154 -2.07512 
1 7.41403 -1.55828 
1 -1.5834 -1.88513 
1 -5.00491 0.983441 
1 7.48202 -1.57651 
1 -2.08151 -1.92244 
1 -11.4309 0.469073 
1 -6.09608 -2.03181 
1 -11.1808 -2.23184 
