1 0.873878 -1.8313 
1 -12.2211 -2.22396 
1 -1.71171 -1.91751 
1 1.78593 -1.77654 
1 -2.43661 -1.88492 
1 -1.21387 -1.86512 
1 -10.7869 -2.24096 
1 -2.27971 -1.96581 
1 -3.32835 -1.92671 
1 -8.3837 -1.86461 
1 -10.0028 -2.14488 
1 2.36746 -3.15305 
1 1.04238 -2.85492 
1 -7.09915 -2.0766 
1 -12.5355 -2.31948 
1 -2.97623 -1.90206 
1 0.00749209 -1.84016 
1 -12.2489 -2.25185 
1 6.05417 -1.56373 
1 -11.7515 -2.19522 
1 -7.46487 -2.05161 
1 6.29195 -1.61167 
1 -8.32635 -1.85079 
1 6.41672 -1.56794 
1 -11.5478 -2.25993 
1 2.56761 -1.763 
1 0.945387 -1.77927 
1 -7.68952 -2.04615 
1 3.49933 -1.71872 
1 6.11075 -1.59105 
1 2.59091 -1.73093 
1 -5.97702 -1.31045 
1 0.432232 -1.79478 
1 0.746932 -2.75546 
1 1.36697 -1.79253 
1 -3.22046 -1.91344 
1 -3.02871 -1.91624 
1 -2.45847 -1.88784 
1 -4.42628 -1.98375 
1 -5.9384 -2.03957 
1 4.76044 -1.69773 
1 0.0409359 -1.83622 
1 3.19897 1.11871 
1 -3.31352 -1.94951 
1 -4.72658 -1.29478 
1 3.8524 -1.70484 
1 -0.518786 -1.81525 
1 -1.41513 -1.89461 
1 7.1469 -1.57807 
1 0.70242 -1.72681 
1 -2.63401 -1.86434 
1 3.92589 -3.53444 
1 1.66172 -1.77183 
1 -0.0781811 0.0772697 
1 3.31387 -1.6949 
1 -11.8491 -2.31531 
1 4.83174 -1.66737 
1 -3.86681 -1.96523 
1 -1.36442 -2.16079 
1 -0.477462 -1.84404 
