1 5.13997 1.33223 
1 -6.91354 -1.53265 
1 -2.28914 1.0189 
1 3.55294 1.13567 
1 -11.7913 -2.23271 
1 0.404125 1.08847 
1 -6.97428 -0.723931 
1 -11.6761 -2.24913 
1 -2.91237 -1.91152 
1 -11.2669 -2.17341 
1 -9.42524 -2.13015 
1 -9.04521 -2.09925 
1 -11.7432 -2.27172 
1 4.47309 1.17514 
1 -9.72621 -2.16427 
1 5.63719 1.16385 
1 1.5492 1.08777 
1 -10.9657 -2.2557 
1 3.0793 1.10892 
1 -2.09618 -1.91084 
1 9.72657 1.28182 
1 -5.19731 -1.18185 
1 -4.26633 -0.908179 
1 -10.5827 -2.16877 
1 6.51411 1.17729 
1 -10.5973 -2.2182 
1 -10.5195 -2.19629 
1 1.82235 0.549587 
1 -7.2311 -1.60536 
1 -1.40906 1.06856 
1 6.36818 1.61224 
1 -2.68251 -0.541744 
1 -12.4254 -2.32814 
1 -3.40589 1.01322 
1 -0.313001 0.0299176 
1 6.02669 1.54079 
1 -11.031 -2.22205 
1 -4.9721 -1.96222 
1 6.57758 1.6931 
1 -3.84369 -1.52628 
1 5.34673 1.18314 
1 2.3776 0.670963 
1 0.10781 1.03017 
1 -8.5994 -2.11319 
1 -10.2437 -2.18057 
1 -10.627 -2.20881 
1 -9.61677 -2.18033 
1 -11.614 -2.27344 
1 -3.74309 0.992951 
1 -3.01061 1.02729 
1 -11.7091 -2.24194 
1 5.93818 1.52248 
1 -8.84783 -2.15097 
1 -6.30817 -1.37599 
1 -2.61939 -1.84518 
1 -9.6687 -2.18861 
1 4.41724 1.17595 
1 -1.23756 -0.198517 
1 -11.1819 -2.16205 
1 -10.5483 -2.39617 
