1 2.65262 2.85567 
1 -2.16221 -9.5439 
1 4.00272 6.40591 
1 2.48523 2.33598 
1 0.912586 -1.61359 
1 -1.88437 -8.81268 
1 -1.1958 -7.12408 
1 4.6061 7.93368 
1 -0.846834 -6.04425 
1 2.02174 1.25577 
1 -1.20993 -7.07831 
1 0.735606 -2.10587 
1 -0.899305 -6.25765 
1 0.845067 -1.7902 
1 -0.00457946 -4.06925 
1 3.83276 5.87105 
1 -1.79422 -8.61781 
1 -1.27504 -7.27517 
1 -0.481978 -5.16748 
1 4.12595 6.73586 
1 -0.60608 -5.52583 
1 1.22074 -0.73544 
1 3.05929 3.81411 
1 -0.54656 -5.36084 
1 3.72418 5.67269 
1 3.67952 5.45766 
1 -1.00972 -6.54128 
1 0.249291 -3.32322 
1 -1.96739 -9.03567 
1 3.37936 4.78036 
1 2.21752 1.7229 
1 -0.666099 -5.70877 
1 2.20703 1.5928 
1 -1.6497 -8.23195 
1 3.08788 4.01917 
1 0.588645 -2.36784 
1 2.82066 3.29532 
1 -1.82021 -8.63791 
1 -1.39364 -7.54756 
1 4.97221 8.8232 
1 2.56968 2.56433 
1 -0.367488 -4.93619 
1 4.22611 6.99777 
1 -0.758631 -5.91726 
1 4.96295 8.71585 
1 -0.345636 -4.87335 
1 4.51674 7.62906 
1 2.18043 1.70931 
1 1.81759 0.830374 
1 4.07021 6.58198 
1 -0.00769209 -3.92926 
1 -2.17922 -9.50726 
1 -1.58569 -8.02677 
1 -0.413495 -5.10199 
1 2.24226 1.75579 
1 3.84828 5.9412 
1 -0.150085 -4.29055 
1 0.522638 -2.58287 
1 3.98502 6.3493 
1 1.42432 -0.220846 
1 -0.227774 -4.45979 
1 4.08527 6.56513 
1 3.91044 6.03352 
1 2.03204 1.22281 
1 1.20404 -0.930492 
1 3.76024 5.72293 
1 0.656963 -2.25129 
1 1.42492 -0.308292 
1 -1.56236 -7.88283 
1 4.74258 8.27766 
1 2.76907 3.16119 
1 -0.104553 -4.2955 
1 3.81252 5.83412 
1 0.181044 -3.47271 
1 3.12769 4.14717 
1 1.35277 -1.25552 
1 -1.80878 -8.56821 
1 0.589706 -2.31737 
1 -0.821192 -6.12472 
1 -2.14368 -9.60939 
1 3.6204 5.35016 
1 4.8305 8.53429 
1 0.81715 -1.82002 
1 3.74727 5.64416 
1 -0.701318 -5.82753 
1 4.11367 6.62391 
1 3.05811 3.81761 
1 2.62807 2.81916 
1 4.4694 7.55546 
1 3.81842 5.81337 
1 0.459605 -2.82395 
1 2.14592 1.62326 
1 3.43534 4.82854 
1 2.17736 1.67225 
1 2.15763 1.53595 
1 2.96254 3.64106 
1 0.607358 -2.4502 
1 -1.96269 -9.01139 
1 3.28611 4.51147 
1 0.536211 -2.60145 
1 4.38798 7.30644 
1 4.09706 6.66707 
1 1.43877 -0.32513 
1 0.319427 -3.22938 
1 -0.806918 -6.03186 
1 2.24947 1.93797 
1 4.97024 8.91055 
1 1.31966 -0.576439 
1 -0.0359461 -4.12504 
1 3.79732 5.88712 
1 -0.67206 -5.71376 
1 3.91412 6.06979 
1 1.43088 -0.247345 
1 -1.74991 -8.4851 
1 1.35927 -0.481887 
1 -2.18015 -9.59534 
1 0.391622 -2.94636 
1 -0.154382 -4.33868 
1 4.73233 8.22337 
1 -0.674493 -5.67817 
1 4.72353 8.20837 
1 0.256503 -3.30364 
1 4.0668 6.60441 
1 4.28453 7.04002 
1 3.36592 4.67903 
1 4.49649 7.573 
1 1.08134 -1.18703 
1 0.646522 -2.20185 
1 -1.4477 -7.66105 
1 -0.704661 -5.801 
1 -0.296268 -4.86761 
1 1.2482 -0.735664 
1 -1.51787 -7.82572 
1 -0.775193 -5.94002 
1 -1.43644 -7.52834 
1 0.688198 -0.40811 
1 2.85262 3.40307 
1 3.74109 5.70876 
1 1.81983 0.646181 
1 1.24364 -0.74369 
1 -1.4609 -7.72024 
1 3.50885 5.13523 
1 -0.959912 -6.43822 
1 0.137319 -3.61918 
1 -1.17553 -6.99102 
1 2.58657 2.75694 
1 -1.14599 -7.01082 
1 3.87231 6.02533 
1 -0.844643 -6.08756 
1 1.92577 1.00285 
1 -1.81993 -8.67164 
1 3.50978 5.12132 
1 0.317152 -3.09107 
1 2.1837 1.69878 
1 4.79387 8.26734 
1 -0.177324 -4.48772 
1 3.21059 4.35303 
1 -1.54091 -7.87965 
1 4.44275 7.47606 
1 2.23464 1.72805 
1 -0.415629 -4.90401 
1 4.64285 8.04989 
1 3.60876 5.29434 
1 4.2346 6.90898 
1 2.44391 2.34044 
1 2.18518 1.59187 
1 4.15031 6.84539 
1 2.57174 2.54778 
1 1.40688 -0.378318 
1 -1.47628 -7.71833 
1 -0.226965 -4.52722 
1 4.4998 7.64497 
1 -1.91439 -8.85999 
1 1.06814 -1.23693 
1 3.81236 5.92893 
1 1.16823 -0.999453 
1 1.08467 -1.17182 
1 -1.39261 -7.65308 
1 -1.75359 -8.55528 
1 -0.372545 -5.00425 
