1 -0.505431 -7.96522 
1 -0.422287 -7.63141 
1 -2.01672 3.4212 
1 -0.475903 -6.15834 
1 -0.447759 -5.09307 
1 -0.431165 -6.9035 
1 -0.470014 -7.38423 
1 -0.451003 -7.66182 
1 -0.438308 -8.92226 
1 -0.467012 -7.31701 
1 -0.465262 -6.16074 
1 -0.479184 -6.94909 
1 -0.453271 -5.06563 
1 -0.450047 -5.94142 
1 -0.469018 -8.60986 
1 -0.437434 -8.78893 
1 -0.462766 -7.15742 
1 -0.489381 -6.72171 
1 -0.460499 -5.86621 
1 -0.470863 -6.02912 
1 -0.469283 -5.65037 
1 -0.444381 -5.61294 
1 -0.483781 -7.41795 
1 -0.490826 -6.336 
1 -0.468769 -5.74132 
1 -0.493172 -8.05323 
