0.645957	-0.211862	-3.0507	 0
0.615021	0.460044	-2.11612	 0
0.42593	-0.272598	-1.5329	 0
-0.433771	0.701922	-0.679931	 0
-0.58133	0.711123	-0.89726	 0
1.63088	-0.2822	-3.05344	 0
-0.530856	-0.26782	-1.68198	 0
1.6495	-0.536424	-2.27231	 0
-0.562398	-0.119102	-1.6723	 0
-0.405672	-0.300725	-1.67994	 0
0.700939	-0.606735	-3.061	 0
0.635736	-0.565231	-2.99942	 0
0.266105	-0.316624	-0.655743	 0
0.446438	0.742935	-1.64418	 0
-0.56855	0.741067	-1.5219	 0
1.63271	0.335573	-3.09292	 0
1.61938	0.390624	-2.37622	 0
0.677977	0.422228	-2.03782	 0
-0.560487	0.298564	-1.67241	 0
1.63715	0.426073	-2.24094	 0
0.398114	0.271614	-1.65516	 0
0.629479	0.415311	-3.06372	 0
1.62423	-0.234219	-2.03677	 0
0.40564	-0.0558365	-0.67437	 0
1.28408	-0.493762	-2.01781	 0
1.61191	0.369423	-2.07418	 0
0.426658	0.32725	-0.66309	 0
0.610348	0.319598	-3.06004	 0
0.305919	-0.267398	-0.659124	 0
0.430662	0.756204	-0.946017	 0
1.61125	-0.641425	-2.29886	 0
1.32178	0.41208	-3.03989	 0
0.614169	-0.5947	-2.02618	 0
0.620735	0.421865	-2.35233	 0
1.6232	0.435223	-2.43569	 0
1.61675	-0.392774	-2.06847	 0
-0.618219	0.124212	-1.66276	 0
-0.34477	-0.268976	-0.668093	 0
1.32761	0.443773	-2.06901	 0
1.64378	-0.325106	-3.02122	 0
0.363691	0.102786	-0.650327	 0
0.41765	-0.317301	-0.684825	 0
-0.606315	-0.267731	-1.3779	 0
1.50577	0.46637	-3.04711	 0
0.432816	0.707818	-1.67748	 0
-0.590687	0.712641	-1.4752	 0
-0.607997	0.567013	-0.664184	 0
0.398367	0.468158	-1.64727	 0
-0.570347	0.119493	-0.673798	 0
0.613724	-0.150649	-3.07862	 0
1.58414	-0.577897	-3.07039	 0
-0.604238	0.463415	-0.699307	 0
-0.606939	-0.268179	-1.57386	 0
0.635869	0.0638855	-3.0925	 0
1.05143	-0.55945	-2.05716	 0
0.427045	-0.0764761	-0.700766	 0
-0.247712	-0.238319	-0.669462	 0
-0.618067	-0.304714	-1.3407	 0
-0.680339	0.700125	-1.61667	 0
-0.577943	0.303393	-0.664571	 0
0.372988	0.178142	-0.649596	 0
1.08787	0.438405	-3.05168	 0
1.64059	0.461984	-2.97211	 0
0.647647	-0.55184	-2.33623	 0
1.61057	0.386765	-2.56305	 0
0.426245	0.721132	-1.36355	 0
-0.598242	-0.297006	-1.51704	 0
0.621378	0.195145	-2.05083	 0
0.787168	0.455366	-3.03313	 0
1.44755	-0.615886	-2.07348	 0
1.60845	-0.591281	-2.30378	 0
-0.601144	-0.028682	-1.67473	 0
-0.566308	-0.332764	-1.65599	 0
0.613382	0.378587	-2.14044	 0
0.406753	0.707799	-1.66093	 0
-0.495827	-0.29887	-0.637461	 0
1.5132	0.413617	-3.05803	 0
0.408973	0.515756	-1.6576	 0
1.62638	-0.571091	-2.9323	 0
0.473204	0.689726	-0.966423	 0
-0.153419	-0.303035	-1.64996	 0
-0.479157	0.738738	-1.66234	 0
0.654988	-0.506314	-2.39358	 0
-0.345567	-0.262823	-0.673594	 0
0.840264	-0.580136	-3.05651	 0
-0.618575	0.715341	-1.03906	 0
-0.586062	0.247133	-1.67038	 0
-0.551114	-0.267754	-1.04143	 0
-0.589375	0.693265	-1.6072	 0
1.64025	0.43327	-2.64039	 0
-0.561917	0.738947	-0.79748	 0
0.435175	0.53301	-1.6445	 0
1.63339	-0.564993	-2.54853	 0
-0.615864	0.660233	-0.792258	 0
0.734473	-0.562526	-2.04755	 0
-0.585147	-0.287176	-0.71282	 0
0.446531	-0.297722	-1.01876	 0
-0.539781	-0.277048	-0.703891	 0
-0.603055	-0.302115	-1.00123	 0
1.61875	-0.609465	-2.82266	 0
1.63169	-0.582185	-2.60503	 0
0.400119	-0.25811	-1.59696	 0
0.631415	-0.371539	-2.05664	 0
1.14649	-0.521781	-2.03802	 0
0.476389	0.712925	-0.801044	 0
1.62541	0.426668	-2.8766	 0
0.630388	-0.19968	-3.06823	 0
0.641522	-0.187679	-2.0501	 0
-0.563253	0.718335	-0.676828	 0
1.53436	-0.592481	-3.07063	 0
0.489613	-0.256548	-1.28111	 0
0.304605	-0.290128	-1.65555	 0
1.41241	-0.608362	-3.07203	 0
0.345712	-0.243042	-0.944103	 0
0.0620998	0.724322	-0.679489	 0
0.646141	-0.540412	-2.68501	 0
0.620843	0.448109	-3.02593	 0
0.294849	-0.267838	-0.633712	 0
0.601695	-0.0801691	-2.04934	 0
-0.545856	0.0890472	-1.66748	 0
-0.645648	0.683237	-1.61671	 0
0.114999	-0.28542	-0.672053	 0
-0.636149	0.714062	-1.66285	 0
0.383909	-0.2863	-0.685467	 0
-0.414657	0.702387	-0.6526	 0
0.6095	-0.34138	-3.07143	 0
0.375773	-0.118643	-0.652825	 0
1.0736	-0.565171	-2.03214	 0
0.40674	0.723389	-0.941274	 0
0.621495	-0.590947	-3.05578	 0
0.380658	-0.0711753	-0.679032	 0
1.22709	-0.544519	-3.04088	 0
0.622603	0.140289	-2.0469	 0
1.39211	-0.563905	-2.04518	 0
-0.547797	0.573356	-1.65507	 0
1.37524	0.459264	-2.04913	 0
0.385635	0.375402	-0.675803	 0
0.358538	-0.260738	-1.14702	 0
0.604574	-0.280871	-3.0449	 0
-0.574016	-0.285169	-1.16995	 0
0.608081	-0.0861488	-2.09369	 0
-0.556138	0.700965	-0.979607	 0
1.08603	0.425991	-2.06497	 0
-0.568469	-0.30068	-1.38143	 0
0.388618	0.730604	-1.60789	 0
-0.583972	0.467709	-0.656126	 0
0.134662	0.712097	-1.68016	 0
-0.615925	0.703615	-1.25914	 0
0.354426	-0.280264	-1.2882	 0
-0.635915	0.275877	-1.66546	 0
0.619483	-0.544433	-2.04961	 0
1.48621	-0.591452	-3.0595	 0
0.62245	-0.277618	-2.05807	 0
-0.52425	0.0421057	-0.689539	 0
0.427782	0.47133	-0.688144	 0
0.111184	-0.293661	-0.663063	 0
-0.268887	-0.295728	-0.67177	 0
0.42805	-0.304152	-1.24918	 0
0.443775	-0.280983	-0.909687	 0
1.62512	-0.582003	-2.53873	 0
0.63281	0.161841	-3.03425	 0
-0.384273	-0.292435	-0.675867	 0
-0.196769	-0.310278	-1.65665	 0
-0.582663	-0.263911	-1.33367	 0
1.66001	0.483523	-2.68091	 0
-0.132826	0.653236	-1.68227	 0
1.33925	-0.591907	-2.03363	 0
-0.602844	-0.230785	-1.64098	 0
0.395922	0.722878	-1.04377	 0
0.620834	0.224517	-2.03935	 0
0.417248	-0.281374	-1.15255	 0
0.610925	0.122808	-3.09092	 0
0.150331	0.754199	-1.65833	 0
-0.1658	-0.310735	-1.64385	 0
0.440367	-0.173534	-1.67886	 0
1.27079	-0.563748	-3.05401	 0
0.393202	-0.282962	-1.45245	 0
-0.579357	0.209181	-0.657121	 0
0.620217	0.449823	-2.90602	 0
-0.5872	0.738436	-1.63163	 0
0.617472	-0.528932	-2.0554	 0
0.589114	-0.601559	-2.0777	 0
-0.566381	-0.182516	-1.67031	 0
0.0622134	0.724472	-1.66472	 0
0.637242	-0.332889	-2.03839	 0
0.874759	-0.593894	-3.05073	 0
-0.620897	0.128619	-1.6781	 0
-0.211376	0.72866	-0.666008	 0
-0.562749	0.709068	-1.61561	 0
-0.566411	0.714229	-1.69551	 0
0.976935	-0.613068	-2.06878	 0
-0.491984	-0.299724	-1.68952	 0
0.392786	0.666922	-1.64271	 0
-0.653855	-0.0461702	-0.664486	 0
-0.601974	0.707841	-1.56598	 0
0.621537	-0.336039	-2.03805	 0
-6.62589	-1.01329	1.16981	 1
-7.59406	-0.315222	0.0998554	 1
-7.20809	-0.975911	1.13386	 1
-3.30009	1.63057	4.71147	 2
