1 2.44366 -0.179022 
1 0.740699 1.82955 
1 -4.42776 4.85818 
1 -3.32452 3.9926 
1 -7.82348 6.93574 
1 -1.97318 3.45434 
1 -5.65179 5.66286 
1 -8.40097 7.24848 
1 -7.11561 6.50218 
1 -0.0140263 2.35897 
1 -3.87104 6.26662 
1 2.65844 0.471546 
1 -2.07499 3.4855 
1 1.66844 -0.0881797 
1 1.03148 1.73245 
1 -0.860637 2.73087 
1 -3.03495 2.93167 
1 -7.57637 6.77059 
1 -4.55859 4.99167 
1 2.68992 0.450787 
1 0.0130687 2.2593 
1 -7.15129 6.51205 
1 -3.74227 5.66148 
1 -0.705079 2.67922 
1 -3.43308 4.42889 
1 -7.67746 6.81817 
1 -2.64252 3.83414 
1 4.73464 -2.88933 
1 -4.53003 4.93322 
1 -4.6244 5.06775 
1 -6.65594 6.22698 
1 -2.49782 3.74081 
1 1.10109 1.64553 
1 -1.35252 3.07005 
1 1.93049 -0.117959 
