1 4.66576 4.51967 
1 0.0680615 3.51383 
1 6.3846 4.89161 
1 5.17157 4.63562 
1 6.43971 4.93358 
1 -1.18511 3.20121 
1 2.82015 4.09789 
1 6.01047 4.8283 
1 -3.77586 2.60708 
1 -9.2331 1.37625 
1 7.83781 5.24289 
1 4.39833 4.46929 
1 -4.03915 2.51842 
1 -2.05333 2.98649 
1 -7.96943 1.70122 
1 -3.8308 2.61351 
1 -4.15572 2.53249 
1 -1.27029 3.1679 
1 -5.43917 2.23703 
1 -5.40052 2.22835 
1 1.21839 3.74439 
1 9.03822 5.54886 
1 0.126423 3.477 
1 3.18263 4.15732 
1 9.25119 5.56097 
1 -6.38815 2.00372 
1 4.76883 4.50551 
1 -9.199 1.39675 
1 -1.1294 3.19856 
1 -5.68941 2.16283 
1 8.95037 5.48801 
1 -9.94832 1.23801 
1 2.13697 3.92246 
1 -0.233255 3.40868 
1 -3.23261 2.74436 
1 -2.99219 2.77572 
1 -8.33781 1.55852 
1 0.37414 3.55312 
1 -9.96839 1.23684 
1 -8.17446 1.5904 
1 5.42604 4.70787 
1 -6.27501 2.04136 
1 -9.69904 1.2755 
1 -2.07046 2.99542 
1 -7.73091 1.71083 
1 0.575912 3.58127 
1 -0.857468 3.25539 
1 -4.65 2.42123 
1 -1.77465 3.10181 
1 1.54047 3.798 
1 -9.17761 1.37587 
1 3.93463 4.35496 
1 3.01954 4.16057 
1 -0.742583 3.30448 
1 -8.85818 1.46736 
1 -0.89663 3.2542 
1 -3.03224 2.25394 
1 3.27416 4.17562 
1 4.60186 4.52516 
1 -3.4876 3.30931 
1 7.29179 5.11338 
1 6.72114 4.96176 
1 -3.58924 2.69479 
1 -9.12225 1.43806 
1 5.94453 4.78717 
1 -2.89676 2.80135 
1 6.35298 4.86747 
1 -3.04673 2.53566 
1 9.25876 5.56044 
1 -3.43346 3.09955 
1 -3.17598 2.68458 
1 0.131089 3.49217 
1 -8.9488 1.45137 
1 -4.42228 2.48539 
1 -6.01273 2.12039 
1 -5.56609 2.20423 
1 1.77543 3.85554 
1 3.01529 4.14478 
1 6.26953 4.83537 
1 2.77554 4.096 
1 6.99738 5.05769 
1 -6.41147 2.02787 
1 0.588269 3.61214 
1 3.72848 4.28934 
1 7.39112 5.12308 
1 6.77694 5.02103 
1 -3.85678 2.58852 
1 -6.79865 1.91285 
1 6.62494 4.96217 
1 -0.442322 3.33213 
1 -1.11434 3.2089 
1 -7.52997 1.76564 
1 2.89064 4.11842 
1 -0.293229 3.40984 
1 0.810387 3.67308 
1 5.19408 4.65311 
1 5.37924 4.71139 
1 1.55775 3.78523 
1 4.91287 4.54544 
1 -8.39314 1.57184 
1 0.811443 3.64237 
1 -4.5749 2.41536 
1 -2.95646 2.77734 
1 -3.01762 2.18415 
1 2.71745 4.0875 
1 9.12621 5.52779 
1 -0.526594 3.30658 
1 3.90285 4.33567 
1 8.17864 5.32214 
1 -9.27839 1.35312 
1 5.41213 4.68465 
1 2.55191 4.04265 
1 4.78419 4.53212 
1 4.62021 4.52527 
1 3.98654 4.39613 
1 -0.446145 3.34576 
1 5.11697 4.61817 
1 -4.03915 2.55502 
1 -3.43817 2.62383 
1 -2.64733 2.86329 
1 2.05697 3.89116 
1 6.66549 4.96412 
1 -3.11459 2.74158 
1 1.49818 3.78816 
1 -2.66376 2.85763 
1 4.80953 4.52278 
1 -6.3991 2.02654 
1 -7.61435 1.73016 
1 -5.42355 2.27259 
1 0.179191 3.48797 
1 -1.39021 3.14296 
1 0.218666 3.50214 
1 7.30748 5.11745 
1 6.27405 4.89618 
1 7.15363 5.09297 
1 -2.33248 0.668723 
1 -6.6707 1.9584 
1 -3.14298 2.7558 
1 8.70698 5.44957 
1 -5.23214 2.23331 
1 4.47951 4.48763 
1 5.13749 4.63878 
