-1.07 -0.853191 0.912943 
-0.0875718 -0.208423 1.88319 
-0.910538 -1.06308 1.89462 
-0.995887 -0.0601786 0.88564 
-0.0783564 -0.764246 0.894887 
-1.07198 -0.251044 0.902552 
-0.0744429 -0.0561518 0.950137 
-0.0663262 -0.181386 0.887257 
-1.09386 -0.922585 1.8799 
-1.09037 -0.934151 0.901766 
-1.07348 -0.0613265 0.902138 
-0.0642921 -0.978506 0.923071 
-0.927917 -1.03439 0.893126 
-0.0562883 -1.03637 1.26898 
-1.06474 -0.0541452 1.69273 
-0.0784619 -0.0531038 0.925865 
-0.0865884 -0.0574049 1.14857 
-1.07104 -0.0437223 1.4034 
-0.302913 -1.06471 0.906802 
-0.0678806 -0.0475175 1.73889 
-0.591775 -1.03362 1.88283 
-0.205245 -0.0554606 1.88051 
-1.09535 -0.0709329 0.961776 
-0.0756326 -0.711329 1.90991 
-0.525276 -0.0557445 1.90422 
-0.0699299 -0.166425 1.89077 
-1.06734 -0.309152 1.90191 
-1.07833 -0.0316173 1.63707 
-0.0665195 -0.0383471 1.18368 
-0.0836175 -1.02826 1.90522 
-0.723424 -0.0470541 0.908116 
-0.132758 -1.0543 0.885299 
-1.08017 -1.04347 1.09263 
-0.0765364 -0.0545549 1.28856 
-0.0826111 -1.0541 1.65433 
-1.08112 -0.515852 0.913593 
-0.0669281 -1.01886 0.934989 
-0.0739608 -1.0401 1.27815 
-1.09033 -1.05859 1.65988 
-1.07893 -0.101963 0.898045 
-0.0801685 -0.509501 1.89574 
-0.0704787 -0.0350017 1.26 
-1.07373 -0.803401 0.908806 
-1.08198 -0.0154022 1.60498 
-0.575669 -1.04151 1.89653 
-0.0813389 -0.105799 0.905898 
-0.0929277 -0.044087 0.882126 
-0.482309 -0.0522259 1.9076 
-1.0642 -0.257804 0.897274 
-0.611819 -1.0498 1.90527 
-1.0838 -0.0557121 1.39096 
-0.072583 -0.88154 0.880572 
-1.0776 -1.03756 1.58692 
