7.03681 12.1893 5.46384 
6.97196 12.1687 4.45188 
6.97382 11.8425 5.21565 
6.75359 11.9251 4.48064 
6.79327 12.9744 5.50138 
6.07301 12.3004 5.51112 
5.99201 12.8459 5.48007 
6.99842 11.8894 4.44759 
5.9877 11.8745 5.33606 
6.40505 11.9845 5.48485 
6.03649 12.6737 5.5057 
6.92156 11.8941 5.46198 
6.89999 12.9119 4.44667 
6.00797 12.1469 4.46678 
6.97696 12.321 4.43987 
6.05278 12.3547 5.49742 
7.01345 12.9761 5.504 
5.98055 12.1528 5.46522 
5.98122 11.8797 5.01968 
7.01957 12.1191 5.47008 
6.07489 12.0165 4.90931 
6.89097 11.9095 4.46795 
6.01981 11.9567 4.52978 
6.78045 11.9207 5.47358 
5.97935 11.8838 4.48579 
5.93203 11.8205 5.41607 
6.87252 12.9574 4.48247 
5.94638 12.0327 5.42339 
6.01952 12.7487 5.46123 
6.06459 12.6308 4.52852 
6.6708 12.9717 5.49274 
6.05833 12.8946 4.47904 
7.09643 12.9554 4.50159 
6.15989 12.8656 5.44337 
5.96199 12.459 4.4659 
6.95299 11.8451 5.3292 
7.01313 12.462 5.51957 
6.03453 12.4222 5.51063 
5.98421 11.8628 4.46061 
7.02239 12.7001 4.46346 
6.94937 12.013 5.50412 
6.62301 12.9861 4.53926 
6.98185 12.9374 4.50584 
5.98787 12.8744 5.0938 
7.02078 12.9139 4.71709 
6.06096 11.9814 5.18947 
6.77732 11.8619 5.45521 
5.96028 12.8551 4.46946 
6.78641 12.9114 4.45697 
5.97969 12.9015 4.96776 
6.35341 12.9206 4.46218 
5.94669 11.8157 5.35109 
6.05975 12.991 4.5117 
6.50423 12.937 5.47891 
6.01003 11.9187 4.80949 
7.02526 12.9671 4.72091 
5.93698 12.8413 4.57894 
6.94355 11.8877 5.4329 
7.01212 11.9215 5.28631 
6.7268 12.016 4.52804 
5.98195 11.8659 4.68616 
6.03835 12.5638 5.48044 
6.79841 12.8795 5.45022 
7.02081 12.2022 5.45853 
6.97964 11.8517 4.97755 
6.09571 12.8832 5.45525 
5.90671 12.8012 5.22057 
6.43274 11.9958 5.48811 
6.63184 13.0287 4.50069 
6.03144 11.9179 4.83558 
7.02155 12.9317 4.57433 
6.9995 12.9496 5.48663 
6.64702 12.8598 4.44579 
7.03703 12.9313 4.471 
7.04729 12.9639 5.47391 
6.97795 11.8811 4.72812 
7.00633 12.8495 5.47118 
5.98284 12.0361 4.4703 
6.02754 12.9088 5.24049 
5.9996 11.901 5.11343 
6.96789 12.7554 5.44081 
6.96111 11.8475 5.43842 
6.01394 12.9263 4.60889 
6.01038 12.0344 5.49123 
7.0762 12.8339 4.50935 
6.94251 12.9239 4.45829 
6.49363 12.0592 4.49267 
5.95787 12.4111 4.44191 
6.03778 12.9101 4.49074 
6.48252 11.855 4.45342 
6.99151 12.0767 5.44578 
7.02328 11.9532 4.57552 
6.978 12.9084 5.04885 
5.92252 12.638 4.40919 
6.9516 11.8274 4.4471 
5.96436 12.5842 5.45063 
6.00856 12.8825 5.25497 
5.96573 11.9144 5.07854 
6.02624 12.6786 5.50342 
6.02193 12.1792 5.4438 
6.01858 11.9041 4.97462 
5.97381 11.861 5.08545 
6.98377 11.8635 4.72961 
6.97625 11.8665 4.48697 
6.9227 11.8309 4.45113 
5.96625 11.8504 4.70916 
6.35784 12.0182 4.51461 
6.02199 12.4166 4.48434 
5.95061 12.6208 4.4589 
7.06648 12.9633 5.28215 
7.0057 12.9094 4.79153 
6.01421 12.1476 5.46127 
6.21075 11.9307 4.4625 
5.97799 12.2841 4.45719 
7.06658 12.6272 4.50098 
6.02506 11.918 4.47683 
7.00807 12.3439 4.48553 
7.08498 13.0181 4.68674 
6.03169 12.8894 4.47209 
6.37965 12.8629 5.44749 
7.00339 12.885 4.4602 
6.04482 12.9705 4.66412 
6.39381 12.8225 4.43548 
5.98091 12.3782 4.44824 
6.0068 11.9831 4.79442 
6.99591 12.9781 5.2702 
6.28767 11.9356 4.47487 
6.04603 12.7668 4.51133 
6.02211 12.5952 5.47567 
5.9617 12.289 5.42862 
6.0029 12.939 4.73366 
6.06242 12.2892 4.48775 
7.00833 12.1117 5.46652 
