1 7.83131 4.69899 
1 -9.38336 -1.98174 
1 1.67251 2.27453 
1 -10.9026 -1.46807 
1 -6.70435 -1.14077 
1 -7.32473 -1.18828 
1 -1.26699 -0.208974 
1 -0.856627 1.33908 
1 3.03731 2.7706 
1 -8.72928 -1.71551 
1 2.13188 1.83551 
1 -3.13336 0.472979 
1 2.16137 1.96544 
1 -4.8742 -0.298757 
1 -8.45168 -1.2795 
1 2.48983 2.59446 
1 6.91203 4.30286 
1 1.99215 2.42633 
1 2.88161 3.44352 
1 -2.3875 0.704201 
1 -6.66894 -0.973158 
1 -3.10554 1.19806 
1 6.17453 4.0366 
1 -7.67706 -1.26401 
1 -10.1663 -2.23838 
1 -9.20119 -1.85672 
1 2.78343 2.70877 
1 -7.44998 -1.21893 
1 -11.2422 -1.47209 
1 -2.49174 0.804024 
1 3.41503 2.93192 
1 -0.347786 1.521 
1 0.569077 1.86362 
1 -0.535692 1.421 
1 -0.308149 1.52771 
1 -1.19849 1.20797 
1 -1.76728 0.325314 
1 3.15837 2.83686 
1 4.67617 3.4868 
1 2.70201 3.03948 
1 4.67655 3.40411 
1 -10.7728 -1.43868 
