1 -0.474439 0.681994 
1 -5.74617 4.42302 
1 0.481886 2.81448 
1 -7.04863 4.75662 
1 4.12344 1.86761 
1 -0.484663 0.661141 
1 -2.48521 3.56646 
1 10.2607 0.316799 
1 -5.5151 4.35293 
1 1.72966 2.48614 
1 -6.30761 4.57185 
1 -2.01672 3.4212 
1 -0.503242 2.58965 
1 -1.87609 3.40895 
1 -0.53271 2.22447 
1 -7.24976 4.82507 
1 1.40307 2.60556 
1 -5.57901 4.33193 
1 -3.7271 3.86578 
1 6.60647 1.23044 
1 5.33698 1.53718 
1 2.41403 2.27381 
1 -0.301584 3.00352 
1 6.36268 1.30991 
1 6.79745 -0.44947 
1 -4.51452 4.09273 
1 -0.501877 1.99598 
1 1.95583 2.42647 
1 0.727615 2.73487 
1 -0.508693 2.18029 
1 4.70309 1.73088 
1 7.72159 0.924176 
1 -5.2786 4.282 
1 -1.7635 3.36813 
1 3.11279 2.14988 
1 -0.489993 3.99694 
1 -0.496226 3.42114 
1 3.90241 1.92883 
1 -6.0807 4.4793 
1 -4.78384 4.16052 
1 -0.482399 3.4215 
1 -0.49336 2.85882 
1 -0.549748 3.03034 
1 -0.466196 1.10653 
1 2.04446 2.38431 
1 0.479546 2.77778 
1 3.96931 1.9054 
1 -0.542752 3.83916 
1 2.67859 2.28154 
1 -0.499362 0.94082 
1 3.38516 2.05396 
1 9.28352 0.503781 
1 0.861575 2.68163 
1 -3.56998 3.82556 
1 10.3354 0.299967 
1 -0.510229 0.742233 
1 4.3331 1.86143 
1 -5.03269 4.17802 
1 -6.41439 4.54694 
1 9.37429 0.534818 
1 3.04038 2.15808 
1 -0.486542 0.982998 
1 -7.22203 4.79285 
1 -0.486338 3.12822 
1 -0.507403 1.37582 
1 9.75832 0.359828 
1 3.82519 1.95486 
1 -7.00863 4.69692 
1 6.42699 -0.422079 
1 4.63686 1.79607 
1 -6.85816 4.69883 
1 -0.49889 1.29087 
1 9.88734 0.394717 
1 7.81995 0.901759 
1 6.84444 1.16363 
1 -0.494217 1.80531 
1 10.2025 0.345381 
1 -5.64937 4.38416 
1 9.73178 0.388701 
1 -6.91788 4.70017 
