1 -0.514114 -2.19438 
1 -0.511833 -2.35955 
1 -0.493481 -1.31273 
1 -0.495336 -4.11134 
1 -0.50856 -2.43205 
1 -0.462571 -3.34263 
1 -0.490174 -2.33558 
1 -0.536778 -1.45434 
1 -0.514644 -2.01593 
1 -0.485848 -3.86351 
1 0.321053 -4.95162 
1 -0.498814 -1.29128 
1 -0.501409 -3.04594 
1 -0.504169 -1.08471 
1 -0.48228 -1.06818 
1 -0.495532 -2.63703 
1 -3.34253 8.84988 
1 -0.438085 -1.58148 
1 -0.457099 -2.70936 
1 -2.42357 7.20791 
1 -0.472083 -2.51306 
1 -0.503801 -1.73902 
1 -0.412575 -4.17836 
1 -0.50409 0.113625 
1 -0.483825 -2.61663 
1 -0.533292 -1.14558 
1 -0.534643 -1.44798 
1 -0.528925 -0.86436 
1 -0.465168 -1.80182 
1 -0.443541 -2.3601 
1 -0.472372 -4.16747 
1 -0.469083 -1.90648 
1 -0.443331 -3.74618 
