1 -0.435671 -9.78829 
1 -0.438479 -9.52925 
1 -0.474323 -9.0064 
1 -0.465681 -11.1875 
1 -0.482555 -10.4899 
1 -0.450824 -12.0305 
1 -0.438308 -8.92226 
1 -0.466445 -12.1218 
1 -0.455959 -12.7422 
1 -0.457327 -11.419 
1 -0.434782 -9.40997 
1 -0.457859 -10.4368 
1 -0.452566 -11.0978 
1 -0.466929 -10.1226 
1 -5.72082 -0.121824 
1 -0.472207 -11.2249 
1 -0.469018 -8.60986 
1 -0.437434 -8.78893 
1 -0.426674 -12.3003 
1 -0.437845 -11.7156 
1 -0.444285 -9.35239 
1 -0.45213 -11.998 
1 -0.459025 -10.8217 
1 -0.464345 -9.29157 
1 -0.449243 -10.7529 
1 -0.431687 -9.87857 
1 -0.467405 -9.2939 
1 -0.436483 -11.0845 
1 -7.22203 4.79285 
1 -0.468176 -8.95694 
1 -0.420813 -9.02376 
1 -0.47179 -11.3054 
1 -0.418594 -12.0903 
1 -0.436894 -10.0229 
1 -0.444724 -9.65541 
1 -0.461267 -10.1355 
1 -0.463829 -11.8512 
1 -0.433592 -10.836 
1 -0.454919 -8.88744 
1 -0.493172 -8.05323 
