1 4.92755 4.1355 
1 -2.14977 -5.14489 
1 -1.01276 -3.13036 
1 2.5373 0.970821 
1 5.81886 5.34936 
1 6.52743 6.23557 
1 3.68529 2.52675 
1 3.78123 2.58964 
1 -3.84405 -7.41634 
1 0.899817 -1.07116 
1 1.05816 -0.93828 
1 5.66289 5.07941 
1 6.39935 6.04418 
1 3.00837 1.59285 
1 -3.21971 -6.59619 
1 -0.101586 -2.45442 
1 -5.54073 -9.59994 
1 2.82017 1.35859 
1 2.74687 1.21567 
1 3.12604 1.70557 
1 -1.88914 -4.80678 
1 1.76177 -0.100658 
1 -1.46209 -4.29997 
1 -2.67833 -5.89706 
1 2.25131 0.627113 
1 2.93033 1.55208 
1 2.72467 1.33371 
1 -2.76862 -5.96702 
1 3.02947 1.64607 
1 -4.18639 -7.81158 
1 -5.09047 -9.00125 
1 4.12616 3.14536 
1 5.0463 4.38512 
1 -0.345039 -2.87288 
1 3.38556 2.11847 
1 -3.87577 -7.37973 
1 4.08096 2.98454 
1 1.47247 -0.342709 
1 3.19443 1.86848 
1 0.460436 -1.79022 
1 -2.72448 -5.91697 
1 0.724828 -1.37665 
1 1.49248 -0.335356 
1 -3.18409 -6.50697 
1 4.77543 3.94851 
1 -2.61111 -5.74252 
1 0.965525 -1.09033 
1 0.235853 -2.02866 
1 -4.1969 -7.81848 
1 6.19049 5.78728 
1 -1.39169 -4.17076 
1 -1.36866 -4.21762 
1 3.82272 2.74407 
1 -2.40801 -5.47258 
1 2.14397 0.476377 
1 1.54391 -0.357331 
1 -2.48527 -5.55044 
1 -0.325233 -2.80113 
1 -2.31 -5.37792 
1 0.84494 -1.25968 
1 -4.47529 -8.23572 
1 -0.475736 -2.94953 
1 4.6804 3.74975 
1 1.01549 -0.985826 
1 0.23554 -2.02723 
1 1.18111 -0.793409 
1 -0.542117 -3.04858 
1 0.417878 -1.76965 
1 0.238595 -2.04616 
1 4.46541 3.54615 
1 -2.78202 -5.9474 
1 4.19739 3.13645 
1 -2.98594 -6.30324 
1 -3.70902 -7.25229 
1 -1.48831 -4.21779 
1 -4.38539 -8.00681 
1 -4.42923 -8.07934 
1 -2.32977 -5.43298 
1 3.27692 2.00946 
1 2.08352 1.40051 
1 2.34712 0.781281 
1 4.67265 3.77091 
1 6.12277 5.69657 
1 0.74202 -1.30064 
1 3.00874 1.56836 
1 0.611578 -1.45504 
1 4.46921 3.48709 
1 -3.94979 -7.4325 
1 1.51452 -0.331133 
1 -2.94639 -6.16894 
1 3.36665 2.03884 
1 4.19351 3.14032 
1 -4.86344 -8.72681 
1 1.24903 -0.761618 
1 4.99229 4.15212 
1 4.43679 3.50349 
1 5.16533 4.38366 
1 -4.90574 -8.80319 
1 4.70675 3.75602 
1 -2.7748 -5.92027 
1 -3.3148 -6.69027 
1 0.87663 -1.21471 
1 -1.49976 -4.27969 
1 0.951304 -1.17184 
1 1.06998 -0.924024 
1 3.03488 1.66606 
1 4.3753 3.40769 
1 -0.179046 -2.57438 
1 2.33456 0.70079 
1 -4.93562 -8.77388 
1 -4.11545 -7.76398 
1 0.908394 -1.13562 
1 2.69246 1.21101 
1 5.70485 5.15509 
1 0.479649 -1.70406 
1 -4.8353 -8.73739 
1 -2.09607 -5.08981 
1 -1.74005 -4.63879 
1 0.459365 -1.64688 
1 0.354027 -1.78642 
1 0.652323 -1.50804 
1 5.36732 4.69484 
1 -3.35096 -6.72539 
1 -3.00326 -6.22839 
1 -0.733366 -3.36016 
1 -1.53448 -4.30582 
1 -2.19147 -5.29289 
1 -4.66011 -8.43881 
1 2.70341 1.23058 
1 -2.45647 -5.51737 
1 -2.04994 -5.02013 
1 2.56872 1.01111 
1 0.169327 -2.07096 
1 -5.04559 -8.88581 
1 4.24389 3.20375 
1 0.466674 -1.73002 
1 -0.531722 -3.04608 
1 -1.95594 -4.88526 
1 -3.13113 -6.47734 
1 0.695805 -1.44898 
1 -1.4148 -4.20573 
1 4.25479 3.17076 
1 2.39931 0.842723 
1 5.68146 5.09854 
1 2.61461 1.11372 
1 3.31279 2.02079 
1 2.04437 0.331221 
1 4.30593 3.27032 
1 0.633564 -1.5739 
1 -1.36188 -4.08289 
1 2.4362 0.824883 
1 6.05071 5.68606 
