1.35579 3.99043 -5.72794 
2.37204 3.01434 -5.79741 
2.25843 4.05481 -5.66115 
1.43194 3.21441 -6.10409 
2.0666 4.05609 -5.62757 
1.43143 4.02847 -6.61204 
1.60133 3.05082 -5.67966 
2.38369 3.40137 -6.66566 
1.38963 3.59144 -6.64173 
1.90656 3.10179 -6.7091 
2.38821 3.73052 -5.6416 
2.42926 4.15435 -6.18767 
1.38962 3.1356 -6.7418 
1.40057 4.05211 -5.83026 
1.62624 4.22316 -5.80656 
1.75504 4.0995 -6.7028 
2.35068 3.01253 -6.60098 
1.38619 3.276 -6.56364 
1.41485 4.1173 -6.50216 
1.91385 3.01418 -6.6319 
1.97341 4.07013 -6.64037 
1.41788 3.10974 -6.06205 
1.40642 4.11977 -6.57144 
1.39201 3.44983 -5.71959 
1.40421 3.59832 -5.69828 
2.15049 4.17963 -6.76307 
2.36672 3.16921 -5.53743 
1.3939 3.50123 -5.65536 
1.7632 3.08718 -5.70092 
1.48537 3.95683 -6.56619 
1.41308 4.13827 -6.56628 
1.47907 4.08308 -6.69368 
1.39175 3.03786 -6.5346 
2.38316 3.93742 -6.63339 
2.37566 4.0936 -5.72074 
1.45542 4.06299 -5.61376 
2.19939 3.08636 -5.67152 
1.40002 3.51908 -5.75237 
1.37322 3.43618 -5.62751 
1.40808 4.16337 -6.20695 
