0.0291871 -0.24468 -0.421146 
-0.221138 1.01502 0.935508 
-1.11736 0.14921 -0.0732359 
0.191386 0.524322 1.45445 
-0.442317 1.13357 0.93678 
0.388535 0.785721 -1.14342 
-0.795132 1.44082 1.07217 
0.411538 -0.265549 -1.37312 
-0.615985 0.430865 0.458041 
-0.213646 0.159773 0.964683 
-0.788681 1.07921 1.42235 
-1.19376 0.706075 -0.0406669 
-0.219955 0.460865 -0.0377653 
1.50944 -1.15003 1.06951 
-1.19606 0.600131 0.948218 
-0.601477 0.762257 -0.650742 
0.403669 0.0237038 -1.38373 
-0.230066 0.138525 0.0983075 
-1.01809 1.14988 0.93511 
-0.306824 0.135213 -0.0203344 
-0.29828 0.770235 -0.408146 
0.407348 0.0215405 -0.38537 
0.40089 0.572209 -1.40942 
0.36962 0.165233 -0.401879 
2.50025 -0.13942 1.07756 
0.409125 -0.0597466 -0.414447 
-0.785527 1.42087 1.27285 
-0.404295 1.43836 0.429163 
-0.572411 0.41966 1.43135 
-0.804594 1.43517 0.540961 
-0.238713 0.513327 -0.048548 
-0.204142 0.134829 -0.0187183 
1.98764 -0.138939 0.270701 
-0.184897 1.15587 -0.0255922 
0.387273 -0.242835 -0.602574 
-0.771833 1.3921 1.40807 
-0.367243 0.414695 -2.1208 
-0.19812 0.147836 0.311546 
-0.0393824 -0.28566 -1.37631 
-0.76767 1.41059 0.427635 
-0.82196 0.530261 1.40366 
-1.22734 0.736891 0.973571 
-0.204743 0.38766 0.999513 
-0.599988 0.265045 -1.38084 
0.178608 1.42929 1.04557 
-1.18015 1.087 0.972862 
-0.095107 0.442714 1.44893 
-0.518933 0.437116 1.4262 
-0.69451 0.412069 1.44036 
0.20157 0.565292 1.42228 
-0.227262 0.536679 0.964326 
-1.21138 0.92154 -0.0554069 
-0.823864 1.40998 0.706143 
0.364631 -0.232555 -0.384973 
-0.564885 -0.255649 -0.491016 
-0.253158 0.118688 0.150669 
0.315322 0.735526 -0.422136 
-0.203568 0.120535 0.575741 
-0.80131 1.25179 1.41611 
0.196363 1.41011 0.439163 
0.155878 1.40965 0.43373 
0.414771 0.378781 -0.401349 
0.49406 0.232558 -2.11294 
-0.599822 0.752671 -0.735952 
0.25118 0.755362 -1.40312 
0.201574 1.41384 0.915979 
-0.313834 -0.210251 -0.407891 
-0.195607 0.126 0.257656 
-0.133586 0.444509 1.44235 
-0.206265 0.724496 0.934115 
-0.516302 0.431596 0.442331 
0.18067 0.427026 1.00913 
0.225688 1.402 1.21386 
0.191345 1.41651 1.27535 
-1.19655 0.130186 0.350366 
0.389323 0.56034 -0.391822 
-0.226567 1.14185 0.241274 
-0.768954 1.41553 1.42587 
0.148517 -0.26319 -0.39211 
-1.2263 1.01128 -0.0857774 
-0.0145437 0.741134 -0.399264 
0.183564 1.38931 1.42129 
0.164134 0.585361 0.431071 
-0.710895 1.43273 0.445448 
-0.80887 0.450123 1.35684 
-0.573399 0.729725 -0.530404 
-0.818347 0.6777 0.436556 
-0.265369 -0.253069 -0.400779 
0.10686 -0.243251 -1.40669 
0.190246 1.19042 0.430593 
0.171427 1.23356 0.435726 
-0.614644 0.768233 -1.25483 
0.220624 0.805011 1.43156 
-0.184183 0.476923 0.944415 
0.102291 0.443247 0.448741 
0.383417 0.443928 -0.431964 
-0.77368 0.453859 1.30688 
0.219415 1.19563 1.43836 
-0.820096 1.43572 0.436887 
-1.23172 1.11313 0.838632 
0.0413691 0.732354 -1.38285 
-0.80466 1.44282 1.07314 
2.21424 -0.148457 1.37647 
-0.205877 0.500979 0.916808 
-1.20868 0.278234 -0.0431655 
-0.609125 0.34367 -1.4002 
0.181513 0.434385 1.16107 
-0.213266 1.03291 0.946242 
-0.585825 -0.181134 -0.387957 
-0.728347 1.45794 1.44024 
-1.25125 0.804033 -0.0519602 
0.42104 0.737304 -1.38802 
0.421182 -0.254572 -1.07025 
-0.188 0.127667 0.0191876 
0.1798 -0.233179 -1.38156 
-0.221165 0.776824 -0.0647401 
0.0113576 1.42114 1.43932 
-0.228845 1.1177 0.113835 
