0.00819169 -0.5803 -2.1548 
0.532082 0.42052 -2.92577 
-0.0833713 0.416711 -3.0775 
-0.633 -0.223238 -0.795076 
-0.166152 0.410577 -3.11432 
0.51981 -0.442542 -2.1073 
-0.464314 -0.598738 -2.8739 
-0.165153 0.419605 -2.1183 
0.509047 -0.376159 -2.09754 
0.407564 0.389085 -1.39486 
0.0276948 0.409508 -2.10946 
-0.440906 0.437118 -3.20035 
0.508792 -0.0771307 -3.097 
-0.447362 -0.561448 -3.1477 
-0.529859 -0.283592 -3.10831 
-0.0144957 -0.565752 -2.11232 
-1.19655 0.130186 0.350366 
0.516006 -0.575647 -3.15002 
0.40074 0.085742 -1.4016 
0.501392 -0.241138 -2.08346 
-0.593082 -0.234655 -1.27956 
-0.07129 -0.22743 -1.38075 
0.334371 -0.566556 -3.12476 
-0.445413 0.415454 -2.98738 
-0.465685 0.10352 -2.17704 
