1 -2.46983 2.12687 
1 0.420471 -5.15607 
1 1.75243 -8.47377 
1 -0.819481 -1.95252 
1 -3.06899 3.61742 
1 0.223155 -4.58467 
1 -1.49608 -0.328673 
1 -1.34982 -0.646588 
1 2.40136 -9.96802 
1 2.41439 -9.99857 
1 0.862448 -6.2482 
1 2.91143 -11.3423 
1 1.96235 -8.89885 
1 1.18193 -6.94263 
1 2.57087 -10.3183 
1 -3.72009 5.17023 
1 -0.821828 -1.90547 
1 -1.85443 0.58568 
1 2.52709 -10.2675 
1 1.6547 -8.10052 
1 -0.682263 -2.35244 
1 1.07662 -6.71026 
1 -3.78427 5.34976 
1 -3.66509 5.08483 
1 3.38766 -12.4653 
1 1.2813 -7.23949 
1 -1.08195 -1.29361 
1 1.59276 -7.95304 
1 -2.8469 2.98721 
1 3.02262 -11.5515 
1 0.168787 -4.44793 
1 1.41819 -7.564 
1 0.972676 -6.43908 
1 -3.24146 3.97291 
1 2.56294 -10.3883 
1 2.86215 -11.1 
1 0.743821 -5.86776 
1 -1.70193 0.205962 
1 3.45699 -12.6005 
1 -1.46991 -0.395434 
1 -1.14675 -1.23039 
1 2.32274 -9.79889 
1 -2.15883 1.32095 
1 1.98897 -9.00176 
1 1.81982 -8.58301 
1 -0.716877 -2.30449 
1 -3.5546 4.77171 
1 -0.387965 -3.06698 
1 -1.20519 -0.973628 
1 2.21059 -9.58743 
1 -3.30265 4.15884 
1 3.62585 -12.9496 
1 -1.56137 -0.128801 
1 2.34427 -9.8324 
1 -1.16011 -0.421256 
1 -0.651732 -2.37952 
1 0.310111 -4.76315 
1 3.66452 -13.1465 
1 2.9402 -11.3132 
1 2.68125 -10.7008 
1 0.757165 -5.90622 
1 3.04841 -11.5968 
1 -1.15262 -1.11681 
1 0.834602 -6.13784 
1 2.32939 -9.82043 
1 -3.29041 4.148 
1 -1.26902 -0.832811 
1 2.80473 -10.9321 
1 -2.97736 3.38564 
1 -2.68096 2.61346 
1 -0.296117 -3.34135 
1 0.148312 -4.31404 
1 -2.77629 2.82808 
1 -3.31155 4.19712 
1 0.0436501 -4.15202 
1 0.848552 -6.19157 
1 3.24892 -12.0989 
1 2.70644 -10.7266 
1 -2.25215 1.56682 
1 -1.61115 -0.781088 
1 1.60637 -8.06366 
1 0.0124048 -4.02808 
1 -3.67699 5.07608 
1 1.65042 -8.13964 
1 3.32764 -12.2986 
1 -0.776364 -2.15795 
1 2.89112 -11.171 
1 -2.54995 2.30199 
1 -2.57327 2.43177 
1 1.48851 -7.72662 
1 0.855655 -6.11643 
1 -3.4536 4.54813 
1 1.8241 -8.57766 
1 1.19707 -6.97586 
1 -3.43518 4.39965 
1 -0.590906 -2.56734 
1 0.148995 -4.38429 
1 0.461404 -5.22745 
1 -3.78094 5.36306 
1 2.50868 -10.2137 
1 0.611731 -5.44766 
1 3.62114 -13.023 
1 -3.12665 3.67969 
1 -0.484932 -2.80545 
1 -2.04991 1.05305 
1 -1.67501 0.124867 
1 -0.358658 -3.09726 
1 -0.902366 -1.79723 
1 0.7552 -5.96221 
1 3.07448 -11.7077 
1 -3.50714 4.60847 
1 0.677462 -5.74239 
1 1.4042 -7.51791 
