1 -3.06326 -0.465938 
1 0.657476 -1.31905 
1 -6.54452 2.24249 
1 -5.69106 1.54166 
1 8.79118 -1.11912 
1 -7.60076 3.04321 
1 9.66382 -1.02836 
1 -6.72006 2.32856 
1 -7.06391 2.63765 
1 -3.39463 -0.147584 
1 -6.70489 2.34679 
1 2.01734 -1.65505 
1 -7.38933 2.89109 
1 2.82159 0.401559 
1 -3.40816 -0.176655 
1 4.25865 -1.54944 
1 -6.00588 1.78688 
1 -8.25058 3.4831 
1 -7.98605 3.2812 
1 0.262628 -1.63588 
1 -6.8543 2.44493 
1 -6.1152 1.92526 
1 -7.19264 2.75077 
1 -5.69567 1.58426 
1 2.24227 -1.71733 
1 -5.78016 1.64417 
1 7.93006 -3.57271 
1 5.15767 -1.41827 
1 -7.04152 2.60182 
1 2.31159 -0.0207872 
1 -4.85206 0.950567 
1 -8.26841 3.52636 
1 -7.13429 2.73512 
1 -4.05172 0.334229 
1 -3.51953 -0.0765484 
1 -5.13228 1.1513 
1 10.2663 -0.976278 
1 -5.27539 1.24874 
1 -6.69622 2.33441 
1 -5.06116 1.06806 
1 7.48399 -1.16445 
1 -7.96878 3.26405 
1 -7.15924 2.70642 
1 9.69119 -1.04601 
