 0
 0
 0.335401
 0.335401
 0.881512
 0.881512
 0.25009
 0.25009
 0.184788
 0.184788
 0.97371
 0.97371
 0.830597
 0.830597
 1
 1
 0.293513
 0.293513
 0.206344
 0.206344
 0.240791
 0.240791
 0.989415
 0.989415
 0.878505
 0.878505
 0.191085
 0.191085
 0
 0
 0.450403
 0.450403
 0
 0
 0.99516
 0.99516
 0.996059
 0.996059
 1
 1
 1
 1
 0.899869
 0.899869
 0.631334
 0.631334
 0.779892
 0.779892
 0.867371
 0.867371
 0.437959
 0.437959
 0.60843
 0.60843
 0.74335
 0.74335
 0.633992
 0.633992
 0.949693
 0.949693
 0.883391
 0.883391
 0.319762
 0.319762
 0.401405
 0.401405
 0.81124
 0.81124
 0.390692
 0.390692
 0.656988
 0.656988
 0.912521
 0.912521
 0.982424
 0.982424
 0.244826
 0.244826
 0.952437
 0.952437
 0.951614
 0.951614
 0.606543
 0.606543
 0.0105012
 0.0105012
 0
 0
 0.584062
 0.584062
 0
 0
 0.99507
 0.99507
 0.319751
 0.319751
 0.383772
 0.383772
 0.991832
 0.991832
 0.808752
 0.808752
 0.670422
 0.670422
 0.91727
 0.91727
 0.745696
 0.745696
 0.641255
 0.641255
 0.609931
 0.609931
 0.39056
 0.39056
 0.958831
 0.958831
 0.982105
 0.982105
 1
 1
 1.17825e-319
 1.17825e-319
 0
 0
 0.520503
 0.520503
 0.825041
 0.825041
 0.0938019
 0.0938019
 1
 1
 0.988523
 0.988523
 0.951455
 0.951455
 0.87596
 0.87596
 0.867536
 0.867536
 1
 1
 0.861356
 0.861356
 0.898059
 0.898059
 0.568036
 0.568036
 0.87617
 0.87617
 0.21689
 0.21689
 0.655988
 0.655988
 0.988425
 0.988425
 0.771658
 0.771658
 1
 1
 0.909425
 0.909425
 0.243946
 0.243946
 1
 1
 0.764119
 0.764119
 0.84216
 0.84216
 0.0364969
 0.0364969
 0.317156
 0.317156
 0.900511
 0.900511
 0.829637
 0.829637
 0.28624
 0.28624
 0.3378
 0.3378
 0.970041
 0.970041
 0.0758618
 0.0758618
 1
 1
 0.15618
 0.15618
 0.79745
 0.79745
 0.0617668
 0.0617668
 0.566045
 0.566045
 0.0312656
 0.0312656
 0.745037
 0.745037
