 0.705
 0.705
 0.735
 0.735
 0.915
 0.915
 0.505
 0.505
 0.915
 0.915
 0.965
 0.965
 0.95
 0.95
 1
 1
 0.855
 0.855
 0.61
 0.61
 0.73
 0.73
 0.995
 0.995
 0.905
 0.905
 0.675
 0.675
 0.795
 0.795
 0.62
 0.62
 0.975
 0.975
 0.99
 0.99
 0.995
 0.995
 1
 1
 1
 1
 0.905
 0.905
 0.775
 0.775
 0.865
 0.865
 0.865
 0.865
 0.66
 0.66
 0.735
 0.735
 0.885
 0.885
 0.82
 0.82
 0.985
 0.985
 0.96
 0.96
 0.58
 0.58
 0.59
 0.59
 0.87
 0.87
 0.82
 0.82
 0.81
 0.81
 0.925
 0.925
 0.995
 0.995
 0.69
 0.69
 0.895
 0.895
 0.975
 0.975
 0.96
 0.96
 0.53
 0.53
 0.97
 0.97
 0.885
 0.885
 0.835
 0.835
 0.99
 0.99
 0.64
 0.64
 0.67
 0.67
 0.98
 0.98
 0.945
 0.945
 0.825
 0.825
 0.955
 0.955
 0.88
 0.88
 0.835
 0.835
 0.915
 0.915
 0.74
 0.74
 0.945
 0.945
 0.98
 0.98
 1
 1
 1
 1
 0.975
 0.975
 0.73
 0.73
 0.815
 0.815
 0.47
 0.47
 1
 1
 0.98
 0.98
 0.935
 0.935
 0.92
 0.92
 0.825
 0.825
 1
 1
 0.905
 0.905
 0.895
 0.895
 0.765
 0.765
 0.845
 0.845
 0.815
 0.815
 0.805
 0.805
 0.995
 0.995
 0.77
 0.77
 1
 1
 0.965
 0.965
 0.54
 0.54
 1
 1
 0.795
 0.795
 0.965
 0.965
 0.665
 0.665
 0.7
 0.7
 0.975
 0.975
 0.905
 0.905
 0.555
 0.555
 0.65
 0.65
 0.925
 0.925
 0.585
 0.585
 1
 1
 0.425
 0.425
 0.83
 0.83
 0.885
 0.885
 0.69
 0.69
 0.75
 0.75
 0.855
 0.855
