 0.576231
 0.576231
 0.654121
 0.654121
 0.940754
 0.940754
 0.551558
 0.551558
 0.853618
 0.853618
 0.987487
 0.987487
 0.923116
 0.923116
 1
 1
 0.75
 0.75
 0.572764
 0.572764
 0.605628
 0.605628
 0.995377
 0.995377
 0.939347
 0.939347
 0.562513
 0.562513
 0.647739
 0.647739
 0.711206
 0.711206
 0.951005
 0.951005
 0.997588
 0.997588
 0.998342
 0.998342
 1
 1
 1
 1
 0.957236
 0.957236
 0.830251
 0.830251
 0.897236
 0.897236
 0.934925
 0.934925
 0.712915
 0.712915
 0.823769
 0.823769
 0.877387
 0.877387
 0.81794
 0.81794
 0.976784
 0.976784
 0.954322
 0.954322
 0.622965
 0.622965
 0.738593
 0.738593
 0.911457
 0.911457
 0.721658
 0.721658
 0.83799
 0.83799
 0.962412
 0.962412
 0.991307
 0.991307
 0.587638
 0.587638
 0.977839
 0.977839
 0.97598
 0.97598
 0.924523
 0.924523
 0.372513
 0.372513
 0.941508
 0.941508
 0.815779
 0.815779
 0.71206
 0.71206
 0.997588
 0.997588
 0.623719
 0.623719
 0.672764
 0.672764
 0.996281
 0.996281
 0.912714
 0.912714
 0.831658
 0.831658
 0.958693
 0.958693
 0.879146
 0.879146
 0.81603
 0.81603
 0.858191
 0.858191
 0.676432
 0.676432
 0.980754
 0.980754
 0.993166
 0.993166
 1
 1
 1
 1
 0.950704
 0.950704
 0.744925
 0.744925
 0.91191
 0.91191
 0.446231
 0.446231
 1
 1
 0.994372
 0.994372
 0.97804
 0.97804
 0.943266
 0.943266
 0.934271
 0.934271
 1
 1
 0.930854
 0.930854
 0.957286
 0.957286
 0.77995
 0.77995
 0.939196
 0.939196
 0.69201
 0.69201
 0.826834
 0.826834
 0.994322
 0.994322
 0.900402
 0.900402
 1
 1
 0.954724
 0.954724
 0.54794
 0.54794
 1
 1
 0.913869
 0.913869
 0.940603
 0.940603
 0.497839
 0.497839
 0.613015
 0.613015
 0.956332
 0.956332
 0.922764
 0.922764
 0.580503
 0.580503
 0.624623
 0.624623
 0.988543
 0.988543
 0.528693
 0.528693
 1
 1
 0.470151
 0.470151
 0.901106
 0.901106
 0.793417
 0.793417
 0.785879
 0.785879
 0.623116
 0.623116
 0.872412
 0.872412
