1 7.90267 -5.55561 
1 -5.8207 1.07314 
1 4.12078 -3.23232 
1 6.69602 -8.798 
1 7.93493 -5.54987 
1 -7.07476 0.478353 
1 -4.54389 0.846143 
1 -2.08099 0.606085 
1 -4.57571 0.893649 
1 -4.09917 1.84299 
1 2.25416 -2.05145 
1 -2.48085 0.840967 
1 -4.06256 1.84512 
1 5.43453 -4.02493 
1 -0.820697 -0.145487 
1 -9.13628 0.596896 
1 5.09002 -6.01956 
1 -8.30018 4.4683 
1 -5.48673 2.68742 
1 -4.08031 0.270095 
1 -7.41264 1.28747 
1 -9.35336 1.25753 
1 2.79115 -2.39265 
1 2.29765 -2.06256 
1 1.67064 -1.68853 
1 0.799533 -1.19864 
1 5.73515 -7.2382 
1 -2.87641 0.182419 
1 5.73062 -7.25569 
1 0.146415 -0.767555 
1 6.2829 -4.56599 
1 4.22969 -4.52201 
1 -0.742392 0.0495528 
1 1.18897 -1.38813 
1 4.4828 -3.42988 
1 -2.32603 0.17547 
1 1.41208 -1.51032 
1 0.0805676 -0.720942 
1 -2.50361 0.892443 
1 1.52419 -1.56638 
1 -0.256485 0.160791 
1 -0.712205 -0.21892 
1 -1.4111 0.163922 
1 1.76624 -1.75879 
1 -0.0653483 -0.630148 
1 2.48894 -2.21242 
1 -6.95987 0.456552 
1 -1.47832 0.258313 
1 7.39681 -5.20256 
1 -1.99427 0.148083 
1 0.726288 -0.0491582 
1 -2.39841 0.818714 
1 -0.706 -0.237254 
1 5.97736 -7.74969 
1 2.97929 -2.32254 
1 4.20251 -3.24993 
1 4.43109 -4.82561 
1 -3.82324 1.64782 
1 4.31437 -3.3506 
1 -0.350837 -0.429671 
1 -0.102262 -0.601593 
1 -1.86357 0.140166 
1 3.08202 -2.56978 
1 4.12265 -3.19779 
1 -3.09212 1.22296 
1 -4.09603 0.773562 
1 -0.531431 -0.338961 
1 -6.62842 0.434941 
1 4.01405 -3.1508 
1 -7.59911 4.03373 
1 -0.736485 -0.219809 
1 5.51751 -4.06185 
1 6.536 -4.70273 
1 -0.0476404 -0.63073 
1 -7.84768 0.52752 
1 -1.01136 -0.0393365 
1 -0.76698 0.0565939 
1 -9.1375 0.644334 
1 0.816295 -1.16581 
1 -9.27771 0.620895 
1 5.1194 -3.80659 
1 -4.14017 1.9325 
1 2.10532 -1.96167 
1 -5.04989 0.378535 
1 -4.10476 1.88672 
1 1.67366 -1.68389 
1 -6.79617 1.23806 
1 -7.10015 0.491089 
1 3.16151 -2.60623 
1 7.74728 -5.44041 
1 4.56047 -5.04208 
1 -1.93213 0.130064 
1 4.45885 -5.0617 
1 -4.24116 0.784718 
1 -7.55326 0.547208 
1 -0.492305 -5.19027 
1 3.41343 -2.80458 
1 -2.34924 0.172179 
1 4.57141 -3.48656 
1 4.52907 -3.4619 
1 -5.04452 2.44454 
1 2.39706 -2.1523 
1 -3.61068 1.56932 
1 4.02746 -4.09817 
1 2.24093 -2.03491 
1 5.50778 -6.75642 
1 -1.47174 0.2294 
1 0.224852 -0.0278182 
1 4.63286 -3.53122 
1 -4.96248 2.40414 
1 -0.0995911 -0.634194 
1 5.0748 -6.10894 
