1 -6.36394 6.05777 
1 -2.94096 5.94858 
1 5.46266 5.6179 
1 -0.0135016 5.8412 
1 9.45628 5.50817 
1 -2.1855 7.02282 
1 -1.66944 5.91786 
1 -6.48295 6.08756 
1 4.82429 5.65434 
1 11.007 5.4604 
1 7.91817 5.54738 
1 -2.67082 5.93001 
1 -2.23751 5.91218 
1 4.75122 5.70232 
1 8.54652 5.5444 
1 -6.5371 6.08296 
1 2.10189 5.75624 
1 10.3645 5.47083 
1 -2.21964 7.11693 
1 0.000224117 5.84301 
1 -1.51167 5.93688 
1 -0.959962 5.87818 
1 7.18393 5.59327 
1 -4.31483 6.01285 
1 -1.89271 6.66654 
1 -0.826378 5.81229 
