1 9.28641 -0.594594 
1 4.43059 -0.582885 
1 0.172086 2.7288 
1 5.51432 -0.370409 
1 4.91906 -0.332759 
1 6.35101 -0.42082 
1 8.86657 -0.628258 
1 0.128938 2.95727 
1 4.30027 -0.26052 
1 -6.23926 3.17481 
1 1.81833 -0.116467 
1 -2.06215 3.12099 
1 8.61435 -1.24286 
1 6.04073 -0.435849 
1 0.0894162 2.97661 
1 4.728 -0.321171 
1 8.14048 -0.550373 
1 5.5759 -0.362454 
1 1.95919 -0.201473 
1 -0.256485 0.160791 
1 7.86432 -1.13443 
1 0.359791 2.47258 
1 3.7291 -0.268536 
1 2.04189 -0.467017 
1 3.19231 -0.390543 
1 5.06906 -0.3587 
1 10.6743 -1.63231 
1 -4.89832 2.33226 
1 3.30934 -0.227831 
1 5.40575 -0.361875 
1 1.38194 -0.110481 
1 5.13641 -0.355062 
1 -7.59911 4.03373 
1 7.28533 -1.09005 
1 7.39802 -0.500381 
1 7.93097 -1.11713 
1 4.34233 -0.584565 
1 4.75464 -0.628332 
1 8.54418 -0.595485 
1 -4.10476 1.88672 
1 1.07669 1.14268 
1 9.18833 -0.628686 
1 -5.04452 2.44454 
1 1.35999 -0.117854 
1 4.16054 -0.551196 
1 -4.91679 2.35707 
