-2.48945 -0.49181 3.84867 
-1.45305 -0.0589752 3.44568 
-1.45824 -0.292454 3.85664 
-1.65837 -0.0605836 3.86774 
-2.06529 -0.0632998 2.89536 
-2.27581 -1.03263 2.86607 
0.397205 0.546263 1.22255 
-2.44409 -1.04401 3.06214 
-1.88243 -0.0630133 2.90521 
-1.50898 -0.0679072 3.76627 
-1.58321 -0.0660758 2.89767 
-1.45637 -1.07281 3.76384 
-1.4655 -1.01881 2.8693 
-2.45552 -0.527008 3.85446 
-1.51075 -0.802923 3.86408 
-2.48054 -0.0819932 3.19529 
-0.0553818 -0.107958 1.20514 
-2.49699 -1.08213 2.87296 
-2.47516 -0.63721 2.88586 
-2.45647 -0.516685 2.82556 
-2.47594 -0.0901275 3.48322 
-1.95308 -1.05434 2.88484 
-2.45003 -0.0945014 3.07044 
-2.39583 -0.173794 2.85943 
-2.46042 -0.0646916 3.73177 
-2.05707 -0.0535969 3.88645 
