1 -0.169767 -11.2358 
1 0.335325 6.56428 
1 0.0317943 -5.8186 
1 -0.119552 -9.37429 
1 0.291361 3.14376 
1 0.118181 -1.42632 
1 0.173217 -1.37652 
1 0.082311 -1.73394 
1 -0.0780076 -9.00727 
1 0.360823 6.29447 
1 0.206248 1.02466 
1 0.0199361 -6.18722 
1 0.0239441 -5.15235 
1 0.336409 3.47795 
1 0.00726885 -5.07527 
1 0.107769 -2.9284 
1 0.311938 3.19581 
1 0.207503 2.20721 
1 0.0381663 -4.10183 
1 0.0875323 -3.03956 
1 0.26941 2.16749 
1 0.351053 5.25789 
1 0.477141 7.67674 
1 -0.00152428 -8.06937 
1 -0.0430405 -6.47786 
1 0.417278 7.97717 
1 0.000243453 -6.68048 
1 -0.124074 -11.076 
1 0.0247858 -4.1113 
1 0.273575 4.04363 
1 0.309496 2.83432 
1 -0.113115 -8.36419 
1 -0.00230926 -6.64222 
1 -0.0167482 -8.09822 
1 0.395551 7.00137 
1 0.412844 6.38046 
1 0.0281095 -5.7777 
1 -0.104124 -8.25602 
1 0.311618 5.30986 
1 0.396441 6.97696 
1 -0.127939 -9.36187 
1 0.0325826 -4.59516 
1 -0.136836 -9.99631 
1 0.358615 6.86071 
1 0.383012 5.4245 
1 -0.0897616 -6.92079 
1 0.21771 1.46048 
1 0.314711 3.65561 
1 0.103079 -3.92298 
1 -0.121612 -9.18877 
1 -0.0531506 -4.96693 
1 0.393885 6.68689 
1 0.00434003 -4.72342 
1 0.0192418 -7.06734 
1 -0.0548104 -7.13966 
1 0.279902 2.61309 
1 0.278028 1.70548 
1 0.258939 3.16436 
1 0.142797 -2.942 
1 -0.104286 -7.31001 
1 -0.0467825 -9.82123 
1 0.286154 3.89947 
1 -0.175171 -11.0621 
1 0.264297 2.41424 
1 0.10781 -2.778 
1 0.033291 -4.67908 
1 0.271551 5.05525 
1 0.206572 2.91792 
1 0.166751 -1.18409 
1 0.281497 3.03534 
1 0.0850156 -5.97079 
1 -0.151111 -8.99931 
1 -0.164249 -10.8614 
1 0.0364172 -3.53727 
1 0.260675 1.70986 
1 0.0797936 -2.73135 
1 0.181231 0.0413568 
1 0.278336 4.89272 
1 0.294051 3.85383 
1 0.352048 5.76198 
1 0.367507 3.41091 
1 -0.0666912 -7.92467 
1 0.358876 6.93802 
1 -0.181526 -9.51281 
1 0.0699137 -3.45455 
1 -0.0605396 -8.05718 
1 0.397503 5.9567 
1 -0.103692 -7.90227 
1 0.365177 6.3181 
1 0.323658 5.45505 
1 0.291002 2.84217 
1 0.0465849 -4.31392 
1 -0.10867 -8.13365 
1 0.261686 2.9981 
1 0.210018 1.36738 
1 0.404238 8.22006 
1 0.103036 -3.24611 
1 0.319882 2.92624 
1 -0.0444857 -8.40138 
1 -0.0108486 -6.52667 
1 0.14956 -2.90637 
1 0.0573078 -4.71891 
1 0.368595 5.66769 
1 0.064232 -4.06292 
