1 -6.59355 4.17174 
1 -4.19751 2.74264 
1 -1.80838 1.4556 
1 1.0887 -0.153412 
1 1.99128 0.470518 
1 -4.33594 2.866 
1 1.40885 -0.334304 
1 4.57422 -0.793725 
1 2.58098 -1.13911 
1 -5.91659 3.83372 
1 8.36569 -0.180786 
1 1.47038 -0.37255 
1 7.18762 -0.45631 
1 3.56492 1.31682 
1 -3.22037 2.27703 
1 -3.85594 2.64676 
1 -4.96079 3.24955 
1 -4.75913 3.13309 
1 0.636336 0.0865225 
1 -4.2886 2.85527 
1 -5.03387 3.29825 
1 6.12811 -0.533485 
1 -1.95207 1.57606 
1 -6.4671 4.10079 
1 -5.36086 3.40933 
1 8.56432 -0.120196 
1 2.23413 -0.748558 
1 5.03691 -0.721995 
1 0.392395 0.238606 
1 8.03351 -0.212405 
1 -0.223059 0.599269 
1 -4.62032 3.03036 
1 -0.506186 0.742915 
1 -5.94757 3.80211 
1 -5.22186 3.36825 
1 4.96663 2.04063 
1 -4.02036 2.73214 
1 -2.65477 1.94662 
1 3.52792 -0.907661 
1 3.98034 1.54412 
1 0.860182 -0.145453 
1 -6.07872 3.89781 
1 7.33591 -0.348633 
1 6.60392 -0.484321 
1 -2.99145 2.13887 
1 5.84891 -0.59173 
1 7.00933 -0.386076 
1 -5.79839 3.6938 
1 -3.15622 2.22709 
1 6.59283 -0.45665 
1 -4.91091 3.17943 
1 -5.03991 3.27807 
1 -6.16581 3.94653 
1 7.18099 -0.375455 
1 -3.70253 2.51595 
1 -0.159812 0.579491 
1 -6.69661 4.22203 
