1 -0.570052 1.64456 
1 -2.67594 9.25474 
1 -2.50076 8.55954 
1 2.11982 -7.81136 
1 1.9973 -7.35418 
1 1.40217 -5.23581 
1 0.729449 -2.84382 
1 -1.32664 4.42624 
1 -1.59157 5.31093 
1 1.43547 -5.37185 
1 -0.804545 2.51047 
1 -0.899377 2.88127 
1 1.34272 -5.04137 
1 -2.63933 9.00905 
1 -1.54363 5.18947 
1 -0.221649 0.428717 
1 1.31417 -4.89959 
1 1.51308 -5.61046 
1 -0.683098 2.2272 
1 -0.0700364 -0.895655 
1 1.34853 -5.11557 
1 2.19684 -8.03473 
1 1.46173 -5.47708 
1 -1.31461 4.39193 
1 0.552672 -2.14776 
1 -0.424478 1.18549 
1 0.484851 -2.06308 
1 2.10289 -7.74139 
1 1.14725 -4.36756 
1 -0.971611 3.09369 
1 2.4911 -9.05346 
1 -1.54744 5.17299 
1 0.185696 -0.900708 
1 -1.17248 3.8869 
1 1.05942 -4.09515 
1 0.486086 -2.08381 
1 0.808754 -3.10864 
1 -0.32119 0.472824 
1 -2.72925 9.33257 
1 2.09199 -7.66624 
1 1.2252 -4.51168 
1 -1.07307 3.56969 
1 -1.85333 6.28467 
1 2.25835 -8.29025 
1 -1.10049 3.6191 
1 1.48655 -5.37951 
1 0.112102 -0.711724 
1 -1.88332 6.33997 
1 -2.49892 8.56372 
1 1.00106 -3.86935 
1 1.42647 -5.18625 
1 -0.898114 3.83314 
1 -1.07546 3.508 
1 -2.17225 7.46185 
1 -0.710681 2.20012 
1 0.0184943 -0.346446 
1 0.427956 -1.69096 
1 2.01653 -7.39541 
1 2.47715 -9.11397 
1 -1.53835 7.64071 
1 0.889993 -3.40678 
1 0.620842 -2.44923 
1 -2.40807 8.20457 
1 -0.484851 1.46776 
1 -0.217747 0.340445 
1 -0.526404 1.56428 
1 -2.77804 9.58367 
1 2.38574 -8.66624 
1 0.681663 -2.66458 
1 -2.28875 7.71573 
1 -0.431596 1.19199 
1 1.58008 -5.88508 
1 2.49477 -9.10486 
1 0.287289 -3.12765 
1 1.92819 -7.1604 
1 -2.13072 7.28537 
1 1.67495 -6.28846 
1 -0.60287 1.89978 
1 -1.70217 5.68386 
1 -0.870331 2.75225 
1 2.3588 -8.5743 
1 0.466972 -1.89498 
1 -2.33281 7.94987 
1 -2.82629 9.64308 
1 0.909537 -3.42753 
1 0.986942 -3.82623 
1 -0.474301 1.46262 
1 -2.00587 6.75727 
1 1.05121 -3.97292 
1 0.811449 -3.14517 
1 2.33657 -8.42827 
1 0.981039 -3.87422 
1 1.89678 -7.07851 
1 -1.22372 4.11965 
1 0.549106 -2.23634 
1 -1.39417 4.69763 
1 0.908794 -3.49233 
1 -2.30015 7.83031 
