1 -10.6991 -2.15833 
1 -5.25511 -0.149357 
1 6.33956 -4.05196 
1 0.426777 -1.79927 
1 5.61911 -3.24578 
1 0.581396 -2.3382 
1 -9.68618 -1.82117 
1 -1.78783 -1.56816 
1 6.34056 -4.32584 
1 5.95799 -2.19538 
1 2.81832 -0.436135 
1 -10.4898 -2.04555 
1 -8.92851 -1.50576 
1 -10.4466 -2.05832 
1 -2.91065 0.748164 
1 -10.1733 0.578098 
1 -7.60232 -1.00358 
1 0.731473 -2.82834 
1 -10.1082 -1.97227 
1 0.938441 -3.57706 
1 -4.91687 0.0136941 
1 5.76566 -3.3347 
1 -7.00003 -0.201508 
1 4.32554 -1.04449 
1 6.09916 -3.0801 
1 2.75766 -0.211404 
1 4.27386 -4.62675 
1 -8.2156 -1.24465 
1 4.63842 -1.5825 
1 -5.53863 -0.602637 
1 6.51998 -5.26176 
1 0.808627 -3.19487 
1 6.48899 -5.51797 
1 -9.45495 -0.888569 
1 -8.10523 -1.17876 
1 -7.79691 -1.05805 
1 6.76453 -6.60032 
1 0.454715 -0.86581 
1 1.05921 -2.74667 
1 -3.37607 -1.0608 
1 -2.59688 -0.909934 
1 -6.19595 -0.441453 
1 5.91007 -2.1493 
