1 -5.80444 1.59376 
1 -8.14298 0.759448 
1 6.84499 6.18622 
1 0.923316 4.00813 
1 -5.04902 1.90827 
1 -5.19152 1.92338 
1 -10.4263 0.0825318 
1 5.30492 5.21074 
1 -0.289797 3.53277 
1 -9.15477 0.383941 
1 5.41952 5.32861 
1 -6.50562 1.6696 
1 -3.51652 2.33753 
1 2.14985 4.11386 
1 4.11727 4.92342 
1 5.94613 5.8335 
1 -7.19222 1.24483 
1 4.21163 5.50653 
1 -8.3568 0.566797 
1 3.33493 4.86218 
1 7.6364 6.32067 
1 3.81466 3.12666 
1 2.4788 4.48123 
1 -5.17296 1.83162 
1 -9.44883 0.121299 
1 4.16752 5.26289 
1 -3.49906 2.35666 
1 -0.6172 3.16201 
1 4.25077 5.14572 
1 -10.4967 -0.176881 
1 4.24462 5.06753 
1 -2.59722 2.86206 
1 0.524949 4.10231 
1 -7.65576 0.882367 
1 -6.83155 1.43544 
1 -1.10971 3.2472 
1 -7.01169 1.14046 
1 -5.48039 1.46535 
1 4.25875 5.58347 
1 2.97097 4.56114 
1 0.811211 3.7479 
1 4.46732 6.9766 
1 -2.42103 2.83252 
1 -1.16261 3.22626 
1 -4.95068 1.83237 
1 -1.50818 3.51959 
1 -9.94242 0.0843202 
1 6.65448 5.71209 
1 3.91546 3.83398 
1 -10.5572 -0.119244 
1 -8.63598 0.739278 
1 -10.6256 -0.187225 
1 3.23301 4.60641 
1 -7.62167 0.915394 
1 4.01242 4.28426 
1 -9.07014 0.62181 
1 0.451077 3.70935 
1 -2.12949 2.84684 
1 -1.20381 2.77662 
1 -5.62743 1.59726 
1 2.66247 4.61642 
1 -8.04712 0.742281 
1 6.20305 5.80982 
1 -2.46954 2.90624 
1 5.51354 5.64837 
1 -1.99246 3.0894 
1 -0.459499 3.37308 
1 -1.64874 2.96108 
1 6.65085 5.97882 
1 5.4731 5.66398 
1 2.24085 4.68006 
1 2.38876 4.37257 
1 1.10066 5.34597 
1 -6.11493 1.28552 
1 -3.41485 2.52022 
1 -7.08202 0.986476 
1 -6.0959 1.58736 
1 1.69196 3.89308 
1 4.2232 5.1351 
1 6.35749 5.86432 
1 -10.9143 -0.0761094 
1 3.38965 4.97414 
1 -5.08591 1.79335 
1 7.75904 6.26067 
