1 -10.0063 -2.94933 
1 -5.66346 0.924352 
1 -10.348 -3.17 
1 0.680469 3.37978 
1 -6.64494 -1.03108 
1 -1.34984 2.19901 
1 -4.6714 0.208511 
1 0.701244 3.39488 
1 1.09349 3.6575 
1 -10.1851 -3.07358 
1 -2.40413 1.53811 
1 -2.1248 1.69492 
1 3.06399 4.81859 
1 -4.15453 0.618734 
1 -9.63977 -2.72629 
1 -5.43462 -0.263941 
1 -8.501 -2.05516 
1 -9.20615 -2.51577 
1 1.35636 3.81719 
1 2.6091 4.53743 
1 -0.131689 2.88982 
1 -2.80723 2.22023 
1 -9.37594 -2.61897 
1 -7.0824 -1.22434 
1 -7.37608 -1.4205 
1 -6.1106 -0.592376 
1 -4.39116 0.684808 
1 -3.50683 0.855111 
1 5.16479 6.0901 
1 2.42659 4.43525 
1 -3.44565 0.95471 
1 4.45983 5.67572 
1 -0.414511 2.75519 
1 6.0378 6.60994 
1 0.165062 3.09015 
1 -9.46632 -2.65785 
1 5.06697 6.0267 
1 1.81128 4.04254 
1 -1.72696 1.42232 
1 4.5342 5.68244 
1 -2.07636 1.64552 
1 -6.95192 -1.16182 
1 -3.50834 0.528836 
1 -10.1182 -3.06115 
1 2.97621 4.71772 
1 0.182573 3.09293 
