1 2.89199 -0.649255 
1 -0.41841 -0.0454894 
1 -1.83041 0.38375 
1 -1.26856 0.0918314 
1 4.61998 -0.949199 
1 -0.960823 0.886241 
1 8.15166 -1.58278 
1 -0.664124 0.599619 
1 3.44436 -0.775548 
1 5.04426 -1.04959 
1 3.87286 -0.840051 
1 -9.2526 1.53533 
1 1.37551 -0.337133 
1 6.2951 -1.25011 
1 -0.752846 0.704186 
1 8.8987 -1.73742 
1 0.30636 -0.169576 
1 3.05118 -0.649462 
1 1.43347 -0.952314 
1 -3.30019 0.48894 
1 0.914596 -0.30652 
1 3.86968 -0.841051 
1 1.72627 -1.12034 
1 7.54253 -1.47222 
1 -6.72093 1.08388 
1 -6.76839 1.07111 
1 1.92786 -0.503297 
1 2.39723 -0.53278 
1 1.19344 -0.353897 
1 1.74456 -0.432453 
1 1.32265 -0.364345 
1 -9.19801 1.55216 
1 8.31094 -1.60111 
1 1.84706 -0.452163 
1 -3.23701 1.06813 
1 3.54421 -0.727161 
1 2.27237 -0.495421 
1 1.10597 -0.282059 
1 -3.35131 0.947512 
1 7.10015 -1.40759 
1 -3.89492 0.702148 
1 -0.347873 -0.0903684 
1 -10.1199 1.67595 
1 -4.58352 0.72311 
1 -4.36945 0.67297 
1 3.07326 -0.674946 
1 -4.4038 0.657019 
1 1.53659 -1.05166 
1 6.18441 -1.27065 
1 -3.50365 0.913334 
1 -3.55337 0.529819 
1 1.42276 -0.382624 
1 -5.04138 0.786887 
1 6.49169 -1.27866 
1 -8.77788 1.47117 
1 6.50546 -1.32335 
1 1.248 -0.849785 
1 0.108145 -0.138063 
1 0.023902 -0.10772 
1 -5.51723 0.899982 
1 -4.00075 0.6415 
1 -2.92871 0.397453 
1 2.0139 -1.39957 
1 5.52123 -1.11468 
1 -10.0351 1.68236 
1 9.05612 -1.74838 
1 -6.25737 1.00055 
1 4.42017 -0.950301 
1 7.48956 -1.46775 
1 8.62676 -1.66407 
1 -8.30377 1.40429 
1 -1.51495 0.0975782 
1 -8.66522 1.42583 
1 3.78493 -0.839581 
1 -0.32424 0.329527 
1 6.92305 -1.40331 
1 0.584416 -0.195916 
1 -6.59887 1.07465 
1 2.67966 -0.550339 
1 1.7802 -0.406509 
1 3.60515 -0.760629 
1 4.10636 -0.893791 
1 -4.33353 0.679499 
1 -2.74315 1.35947 
1 1.175 -0.79129 
1 5.78709 -1.15188 
1 -3.83889 0.68117 
1 -8.74596 1.44507 
1 6.84035 -1.37823 
1 -1.85523 0.217476 
1 7.51214 -1.47957 
1 6.25205 -1.25931 
1 -6.64532 1.05491 
1 -7.38009 1.19475 
1 7.82445 -1.50191 
1 -2.40261 0.343042 
1 9.1337 -1.78291 
1 5.18457 -1.06918 
1 -5.08439 0.802895 
1 6.7492 -1.30442 
1 -0.280086 -0.473908 
1 6.2983 -1.26839 
1 -5.4828 0.852747 
1 0.580117 -0.299857 
1 3.38167 -0.715104 
1 -9.78753 1.66653 
1 9.11292 -1.77372 
1 -2.40132 0.318165 
1 -9.44118 1.59025 
1 -6.4266 1.0303 
1 -7.10001 1.16447 
1 9.35869 -1.8162 
1 1.54034 -0.403849 
1 -6.64842 1.07715 
1 -1.28573 0.113696 
1 -6.65466 1.09228 
1 6.44419 -1.25163 
1 -7.1344 1.1555 
1 -1.69409 0.173902 
1 -1.77796 0.19286 
1 4.04255 -0.861387 
1 7.53147 -1.45467 
1 5.34063 -1.07372 
