3.24475	-0.748809	-7.14898	 0
2.36104	0.241318	-7.08256	 0
3.24162	0.10915	-7.96096	 0
-2.50759	0.912922	1.27721	 1
-1.51399	0.920686	1.52832	 1
-1.53664	1.88567	0.530659	 1
-2.32981	0.891754	1.51851	 1
-2.44127	1.49174	0.576378	 1
-1.54803	1.57368	0.57713	 1
-2.45014	1.56786	0.562319	 1
-0.935249	2.09325	-1.39811	 1
-2.37287	1.87738	1.55313	 1
-2.46262	1.82857	1.54892	 1
-1.53646	0.93668	0.805733	 1
-1.76656	1.88542	1.56858	 1
-2.47734	1.91115	1.56633	 1
-1.47387	1.89459	0.926181	 1
-2.46854	1.77167	1.58921	 1
-2.03927	0.899149	1.53983	 1
-2.47056	1.77765	1.55859	 1
-1.5869	0.852826	1.52511	 1
-1.47099	0.900328	0.644993	 1
-1.48782	1.35654	0.563102	 1
-1.70669	0.847891	0.564501	 1
-2.45589	1.6252	0.549072	 1
-1.49487	0.882986	0.980569	 1
-2.50647	0.918769	0.77372	 1
-1.47799	1.89315	0.960396	 1
-2.50839	1.15024	1.56041	 1
-1.49579	0.89664	0.564203	 1
-1.4296	1.86992	1.3454	 1
-1.52654	1.91954	1.24352	 1
-2.04755	0.892275	1.57482	 1
-1.49567	1.73645	0.587163	 1
-2.24517	1.86719	1.56919	 1
-1.4552	1.31233	0.559936	 1
-2.42643	0.87312	1.54151	 1
-1.51531	1.89327	1.3864	 1
-1.44045	1.86315	1.15691	 1
-1.48089	1.45968	0.550787	 1
-1.50627	1.9195	1.00494	 1
-1.49995	0.933074	0.55232	 1
-1.48288	1.88647	0.737465	 1
-1.80978	0.845192	0.544055	 1
-1.4701	1.88482	1.38396	 1
-2.14007	1.87803	0.552275	 1
-2.48423	1.36454	1.5671	 1
-1.68353	0.899631	1.54797	 1
-2.47453	1.0563	0.57831	 1
-2.4524	1.89054	0.751379	 1
-1.47347	1.26399	0.574569	 1
-2.47439	0.904345	0.579238	 1
-2.45339	1.80722	0.561262	 1
-1.63753	1.85457	0.570199	 1
-1.46537	0.888581	0.708139	 1
-1.52845	1.94778	0.773962	 1
-1.4902	1.13325	0.57839	 1
-1.49216	0.919456	1.34527	 1
-1.57809	1.88703	1.56213	 1
-1.48594	1.81812	1.56792	 1
-2.13997	0.89623	1.59076	 1
-2.11945	1.89899	1.59114	 1
-1.49936	1.53532	0.573021	 1
-2.24503	0.91445	0.558514	 1
-2.28175	1.88045	0.560292	 1
-0.377864	-0.22241	-0.837365	 1
-2.50283	1.82983	1.54767	 1
-1.45617	1.8809	0.610061	 1
-2.00621	0.885735	0.567209	 1
-2.18386	0.885385	1.57283	 1
-2.50028	1.87513	0.540289	 1
-1.48561	1.57639	1.56763	 1
-2.224	1.85992	0.527624	 1
-1.43623	1.87177	1.36143	 1
-2.43587	1.87186	1.23747	 1
-1.50025	1.89777	0.84164	 1
-2.45681	1.7637	1.55955	 1
-2.44689	0.876534	0.692793	 1
-1.83975	0.105771	-0.67516	 1
-2.49207	0.918947	0.556474	 1
-1.4848	0.90243	1.41131	 1
-1.92655	1.8741	1.56599	 1
-2.08799	0.89543	0.554203	 1
-1.44892	1.85327	0.862156	 1
-2.19866	1.88997	0.577681	 1
-1.47112	1.34101	0.535971	 1
-1.46539	0.875963	1.22624	 1
-1.67842	1.91229	1.56688	 1
-2.48886	1.1528	0.558975	 1
-1.98644	0.906392	1.5651	 1
-1.7625	1.86868	0.606692	 1
-2.4871	0.886529	1.5318	 1
-1.48435	1.90197	0.852772	 1
-1.8641	0.913394	1.56423	 1
-1.80567	1.89897	1.57338	 1
-2.47583	1.88522	0.718445	 1
-2.49361	0.912635	1.48488	 1
-2.46937	1.86525	0.562222	 1
-1.85855	0.87178	1.56779	 1
-1.46158	0.882392	1.33146	 1
-2.3081	1.91033	1.55686	 1
-1.50358	1.22134	0.549015	 1
-1.48313	0.895089	0.710871	 1
-2.08096	0.903375	1.56069	 1
-1.67126	0.909565	0.555916	 1
-2.44843	0.924047	1.55885	 1
-2.48473	1.09626	1.58073	 1
-1.50086	0.921874	1.0042	 1
-2.49069	1.70967	0.5523	 1
-1.62194	1.90033	1.56664	 1
-1.53001	0.931891	1.30266	 1
-2.44657	1.49686	0.55903	 1
-2.48602	1.89007	0.561485	 1
-2.37165	0.895446	0.579281	 1
-2.10353	0.884161	0.602798	 1
-1.4862	1.65004	1.57789	 1
-1.44737	-0.595926	-0.86767	 1
-1.45704	1.88741	1.36897	 1
-2.46914	1.87395	1.54286	 1
-2.48108	1.88529	0.756319	 1
-1.50128	1.9032	1.20972	 1
-1.5031	1.14325	1.57451	 1
-2.4722	0.893364	1.11527	 1
-2.56594	0.953525	0.692495	 1
-2.49319	1.90619	0.590534	 1
-2.50748	1.88455	1.47627	 1
-1.83873	0.905282	1.57595	 1
-1.48222	1.88047	1.2993	 1
-1.43919	1.85661	1.27885	 1
-1.52018	1.90739	0.740357	 1
-1.60089	1.89747	1.57513	 1
-2.48011	1.06831	0.567125	 1
-2.46311	1.63023	0.546224	 1
-1.89075	0.846278	0.574853	 1
-2.14053	0.888324	1.57437	 1
-1.43353	1.87207	0.986593	 1
-2.43543	1.87988	0.662423	 1
-1.49206	1.31741	0.540571	 1
-2.08403	0.887062	1.61049	 1
-2.43731	0.868652	1.46921	 1
-2.31618	0.875531	1.5583	 1
-1.46986	0.890614	0.742779	 1
-2.47044	1.04844	1.54876	 1
-2.50186	0.89335	1.1119	 1
-1.47379	0.901452	0.995695	 1
-1.44983	1.23695	1.54825	 1
-1.48095	1.7153	0.539536	 1
-2.46736	0.849378	1.51701	 1
-1.56993	0.882273	0.577702	 1
-2.49303	0.892023	1.39342	 1
-2.44727	1.84832	1.393	 1
-2.49623	1.90019	0.95664	 1
-1.44973	1.87562	0.886343	 1
-1.52442	1.64545	1.56445	 1
-2.52923	1.27149	0.557732	 1
-1.46153	1.62592	0.543563	 1
-2.0857	0.902574	1.57668	 1
-1.45209	1.58772	0.583329	 1
-2.40776	0.868047	0.642703	 1
-1.46472	0.877921	0.560538	 1
-1.47084	1.3945	0.546735	 1
-1.90273	1.88276	0.553769	 1
-2.44252	0.881821	0.567594	 1
-2.45726	1.57637	1.54736	 1
-2.06079	1.86184	0.591893	 1
-1.45121	0.871392	1.22543	 1
-2.46316	1.8862	0.747125	 1
-0.941604	2.41581	-2.09423	 2
-0.928097	3.07785	-1.16838	 2
-1.4921	1.23603	0.569561	 2
0.0782798	3.07664	-1.79962	 2
-0.919421	2.10108	-1.94268	 2
-0.0629057	3.06508	-1.09773	 2
0.0708417	2.23656	-2.08852	 2
0.0699817	2.16836	-2.07734	 2
0.0359737	2.23005	-2.06797	 2
-0.92864	2.69002	-2.0918	 2
-0.893069	3.05724	-2.08074	 2
-0.405624	-1.25646	-1.58711	 3
-1.38504	-0.990209	-0.826165	 3
-0.41602	-1.14696	-1.7977	 3
-1.36924	-1.23776	-1.36153	 3
-1.40452	-0.719772	-0.816203	 3
-1.37606	-0.256689	-1.54043	 3
-1.40518	-1.24249	-1.04321	 3
-1.39834	-1.25294	-1.75333	 3
-1.4461	-1.05922	-1.87989	 3
-1.4057	-1.13105	-0.816471	 3
-1.37522	-1.23516	-1.43892	 3
-1.40135	-1.25922	-1.20577	 3
-1.37649	-0.708415	-0.798137	 3
-0.449703	-1.25144	-0.834988	 3
-0.380698	-1.04401	-0.797306	 3
-1.38697	-0.828436	-1.77371	 3
-1.3842	-1.07327	-0.814604	 3
-1.06208	-1.24701	-1.83373	 3
-0.419203	-1.2625	-1.02812	 3
-1.37689	-1.07895	-1.79276	 3
-0.744621	-1.2357	-1.79766	 3
-0.404037	-0.613923	-0.832235	 3
