-2.50759 0.912922 1.27721 
-1.51399 0.920686 1.52832 
-1.53664 1.88567 0.530659 
-2.32981 0.891754 1.51851 
-2.44127 1.49174 0.576378 
-1.54803 1.57368 0.57713 
-2.45014 1.56786 0.562319 
-0.935249 2.09325 -1.39811 
-2.37287 1.87738 1.55313 
-2.46262 1.82857 1.54892 
-1.53646 0.93668 0.805733 
-1.76656 1.88542 1.56858 
-2.47734 1.91115 1.56633 
-1.47387 1.89459 0.926181 
-2.46854 1.77167 1.58921 
-2.03927 0.899149 1.53983 
-2.47056 1.77765 1.55859 
-1.5869 0.852826 1.52511 
-1.47099 0.900328 0.644993 
-1.48782 1.35654 0.563102 
-1.70669 0.847891 0.564501 
-2.45589 1.6252 0.549072 
-1.49487 0.882986 0.980569 
-2.50647 0.918769 0.77372 
-1.47799 1.89315 0.960396 
-2.50839 1.15024 1.56041 
-1.49579 0.89664 0.564203 
-1.4296 1.86992 1.3454 
-1.52654 1.91954 1.24352 
-2.04755 0.892275 1.57482 
-1.49567 1.73645 0.587163 
-2.24517 1.86719 1.56919 
-1.4552 1.31233 0.559936 
-2.42643 0.87312 1.54151 
-1.51531 1.89327 1.3864 
-1.44045 1.86315 1.15691 
-1.48089 1.45968 0.550787 
-1.50627 1.9195 1.00494 
-1.49995 0.933074 0.55232 
-1.48288 1.88647 0.737465 
-1.80978 0.845192 0.544055 
-1.4701 1.88482 1.38396 
-2.14007 1.87803 0.552275 
-2.48423 1.36454 1.5671 
-1.68353 0.899631 1.54797 
-2.47453 1.0563 0.57831 
-2.4524 1.89054 0.751379 
-1.47347 1.26399 0.574569 
-2.47439 0.904345 0.579238 
-2.45339 1.80722 0.561262 
-1.63753 1.85457 0.570199 
-1.46537 0.888581 0.708139 
-1.52845 1.94778 0.773962 
-1.4902 1.13325 0.57839 
-1.49216 0.919456 1.34527 
-1.57809 1.88703 1.56213 
-1.48594 1.81812 1.56792 
-2.13997 0.89623 1.59076 
-2.11945 1.89899 1.59114 
-1.49936 1.53532 0.573021 
-2.24503 0.91445 0.558514 
-2.28175 1.88045 0.560292 
-0.377864 -0.22241 -0.837365 
-2.50283 1.82983 1.54767 
-1.45617 1.8809 0.610061 
-2.00621 0.885735 0.567209 
-2.18386 0.885385 1.57283 
-2.50028 1.87513 0.540289 
-1.48561 1.57639 1.56763 
-2.224 1.85992 0.527624 
-1.43623 1.87177 1.36143 
-2.43587 1.87186 1.23747 
-1.50025 1.89777 0.84164 
-2.45681 1.7637 1.55955 
-2.44689 0.876534 0.692793 
-1.83975 0.105771 -0.67516 
-2.49207 0.918947 0.556474 
-1.4848 0.90243 1.41131 
-1.92655 1.8741 1.56599 
-2.08799 0.89543 0.554203 
-1.44892 1.85327 0.862156 
-2.19866 1.88997 0.577681 
-1.47112 1.34101 0.535971 
-1.46539 0.875963 1.22624 
-1.67842 1.91229 1.56688 
-2.48886 1.1528 0.558975 
-1.98644 0.906392 1.5651 
-1.7625 1.86868 0.606692 
-2.4871 0.886529 1.5318 
-1.48435 1.90197 0.852772 
-1.8641 0.913394 1.56423 
-1.80567 1.89897 1.57338 
-2.47583 1.88522 0.718445 
-2.49361 0.912635 1.48488 
-2.46937 1.86525 0.562222 
-1.85855 0.87178 1.56779 
-1.46158 0.882392 1.33146 
-2.3081 1.91033 1.55686 
-1.50358 1.22134 0.549015 
-1.48313 0.895089 0.710871 
-2.08096 0.903375 1.56069 
-1.67126 0.909565 0.555916 
-2.44843 0.924047 1.55885 
-2.48473 1.09626 1.58073 
-1.50086 0.921874 1.0042 
-2.49069 1.70967 0.5523 
-1.62194 1.90033 1.56664 
-1.53001 0.931891 1.30266 
-2.44657 1.49686 0.55903 
-2.48602 1.89007 0.561485 
-2.37165 0.895446 0.579281 
-2.10353 0.884161 0.602798 
-1.4862 1.65004 1.57789 
-1.44737 -0.595926 -0.86767 
-1.45704 1.88741 1.36897 
-2.46914 1.87395 1.54286 
-2.48108 1.88529 0.756319 
-1.50128 1.9032 1.20972 
-1.5031 1.14325 1.57451 
-2.4722 0.893364 1.11527 
-2.56594 0.953525 0.692495 
-2.49319 1.90619 0.590534 
-2.50748 1.88455 1.47627 
-1.83873 0.905282 1.57595 
-1.48222 1.88047 1.2993 
-1.43919 1.85661 1.27885 
-1.52018 1.90739 0.740357 
-1.60089 1.89747 1.57513 
-2.48011 1.06831 0.567125 
-2.46311 1.63023 0.546224 
-1.89075 0.846278 0.574853 
-2.14053 0.888324 1.57437 
-1.43353 1.87207 0.986593 
-2.43543 1.87988 0.662423 
-1.49206 1.31741 0.540571 
-2.08403 0.887062 1.61049 
-2.43731 0.868652 1.46921 
-2.31618 0.875531 1.5583 
-1.46986 0.890614 0.742779 
-2.47044 1.04844 1.54876 
-2.50186 0.89335 1.1119 
-1.47379 0.901452 0.995695 
-1.44983 1.23695 1.54825 
-1.48095 1.7153 0.539536 
-2.46736 0.849378 1.51701 
-1.56993 0.882273 0.577702 
-2.49303 0.892023 1.39342 
-2.44727 1.84832 1.393 
-2.49623 1.90019 0.95664 
-1.44973 1.87562 0.886343 
-1.52442 1.64545 1.56445 
-2.52923 1.27149 0.557732 
-1.46153 1.62592 0.543563 
-2.0857 0.902574 1.57668 
-1.45209 1.58772 0.583329 
-2.40776 0.868047 0.642703 
-1.46472 0.877921 0.560538 
-1.47084 1.3945 0.546735 
-1.90273 1.88276 0.553769 
-2.44252 0.881821 0.567594 
-2.45726 1.57637 1.54736 
-2.06079 1.86184 0.591893 
-1.45121 0.871392 1.22543 
-2.46316 1.8862 0.747125 
