-0.405624 -1.25646 -1.58711 
-1.38504 -0.990209 -0.826165 
-0.41602 -1.14696 -1.7977 
-1.36924 -1.23776 -1.36153 
-1.40452 -0.719772 -0.816203 
-1.37606 -0.256689 -1.54043 
-1.40518 -1.24249 -1.04321 
-1.39834 -1.25294 -1.75333 
-1.4461 -1.05922 -1.87989 
-1.4057 -1.13105 -0.816471 
-1.37522 -1.23516 -1.43892 
-1.40135 -1.25922 -1.20577 
-1.37649 -0.708415 -0.798137 
-0.449703 -1.25144 -0.834988 
-0.380698 -1.04401 -0.797306 
-1.38697 -0.828436 -1.77371 
-1.3842 -1.07327 -0.814604 
-1.06208 -1.24701 -1.83373 
-0.419203 -1.2625 -1.02812 
-1.37689 -1.07895 -1.79276 
-0.744621 -1.2357 -1.79766 
-0.404037 -0.613923 -0.832235 
