0.0197745	1.06741	2.34183	 0
0.611448	2.03984	1.85962	 0
0.0533768	1.46209	1.87297	 0
0.600148	1.05622	1.84053	 0
0.410214	2.03746	1.85349	 0
0.579145	1.05162	1.81404	 0
0.0545266	2.06381	1.83675	 0
1.07215	1.25348	1.87039	 0
-0.816251	-0.955498	1.35888	 0
0.107304	2.05875	2.87411	 0
0.0186135	2.07082	2.0347	 0
0.275706	2.03171	2.87279	 0
-0.217432	-0.951473	1.49891	 0
0.0449463	1.57222	2.85483	 0
0.399444	2.00846	2.85162	 0
-0.238518	-0.948381	2.0761	 0
-1.18964	0.0544469	1.69165	 0
1.03356	1.82751	1.85255	 0
0.839972	2.03781	1.87441	 0
0.0612486	1.58028	2.89675	 0
-1.2069	-0.951342	1.68653	 0
0.0493239	1.05897	2.66509	 0
0.641922	2.06527	1.83888	 0
0.878257	2.03902	2.84192	 0
1.03049	1.03482	2.08498	 0
0.0254318	2.0459	2.44958	 0
0.840007	2.03645	1.86969	 0
0.727715	2.04485	2.83398	 0
1.00532	2.05452	2.35495	 0
1.01269	1.04976	2.47779	 0
0.238624	2.07029	2.84505	 0
0.489746	2.02496	2.87075	 0
0.558551	1.05879	1.85841	 0
0.0257084	1.05447	2.52609	 0
1.06283	1.66802	2.8536	 0
-0.185153	-0.717426	1.3648	 0
0.0281373	1.77088	2.83336	 0
1.03103	1.3324	1.82507	 0
1.00666	2.06404	2.05659	 0
0.21342	1.04546	2.84004	 0
0.0532931	1.72213	1.86691	 0
0.988681	1.0691	1.84408	 0
0.302038	2.06478	2.84046	 0
-0.268138	-0.0816898	1.26557	 0
1.04423	1.03711	1.92033	 0
1.00141	2.0255	2.834	 0
0.0408876	2.04319	2.78636	 0
0.970419	1.04579	2.86761	 0
0.0200757	1.33997	1.86477	 0
0.0589642	1.43863	1.83334	 0
1.04925	1.4731	2.82686	 0
1.03454	1.30677	1.83158	 0
1.02423	1.06449	2.09298	 0
0.0670082	1.03611	2.74026	 0
1.00859	1.07484	2.05095	 0
0.0790442	1.5333	2.88515	 0
-0.195791	-0.022283	1.37864	 0
0.806347	2.05828	1.85926	 0
0.417136	2.05857	2.85031	 0
1.02415	1.45538	2.83964	 0
1.06082	1.22472	1.85575	 0
0.807639	1.04719	1.83591	 0
0.0326679	1.05241	2.68553	 0
0.648791	1.05725	2.83205	 0
0.0135355	2.04034	2.75955	 0
0.0638848	1.09702	2.86189	 0
0.833262	2.03973	2.85564	 0
0.0311021	2.04669	1.84209	 0
0.0530238	1.06756	2.84327	 0
1.05272	1.55249	2.86241	 0
-0.214729	-0.95246	1.41048	 0
-1.19903	-0.570618	2.39268	 0
-0.760176	0.048099	1.31572	 0
0.0159586	1.04974	2.59082	 0
0.0279582	1.05068	2.34663	 0
1.05945	2.02561	2.48786	 0
0.99053	2.06575	1.80816	 0
-0.267734	0.0179554	2.20966	 0
0.029924	1.88684	1.84281	 0
0.0239187	1.97281	1.85361	 0
-1.0206	0.044359	1.42619	 0
-0.584412	-0.958969	2.39008	 0
-0.400238	-0.954816	2.3367	 0
0.413775	2.04003	2.85755	 0
-0.33364	-0.961229	1.36919	 0
0.288621	1.05907	1.82294	 0
1.01893	2.05593	2.01948	 0
1.05605	1.04088	2.76791	 0
1.03155	1.04989	2.17451	 0
-0.513938	0.0365544	1.34076	 0
0.591576	1.05724	1.82646	 0
1.01638	1.06484	1.85156	 0
0.417393	1.06884	2.82806	 0
0.00646316	1.04902	2.04775	 0
1.01999	2.07452	2.53075	 0
1.04323	1.0343	2.86007	 0
-1.19149	-0.304125	2.39877	 0
0.0327748	1.62362	1.8607	 0
0.344233	1.02198	2.87335	 0
0.0306156	1.97479	2.83926	 0
-0.205605	-0.540598	2.38074	 0
1.01874	2.03049	1.84973	 0
0.897066	1.05934	1.8628	 0
0.0155962	2.04751	2.39277	 0
0.0498141	1.99894	2.87794	 0
0.0359613	1.03703	2.16785	 0
1.03182	1.41703	2.83457	 0
-1.21578	0.046788	1.84118	 0
-0.880233	-0.94005	1.37911	 0
0.247953	2.03504	1.85089	 0
-0.201226	-0.968459	1.39092	 0
0.00482709	2.06996	2.57103	 0
1.06223	1.71824	2.84769	 0
-0.193403	0.0450489	1.39826	 0
0.0267492	1.46928	1.83308	 0
1.03696	1.06503	2.78979	 0
0.299392	2.05175	1.79757	 0
-0.608251	0.0471533	2.33995	 0
1.04982	1.0345	2.41046	 0
0.0449288	1.04188	2.35194	 0
-0.200798	0.0306321	1.47267	 0
-0.20502	-0.20391	2.36694	 0
1.04894	1.7072	1.86362	 0
1.0282	1.20052	2.87301	 0
0.0371458	2.04328	2.02725	 0
0.0380722	1.06849	1.81621	 0
1.05116	1.34705	2.8702	 0
1.02971	1.0512	2.86758	 0
1.02032	1.2309	1.83373	 0
-1.17174	-0.293586	2.37026	 0
0.205006	2.06085	2.86543	 0
-0.535198	-0.94543	1.3794	 0
0.303581	1.07386	2.80878	 0
-1.17724	-0.955682	1.91589	 0
0.718708	1.04174	1.86341	 0
0.117291	1.05977	1.84295	 0
1.05187	1.93208	2.83058	 0
1.04584	2.01423	1.8451	 0
-1.18927	0.0390679	1.48384	 0
0.0599979	1.02424	2.85663	 0
3.12389	-3.03801	-4.32165	 1
3.10749	-3.05435	-4.13179	 1
2.11124	-3.05476	-3.91797	 1
2.54764	-2.05294	-4.70851	 1
3.04868	-2.05588	-4.69824	 1
3.12623	-2.95787	-4.70434	 1
2.10481	-2.29851	-3.72551	 1
2.09167	-2.05439	-4.51455	 1
3.0677	-2.04588	-3.73833	 1
3.09019	-2.34585	-4.74879	 1
2.55667	-3.03552	-4.67103	 1
3.09413	-2.74043	-4.71563	 1
3.16123	-2.07156	-4.70626	 1
2.17108	-3.02914	-4.66536	 1
2.55203	-2.05412	-3.69736	 1
2.12446	-2.53742	-3.72802	 1
2.71669	-3.03678	-3.63602	 1
3.08671	-3.06529	-4.31421	 1
2.49766	-3.04582	-3.71184	 1
3.08945	-2.99798	-4.70314	 1
2.37621	-2.07345	-3.74672	 1
2.5311	-2.04609	-4.71836	 1
3.11073	-2.04477	-4.63085	 1
2.10441	-2.48419	-4.73986	 1
2.26858	-3.04061	-3.70413	 1
3.06806	-3.01882	-3.64978	 1
2.11025	-3.04302	-4.34215	 1
2.29174	-2.0398	-4.69166	 1
3.0828	-2.93871	-3.73701	 1
3.01456	-2.04874	-4.71883	 1
2.62953	-2.03619	-3.6496	 1
3.12097	-3.06398	-4.60983	 1
2.23167	-3.02861	-3.70443	 1
2.89574	-2.05391	-3.74242	 1
2.48463	-2.0522	-3.76092	 1
2.11114	-3.05773	-4.34133	 1
3.14157	-2.02166	-4.37084	 1
3.14587	-2.15125	-4.68175	 1
2.12807	-2.48836	-3.69006	 1
2.11131	-2.62269	-4.7296	 1
3.10098	-2.60492	-4.72191	 1
2.11332	-3.02545	-4.62765	 1
3.15333	-2.03329	-4.31619	 1
2.10549	-2.78234	-3.69655	 1
2.53232	-3.04674	-3.73765	 1
-2.16215	-1.03522	-1.78189	 2
0.525272	-1.97318	-1.02018	 2
-0.510992	-1.97308	-1.39966	 2
-0.484565	-1.96576	-1.24242	 2
-1.20548	-0.834888	-1.84892	 2
-0.488909	-2.09551	-1.47329	 2
0.0610803	-1.95871	-0.474606	 2
-0.480106	-2.6901	-1.46141	 2
-1.21276	-1.01397	-1.52122	 2
0.120697	-1.99848	-1.45339	 2
0.510867	-2.96806	-1.12511	 2
0.492367	-2.9881	-0.469154	 2
-1.21099	-0.987662	-1.80084	 2
-1.52299	-0.0288783	-1.76623	 2
-1.16918	-0.0265374	-0.807034	 3
