3.12389 -3.03801 -4.32165 
3.10749 -3.05435 -4.13179 
2.11124 -3.05476 -3.91797 
2.54764 -2.05294 -4.70851 
3.04868 -2.05588 -4.69824 
3.12623 -2.95787 -4.70434 
2.10481 -2.29851 -3.72551 
2.09167 -2.05439 -4.51455 
3.0677 -2.04588 -3.73833 
3.09019 -2.34585 -4.74879 
2.55667 -3.03552 -4.67103 
3.09413 -2.74043 -4.71563 
3.16123 -2.07156 -4.70626 
2.17108 -3.02914 -4.66536 
2.55203 -2.05412 -3.69736 
2.12446 -2.53742 -3.72802 
2.71669 -3.03678 -3.63602 
3.08671 -3.06529 -4.31421 
2.49766 -3.04582 -3.71184 
3.08945 -2.99798 -4.70314 
2.37621 -2.07345 -3.74672 
2.5311 -2.04609 -4.71836 
3.11073 -2.04477 -4.63085 
2.10441 -2.48419 -4.73986 
2.26858 -3.04061 -3.70413 
3.06806 -3.01882 -3.64978 
2.11025 -3.04302 -4.34215 
2.29174 -2.0398 -4.69166 
3.0828 -2.93871 -3.73701 
3.01456 -2.04874 -4.71883 
2.62953 -2.03619 -3.6496 
3.12097 -3.06398 -4.60983 
2.23167 -3.02861 -3.70443 
2.89574 -2.05391 -3.74242 
2.48463 -2.0522 -3.76092 
2.11114 -3.05773 -4.34133 
3.14157 -2.02166 -4.37084 
3.14587 -2.15125 -4.68175 
2.12807 -2.48836 -3.69006 
2.11131 -2.62269 -4.7296 
3.10098 -2.60492 -4.72191 
2.11332 -3.02545 -4.62765 
3.15333 -2.03329 -4.31619 
2.10549 -2.78234 -3.69655 
2.53232 -3.04674 -3.73765 
