1 0.914712 6.20549 
1 0.767402 4.41636 
1 1.15773 8.56427 
1 1.06171 7.70027 
1 0.751266 4.2565 
1 1.06978 7.92608 
1 0.594379 2.42971 
1 0.106683 -2.93633 
1 -0.413643 -8.33906 
1 0.319518 -0.323274 
1 -0.0874343 -4.82419 
1 -0.180186 -5.69379 
1 -0.0105468 -3.90158 
1 0.439815 0.636468 
1 0.772846 4.4447 
1 0.96454 6.6329 
1 -0.102026 -5.33312 
1 0.322923 -0.587838 
1 0.410158 0.688678 
1 0.742212 3.78143 
1 0.839222 4.59632 
1 1.1425 8.3684 
1 0.115194 -2.65535 
1 1.15849 8.18182 
1 0.736534 4.09257 
1 -0.454662 -8.68879 
1 0.717796 3.9839 
1 1.06752 7.70045 
1 -0.247824 -6.65263 
1 0.0670651 -3.15376 
1 0.804787 4.66928 
1 -0.267315 -6.71905 
1 0.0719609 -3.41752 
1 0.303211 -0.924059 
1 0.192169 -1.63384 
1 -0.050677 -4.02329 
1 0.320912 -0.598251 
1 0.402993 0.565107 
1 -0.112941 -4.82696 
1 -0.121373 -5.10038 
1 0.435014 0.45524 
1 0.938162 6.16441 
1 0.0280515 -3.67186 
1 0.840916 5.32959 
1 0.75437 4.38064 
1 0.147208 -2.25921 
1 1.24279 9.85613 
1 0.045357 -3.2879 
1 -0.423615 -8.34585 
1 0.610283 2.87131 
1 0.464594 1.02779 
1 -0.131273 -5.1974 
1 0.618821 2.86369 
1 0.74247 3.99813 
1 1.01993 6.96002 
1 -0.11392 -5.20161 
1 0.898837 5.72143 
1 0.652999 3.06313 
1 1.07714 7.76013 
1 0.217249 -1.53215 
1 -0.257142 -6.45917 
1 1.08578 7.90361 
1 -0.351339 -7.39556 
1 0.610016 2.5394 
1 0.686144 3.34385 
1 -0.167208 -5.54834 
1 -0.254626 -6.61216 
1 1.02608 7.11799 
1 0.916208 6.30446 
1 0.869319 5.34597 
1 1.01268 7.38063 
1 0.130161 -2.29147 
1 -0.238345 -6.26045 
1 1.31235 10.1228 
1 -0.028999 -4.42436 
1 0.0298492 -3.66964 
1 0.411752 0.595449 
1 -0.361102 -7.71688 
1 0.0255243 -3.64216 
1 0.765709 4.26848 
1 -0.154905 -5.65943 
1 0.684877 3.39263 
1 1.16216 9.05536 
1 -0.241915 -6.26517 
1 -0.221301 -6.25237 
1 0.82878 4.96244 
1 -0.51001 -9.01704 
1 0.924375 6.29358 
1 0.185064 -1.93836 
1 0.11427 -2.69202 
1 1.25672 9.45625 
1 0.776104 4.53199 
1 0.125953 -2.41243 
1 0.428042 0.851012 
1 -0.49021 -9.26133 
1 0.442081 0.897291 
1 0.56547 2.28512 
1 0.0913142 -2.68139 
1 0.181495 -1.81881 
1 -0.366535 -8.0185 
1 -0.0282279 -4.26898 
1 0.9565 6.48515 
1 0.237878 -0.939025 
1 0.998426 6.92807 
1 0.787666 4.67037 
1 -0.367923 -7.92462 
1 0.331887 -0.043134 
1 -0.212079 -6.11312 
1 0.703817 3.6195 
1 -0.104669 -5.04487 
1 0.570019 1.92313 
1 1.22856 9.24134 
1 -0.394733 -8.03171 
1 0.482121 1.19715 
1 1.12084 8.14407 
1 1.34755 10.3616 
1 0.510763 1.50808 
1 0.322092 -0.196859 
1 0.443402 0.800726 
1 0.40883 0.614742 
1 -0.189242 -5.91633 
1 0.543549 2.10586 
1 1.09916 7.90223 
1 1.03675 7.37674 
1 1.3406 10.4903 
1 0.143587 -2.40051 
1 0.350154 0.0366888 
1 -0.394609 -7.90208 
1 0.294958 -0.887885 
1 -0.512351 -9.18403 
1 -0.00452157 -3.75972 
1 0.679567 3.39316 
1 -0.240264 -6.36627 
1 0.0914103 -2.8995 
1 -0.321752 -7.16509 
1 -0.128 -5.41141 
1 -0.0592666 -4.60354 
1 0.709584 3.63109 
1 -0.377462 -7.94398 
1 0.535881 1.93746 
1 1.2206 9.32755 
1 1.2552 9.50888 
1 0.703206 3.38981 
1 0.131166 -2.21288 
1 0.225891 -1.73329 
1 -0.486286 -8.81054 
1 0.702282 3.63648 
1 0.589463 2.61426 
1 0.426429 0.616309 
1 0.704486 3.66897 
1 0.631198 3.01148 
1 1.17675 8.81698 
1 -0.0837363 -4.63857 
1 0.680677 3.34693 
1 0.0982944 -2.82049 
1 -0.240486 -6.21991 
1 -0.486017 -8.94423 
1 1.1289 7.89874 
1 0.0396495 -3.41892 
1 -0.175886 -5.69301 
1 1.22208 9.36608 
1 0.535593 1.94907 
1 0.845637 5.47737 
1 0.988606 6.4987 
1 -0.354864 -7.58354 
1 1.13739 8.49004 
