1 1.26654 -0.477625 
1 2.02179 -1.13532 
1 4.98501 -5.70815 
1 4.77936 -3.59364 
1 4.18154 -3.57555 
1 0.117058 0.40762 
1 4.29371 -3.88971 
1 4.8904 -2.86124 
1 5.55541 -4.28084 
1 2.47855 -1.56868 
1 -8.86136 5.7318 
1 3.85117 -2.6838 
1 5.58505 -4.2639 
1 5.04882 -5.95704 
1 4.44681 -3.28453 
1 5.30192 -3.999 
1 2.20047 -1.36801 
1 5.04463 -3.78426 
1 3.20299 -2.2283 
1 3.17106 -2.17137 
1 4.66515 -4.90438 
1 4.62225 -3.42968 
1 -0.464865 0.989831 
1 1.34267 -0.614195 
1 4.51045 -4.44096 
1 5.13609 -3.88497 
1 2.38146 -1.49479 
1 1.43082 -0.669472 
1 3.00281 -2.05188 
