1 2.77168 -3.33336 
1 -6.28684 3.75001 
1 -4.47856 2.38147 
1 -4.5372 2.36128 
1 -3.71666 1.76475 
1 6.94451 -6.51041 
1 -3.98277 1.96866 
1 -5.52429 3.18089 
1 2.04009 -2.79046 
1 2.07267 -2.73187 
1 -3.41693 1.57275 
1 3.96567 -4.20349 
1 -3.46118 1.64175 
1 -2.49518 0.612429 
1 -1.26699 -0.208974 
1 1.02641 -1.9671 
1 -1.10982 -0.272614 
1 -0.628885 -0.684508 
1 1.89812 -2.5505 
1 6.27655 -6.01607 
1 2.75895 -3.26901 
1 1.2543 -2.16301 
1 4.18038 -4.35392 
1 4.94582 -5.0199 
1 2.12759 -0.496495 
1 -5.16865 2.8851 
1 4.54777 -4.77792 
1 4.74939 -4.83604 
1 6.08722 -5.81888 
1 3.19651 -3.6614 
1 1.15294 -2.03537 
1 -4.89979 2.7194 
1 6.46092 -6.09518 
1 0.34207 -0.634242 
1 3.52581 -3.89489 
1 -5.66357 3.34996 
1 1.03534 -1.91005 
1 2.73048 -3.21369 
1 -2.21532 0.752797 
1 -4.55595 2.45371 
1 3.56139 -3.97922 
1 1.82124 -2.5605 
1 4.67262 -4.81186 
1 5.8467 -5.74076 
1 0.884672 -1.91142 
1 7.78311 -7.19082 
1 4.25066 -4.48223 
1 -3.62872 1.68164 
1 0.414707 -1.54584 
1 -4.32073 2.09962 
1 -2.01079 -0.788522 
1 -3.03616 1.17532 
1 -6.88284 4.24761 
1 1.89143 -2.62087 
1 -7.46668 4.64233 
1 -5.73684 3.26877 
1 -7.26495 4.38039 
1 -4.8179 2.70061 
1 3.37973 -3.54424 
1 -0.395362 -0.785951 
1 3.4617 -3.88015 
1 3.50704 -3.87653 
1 -4.44443 2.27805 
1 7.38937 -6.82519 
1 -2.3875 0.704201 
1 0.611522 -1.56117 
1 1.95689 -2.70708 
1 -3.10554 1.19806 
1 -0.908841 -0.429092 
1 1.70575 -2.38235 
1 -4.65272 2.5257 
1 -1.97087 0.356476 
1 -7.3772 4.60983 
1 -4.49859 2.4688 
1 -0.135426 -1.05503 
1 -0.142988 -1.13123 
1 -5.86374 3.40776 
1 -3.38792 1.66175 
1 -0.339287 -0.876383 
1 4.26676 -4.48935 
1 -0.358514 -0.833664 
1 1.55234 -2.23754 
1 1.14356 -0.382444 
1 -5.86045 3.34508 
1 6.28549 -5.96895 
1 -5.34763 3.15337 
1 7.75417 -7.20948 
1 -0.879942 -0.409927 
1 -2.49174 0.804024 
1 0.628545 -1.63603 
1 -7.14847 4.3209 
1 7.13808 -6.71913 
1 -4.07637 2.04243 
1 5.37424 -5.37226 
1 1.75138 -2.49741 
1 -4.80578 2.56165 
1 -6.09923 3.6568 
1 0.847118 -1.9514 
1 3.94601 -4.24691 
1 2.2419 -2.91589 
1 -5.53115 3.03391 
1 1.75441 -2.40225 
1 0.285207 -1.3475 
1 -6.24352 3.70737 
1 -5.54343 3.14512 
1 6.46018 -6.24621 
1 7.7633 -7.19942 
1 -3.37897 1.48121 
1 -6.3664 3.79474 
1 -1.76728 0.325314 
1 1.9856 -2.64311 
1 -0.435928 -0.737141 
1 -5.37108 2.96272 
1 -3.41137 1.5683 
1 -4.76347 2.5939 
1 -4.17953 2.02688 
1 -2.15142 0.820851 
1 -3.01619 1.32883 
1 -5.5563 3.32882 
1 -4.18624 2.07121 
1 -5.94883 3.44888 
1 -3.74812 1.83174 
