2.54282 -4.64396 -3.36203 
1.51321 -4.67638 -3.66432 
1.78541 -4.68516 -3.30963 
1.6859 -4.68572 -4.1725 
1.57498 -3.92866 -4.36778 
1.6801 -0.991329 -2.28993 
2.48962 -4.68613 -4.25861 
1.96646 -4.65348 -3.31571 
1.67107 -0.844687 -3.2482 
1.68147 -4.69155 -4.26082 
2.50691 -4.33361 -3.23318 
1.51223 -3.6877 -3.25873 
2.50085 -4.33527 -4.25344 
2.55554 -3.66682 -3.71581 
2.50737 -4.28317 -4.20762 
2.555 -4.1755 -3.32831 
1.99699 -4.66975 -4.29324 
2.54668 -3.97843 -4.30771 
2.58357 -4.42365 -3.38271 
1.63456 -4.70893 -3.24558 
1.51633 -4.30994 -4.28675 
2.54732 -4.3464 -4.33403 
1.55131 -3.65777 -3.46994 
2.5726 -3.70287 -3.55036 
2.58496 -4.46179 -3.42515 
1.49353 -3.68263 -3.54329 
