-5.0864 -3.18988 -1.93841 
-6.08523 -2.1584 -2.5097 
-5.91265 -3.17818 -2.63204 
-5.92955 -3.1895 -2.65047 
-5.38932 -3.15035 -1.65178 
-5.10959 -3.1687 -2.46665 
-6.12248 -2.46272 -1.65525 
-5.12698 -3.0271 -2.6465 
-5.53797 -3.17581 -1.61293 
-6.1275 -2.30248 -1.64749 
-6.14469 -2.58743 -1.67398 
-6.1076 -3.17086 -2.39862 
-5.15462 -2.54131 -1.68468 
-6.11403 -3.15379 -1.67077 
-5.11079 -2.15011 -1.91676 
-5.60221 -2.14512 -2.62384 
-5.07085 -3.16888 -1.69414 
-6.04857 -2.27598 -2.59427 
-5.74823 -3.1532 -2.64303 
-5.34422 -3.1818 -1.61492 
-5.64092 -2.16796 -1.65784 
-5.83663 -3.168 -2.64385 
-5.21058 -3.16499 -1.62183 
-5.6237 -3.16243 -2.6334 
-5.12488 -2.22833 -1.63217 
-6.09624 -2.34232 -1.61432 
-6.12623 -2.87401 -1.6743 
-5.14874 -2.16081 -1.64556 
-5.16365 -2.2814 -2.66212 
-5.13255 -2.36051 -2.66974 
-6.13232 -2.78846 -1.65366 
-6.13855 -2.64773 -1.68097 
-6.10288 -2.47635 -2.63753 
-5.76426 -3.14955 -2.65346 
-5.09628 -3.16724 -1.72841 
-5.13333 -3.19261 -2.27039 
-6.0844 -3.00792 -2.62628 
-5.71459 -2.14301 -2.65646 
-5.58276 -2.20503 -1.63125 
-6.12965 -2.20188 -2.16259 
-5.15369 -3.15626 -2.23908 
-5.39533 -2.1478 -2.65039 
-5.10396 -2.31589 -2.63154 
-5.06055 -2.39091 -2.6192 
-5.31765 -3.14507 -1.63368 
-6.12482 -3.18566 -1.6535 
-6.10692 -2.45145 -2.63034 
-6.10748 -2.39223 -1.64562 
-5.04818 -2.36189 -2.60042 
-5.10196 -2.23804 -2.64989 
-5.11928 -3.14513 -2.08636 
-6.12712 -2.18064 -2.15385 
-6.09463 -2.16898 -2.24987 
-5.11353 -2.70054 -1.61691 
-6.02573 -3.17945 -2.66188 
-6.0772 -2.46488 -1.61781 
-5.63737 -3.17812 -1.63366 
-6.13335 -2.94918 -2.62973 
-6.15231 -3.16671 -2.6515 
-6.09161 -3.04389 -1.64231 
-5.11129 -2.55748 -1.65323 
-5.11817 -3.12879 -2.63507 
-6.13867 -2.27007 -1.67379 
-6.10885 -3.16284 -2.17878 
-6.07086 -3.16588 -1.67067 
-5.2289 -2.15776 -2.6506 
-5.14097 -3.1103 -2.64908 
-6.12783 -2.13712 -1.77008 
-5.15482 -2.1721 -1.68834 
-6.11615 -2.43509 -2.65908 
-5.07753 -2.62394 -2.62714 
-5.73383 -2.15479 -1.65068 
-6.15353 -2.83166 -2.67021 
-6.10888 -2.16646 -2.56385 
-5.4222 -2.15881 -2.65004 
-6.13549 -3.17515 -1.67674 
-5.11172 -3.16055 -2.35581 
-5.09589 -2.83928 -1.653 
-6.08661 -2.31425 -1.62202 
-5.11645 -2.44341 -1.6535 
-5.13831 -2.75209 -1.65832 
-6.15773 -2.36902 -1.66927 
-5.66228 -3.16764 -2.64556 
-5.07302 -2.38898 -2.61287 
-5.05701 -2.2262 -2.60132 
-5.13814 -3.15149 -1.65115 
-6.0424 -2.14753 -1.65223 
-6.10465 -2.54239 -2.64528 
-6.10737 -2.18809 -2.62266 
-5.9612 -2.17304 -2.6303 
-6.10576 -3.18821 -1.94817 
-5.14223 -3.18222 -1.91964 
-6.00057 -2.15025 -1.65021 
-6.0369 -2.20948 -2.65516 
-6.14603 -2.57921 -2.67873 
-5.78987 -2.17608 -1.67143 
-6.07926 -3.1577 -2.63372 
-5.58623 -2.13291 -2.66733 
-5.11851 -2.16983 -2.61626 
-5.08705 -2.3128 -1.63584 
-5.4161 -2.15241 -1.62445 
-5.30871 -3.1841 -1.6361 
-5.13059 -3.14167 -2.6283 
-6.07657 -2.55996 -1.61984 
-5.39734 -3.13836 -2.60281 
-5.11791 -2.14887 -1.79447 
-6.07452 -2.83947 -1.62601 
-5.06672 -3.16884 -2.5853 
-5.17083 -2.80991 -1.68129 
-6.13606 -2.85268 -1.65928 
-5.1142 -3.15563 -2.25978 
-5.11889 -2.31914 -2.65605 
-5.12054 -2.1461 -2.2746 
-5.77064 -2.16001 -2.68909 
-6.11005 -3.1738 -2.31358 
-5.15432 -2.15524 -1.76703 
-6.12404 -3.17439 -1.72119 
-5.78572 -2.19036 -2.6326 
-5.09752 -2.17047 -1.97342 
-6.03846 -3.16205 -2.6436 
-5.12487 -2.15244 -1.73263 
-6.11387 -3.16557 -1.78167 
-6.14471 -2.31075 -1.65555 
-6.11105 -2.17889 -2.63834 
-5.08986 -2.40603 -2.62479 
-5.06748 -3.17106 -1.77637 
-5.13471 -2.17451 -2.31252 
-5.05305 -2.36254 -1.59913 
-6.15867 -2.80793 -2.65929 
-5.14096 -2.17555 -1.61653 
-5.28002 -3.1591 -1.65932 
-5.11747 -2.17023 -1.64103 
-5.10514 -2.74346 -1.66983 
-6.04034 -3.1718 -2.6126 
-5.10582 -2.15171 -1.72022 
-6.15223 -2.14556 -2.06665 
-5.10158 -3.17547 -1.82257 
-5.93725 -3.14535 -1.66041 
-6.09281 -2.47377 -2.64501 
-5.33131 -2.14928 -2.66099 
-5.11926 -2.87486 -1.64633 
-6.15278 -2.51915 -1.66436 
