-1.02789 2.13585 1.55291 
-1.00968 1.87602 0.580649 
-0.146012 1.17268 -1.17726 
-1.003 2.34768 0.731967 
-1.0187 2.32031 1.56811 
-1.75891 1.36048 1.55124 
-1.03516 1.42068 1.04972 
2.31407 0.296991 1.58084 
-1.02242 1.68725 0.538276 
-1.49832 1.36572 1.54293 
-2.01773 1.4578 0.559683 
-0.968914 1.35352 0.743893 
2.21329 -0.546123 1.56444 
-1.02158 1.64725 1.54804 
-2.01125 1.87966 1.51233 
-1.99391 1.48176 1.5521 
-1.98824 2.37531 1.09946 
-1.06481 2.0581 1.58344 
-1.55112 1.42209 1.58469 
-1.00253 2.29049 0.589902 
-2.81531 -1.34823 2.14238 
