1 -2.04771 5.29 
1 -7.08935 9.73083 
1 0.119731 3.52205 
1 -0.102167 3.66812 
1 -3.83301 6.87985 
1 -4.8667 7.72855 
1 -5.26794 8.07223 
1 6.16559 -1.67741 
1 -7.06366 9.57357 
1 5.09784 -0.791266 
1 5.22114 -0.955067 
1 -3.43102 6.52927 
1 0.801249 2.82326 
1 -6.89314 9.46119 
1 -5.28323 8.06042 
1 2.48045 1.43468 
1 3.81539 0.312269 
1 -8.02127 10.2345 
1 -4.97789 7.88489 
1 -7.11204 9.52059 
1 -7.69888 10.0552 
1 1.41509 2.38465 
1 2.64919 1.23333 
1 -0.353922 3.91484 
1 0.0829456 3.41857 
1 -2.60381 5.73906 
1 0.724967 2.98439 
1 -2.80649 5.95726 
1 -2.46555 5.54143 
1 -8.29951 10.5023 
1 0.928545 2.8104 
1 3.48575 0.599027 
1 1.25579 2.60095 
1 -8.38253 10.7489 
1 -4.31891 7.3107 
1 4.62751 -0.372648 
1 -7.90928 10.2141 
1 -4.22447 6.81182 
1 -5.62944 8.39033 
1 -7.99876 10.3269 
1 3.712 0.261501 
1 -1.53267 4.82401 
1 -8.28305 10.5487 
1 3.25365 0.864077 
1 0.416506 3.23474 
1 0.313986 3.26872 
1 -1.52312 4.81386 
1 -1.72231 5.0487 
1 -1.08201 4.45859 
1 -4.98979 7.76584 
1 2.52388 1.34402 
1 3.38468 0.706813 
1 1.01582 2.77138 
1 -6.42028 9.00637 
1 5.02746 -0.646329 
1 3.82894 0.410504 
1 -4.67746 7.44794 
1 4.99931 -0.711956 
1 -0.885747 4.38269 
1 -5.03142 7.79519 
1 -4.29201 7.14443 
1 -1.61159 4.83415 
1 -2.51985 5.76799 
1 4.20686 -0.0919096 
1 -4.90254 7.69354 
1 2.27607 1.6138 
1 0.500689 3.11978 
1 -1.55732 4.83181 
1 6.2947 -1.69338 
1 -5.39765 8.19039 
1 1.89006 1.8886 
1 1.54089 2.46764 
1 6.17907 -1.74798 
1 -3.95971 8.82546 
1 -2.61172 5.80058 
1 -0.0729573 3.68174 
1 -4.24688 5.60534 
1 -3.04109 6.24433 
1 -2.86629 5.91941 
1 -4.12894 7.49337 
1 -5.65736 8.33894 
1 2.43471 1.58393 
1 -1.59354 4.77819 
1 -5.19414 7.92408 
1 -3.87629 6.86233 
1 -0.602771 4.06961 
1 -5.29452 8.09797 
1 6.03895 -1.59021 
1 -2.95169 6.04198 
1 1.94992 1.83084 
1 0.824285 2.84449 
1 2.99686 1.04505 
1 -0.423989 3.85008 
1 -5.66049 8.42013 
1 -0.0948493 3.64759 
1 -6.07755 8.66179 
1 5.33752 -0.837405 
1 0.0791119 3.47763 
1 -3.46249 6.52859 
1 -4.65363 7.40485 
1 3.15719 0.932757 
1 -2.03132 5.29478 
1 -0.188783 3.7514 
1 -0.165602 3.19261 
1 -1.04658 4.47559 
1 -3.53538 6.33173 
1 -4.23169 5.66887 
1 1.6831 2.18242 
1 -0.471957 3.93489 
1 -5.10904 7.86613 
1 -1.66469 4.91433 
1 -7.59666 10.0674 
1 5.96768 -1.62647 
1 -7.31857 9.8861 
1 -6.55843 9.03438 
1 3.21764 0.823445 
1 -3.32243 6.45186 
1 -4.41765 7.33634 
1 -2.99307 6.0177 
1 -2.89607 6.07173 
1 -0.323498 4.22527 
1 -4.18387 6.88733 
1 -6.12234 8.81639 
1 2.17303 1.68908 
1 -1.47118 4.62677 
1 -6.94497 9.28234 
1 -4.3026 5.26341 
1 2.49628 1.58983 
1 -3.69002 6.65929 
1 -3.29957 6.38087 
1 0.168556 1.17783 
1 -0.161367 3.71132 
1 -4.02694 7.0523 
1 3.50652 0.611842 
1 5.20664 -0.901256 
1 6.57035 -2.03148 
1 -5.5892 8.29473 
1 1.51809 2.2856 
1 6.43869 -1.94314 
1 0.209192 3.40145 
1 -1.99379 5.32807 
1 -6.508 9.03693 
1 3.83 0.30683 
1 2.70361 1.16915 
1 -6.41626 8.97065 
1 5.87513 -1.38404 
1 4.73461 -0.470049 
1 0.591357 2.92296 
1 2.66225 1.29699 
1 -4.21354 6.25587 
1 -4.01121 6.94039 
1 -4.30265 7.33796 
1 -0.262218 3.83707 
1 3.03573 0.97518 
1 6.20769 -1.73001 
1 5.77274 -1.3414 
1 -8.38507 10.6935 
1 -0.252594 3.53941 
1 3.98306 0.301303 
1 -7.51301 10.0108 
