1 2.00105 -9.25633 
1 -6.21794 5.90374 
1 -0.367168 -4.82675 
1 0.890452 -7.18606 
1 -3.00154 0.0134874 
1 0.0217867 -5.57693 
1 1.74803 -8.84853 
1 -2.23596 -1.4139 
1 -1.54933 -2.64596 
1 -1.75906 -2.18771 
1 -5.42214 4.53888 
1 -6.28462 6.06138 
1 -4.18527 2.30393 
1 2.91126 -10.8518 
1 1.29514 -7.96584 
1 1.66783 -8.68244 
1 -2.99283 -0.0246542 
1 -3.89176 1.69358 
1 0.346274 -6.15866 
1 2.3428 -9.86405 
1 -0.515259 -4.57638 
1 2.85597 -10.8421 
1 0.771967 -6.9982 
1 -6.06288 5.73644 
1 -4.03864 1.96073 
1 -2.82885 -0.289585 
1 1.41705 -8.22618 
1 -4.96496 3.6195 
1 -1.37441 -3.00349 
1 -0.156097 -5.22988 
1 -4.52823 2.81397 
1 -5.83323 5.22259 
1 2.90376 -10.894 
1 -1.63918 -2.47506 
1 -0.103417 -5.30161 
1 -5.89735 5.38562 
1 -3.52454 0.906723 
1 -4.3592 2.56331 
1 -4.82022 3.36857 
1 -1.16019 -3.36391 
1 -1.01598 -3.54706 
1 -3.96397 1.76206 
1 -1.10981 -3.55051 
1 -2.51976 -0.893002 
1 1.2591 -7.86906 
1 -6.28215 6.13056 
1 -5.1208 3.94614 
1 -6.3266 6.1757 
1 0.238253 -5.94467 
1 0.416985 -6.28159 
1 0.281766 -6.08589 
1 0.957422 -7.27985 
1 2.14224 -9.48472 
1 -1.90933 -2.02512 
1 -4.15508 2.17555 
1 -6.20006 5.87653 
1 2.49018 -10.1729 
1 1.68656 -8.62705 
1 1.65182 -8.57331 
1 -4.22791 2.31087 
1 -5.63416 4.84241 
1 0.765023 -6.9557 
1 0.692189 -6.82931 
1 2.23416 -9.71262 
1 -1.44414 -2.90198 
1 -6.35421 6.24731 
1 0.98384 -7.38975 
1 -3.36864 0.672534 
1 -0.627424 -4.37341 
1 1.96242 -9.21076 
1 0.128011 -4.83393 
1 -0.681775 -4.22795 
1 1.83997 -8.93122 
1 -1.30948 -2.96697 
1 -6.33466 6.12237 
1 2.21786 -9.64645 
1 -1.13502 -3.37906 
1 -4.86965 3.5262 
1 2.16974 -9.59879 
1 0.669464 -6.80713 
1 -0.964456 -3.80261 
1 -3.13065 0.265512 
1 -6.35762 6.2528 
1 -3.96611 1.80585 
1 1.39845 -8.16362 
1 -2.37522 -1.08757 
1 -5.37745 4.42591 
1 2.76312 -10.7005 
1 0.882023 -7.09203 
1 2.11 -9.40767 
1 -3.76495 1.40953 
1 -6.04371 5.56372 
1 -4.81599 3.34635 
1 -2.84385 -0.225552 
1 2.14814 -9.49915 
1 -4.08729 1.9985 
1 -2.35087 -1.16857 
1 -0.0679488 -5.41927 
1 2.95004 -10.9162 
1 -3.89332 1.67984 
1 2.54134 -10.256 
1 -5.41785 4.44948 
1 -1.88127 -2.02384 
1 -0.131799 -5.28045 
1 1.9524 -9.19657 
1 -6.04366 5.62055 
1 -4.80527 3.31767 
1 -3.59187 1.06528 
1 -5.62577 4.85042 
1 -1.64753 -2.3689 
1 -2.77553 -0.444356 
1 -6.16288 5.85271 
1 -5.84151 5.30188 
1 -3.04846 0.0655376 
1 -0.988597 -3.70967 
1 -0.681155 -6.69243 
1 -1.87886 -2.06581 
1 0.560767 -6.60075 
1 -3.97895 1.87558 
1 1.69005 -8.65779 
1 1.27627 -7.92419 
1 -0.241858 -5.0988 
1 1.68112 -8.64834 
1 -2.4187 -1.0332 
1 -0.689469 -4.31262 
1 -3.26824 0.450541 
1 0.678821 -6.71818 
1 -4.47358 2.76243 
1 2.44723 -10.0682 
1 0.0178395 -5.52095 
1 0.570122 -6.60405 
1 -0.0869032 -5.30667 
1 2.4455 -10.0428 
1 -0.055425 -5.49367 
1 -0.700926 -5.11194 
1 1.85183 -8.98208 
1 2.85243 -10.8309 
1 -5.04874 3.80326 
1 -3.25789 0.559593 
1 -0.384998 -4.85903 
1 -5.13742 3.91457 
1 -5.02967 3.76135 
1 -4.92262 3.56571 
1 -0.731852 -4.21635 
1 -1.39743 -2.94999 
1 2.40128 -10.0132 
1 -1.88732 -1.96816 
1 -2.37844 -1.13115 
1 2.35937 -9.97861 
1 -2.88891 -0.17931 
1 -1.03187 -3.63877 
1 -5.16354 3.98472 
1 -4.71059 3.15664 
1 -0.734352 -2.9824 
1 -1.73098 -2.3558 
1 1.39958 -8.06119 
1 -4.27756 2.36129 
1 0.118793 -4.9309 
1 -0.910611 -3.87077 
1 -1.63529 -2.51273 
1 -4.6287 3.12495 
1 -2.6124 -0.753134 
1 1.11642 -7.60928 
1 2.86748 -10.8269 
1 0.870707 -7.15058 
1 -0.715166 -3.84176 
1 0.634498 -6.68903 
1 -5.72825 5.04519 
1 2.54383 -10.2034 
1 1.24062 -7.86874 
