0.36259 1.04141 2.23528 
-0.550216 0.459729 3.2569 
0.388686 1.47466 3.10448 
0.390326 1.24984 2.23156 
0.295035 0.480107 2.20793 
0.315914 1.48242 2.22345 
0.405474 1.04859 2.21086 
-0.614793 1.00334 2.21223 
-0.610299 0.964604 2.22817 
0.0387851 0.467135 2.20716 
-0.627783 0.482729 3.11916 
0.144251 0.475038 3.22992 
-0.284865 0.482576 2.17576 
0.388755 1.06115 2.20854 
-0.646986 0.68135 3.25031 
-0.615723 0.602906 3.19424 
-0.456551 0.471987 3.20246 
0.196024 0.474014 2.29039 
-0.630966 1.48385 2.49795 
-0.350184 1.46481 2.22504 
