-2.35519 -0.804606 -3.21292 
-2.38941 -0.791672 -4.25955 
-2.307 0.0511912 -3.21996 
-2.38629 0.0182274 -4.22797 
-1.34109 -0.959288 -3.51642 
-2.09615 0.0593785 -3.19694 
-2.37382 0.0732601 -3.24601 
-1.4021 0.0165656 -3.23382 
-1.37765 -0.957865 -3.59289 
-2.35706 0.0268109 -3.26899 
-2.42702 -0.593143 -4.27415 
-1.3628 -0.951009 -4.16917 
-2.02325 -0.954439 -3.23741 
-2.27285 -0.956484 -3.19313 
-2.06623 -0.918039 -3.32312 
-1.38879 -0.0984309 -3.2565 
-2.25783 -0.9325 -3.70683 
-1.72613 -0.97714 -3.27473 
-2.24092 -0.934635 -3.20566 
-2.37908 -0.982366 -3.24887 
-1.32726 0.0124268 -3.22133 
-2.34402 0.0545103 -3.30954 
-1.37141 0.0608374 -3.72097 
-2.41486 -0.535837 -3.25813 
-2.38615 -0.501506 -4.25218 
-2.31344 0.0673132 -4.24571 
-1.34222 0.0248359 -3.6521 
-1.39231 -0.945977 -4.25184 
-2.33718 0.0699604 -4.25349 
-2.36122 0.0554539 -4.07922 
-2.33243 -0.493099 -3.24735 
-2.42734 -0.43124 -3.31221 
-1.38207 -0.630098 -3.27284 
-1.81365 0.0376876 -3.26991 
-1.36041 0.0211434 -3.97504 
-2.36212 -0.688781 -4.23418 
-1.41796 0.04472 -3.24225 
-2.12697 0.0703593 -3.2167 
-1.39613 -0.963447 -4.11926 
-1.89545 0.0428942 -4.27768 
-1.79448 -0.942721 -4.24686 
-1.34521 -0.394849 -4.2102 
-2.10305 -0.948363 -3.28085 
-2.29802 0.0565201 -4.21812 
-2.35444 -0.785819 -3.24862 
-2.36802 0.068697 -3.36277 
-1.38805 -0.958419 -3.67865 
-1.30988 -0.50504 -4.20652 
-1.52287 0.0456797 -4.29139 
-1.42609 -0.020631 -3.27243 
-1.4308 0.0747938 -3.23492 
-2.38468 -0.60457 -3.27708 
-2.42165 -0.742176 -3.29637 
-2.331 0.0238916 -3.33242 
-1.42348 -0.898123 -4.31597 
-2.09983 0.0644371 -3.22367 
-2.00335 0.0321964 -4.30397 
-1.43114 -0.954862 -4.25515 
-1.36853 -0.778224 -3.28664 
-1.39599 -0.900284 -3.28135 
-2.07223 0.0612723 -3.28143 
-2.44066 0.036857 -4.28526 
-2.43046 0.00614507 -3.32032 
-2.41095 0.0318311 -3.96149 
-2.31804 0.0776039 -3.51661 
-1.41994 -0.960005 -3.82598 
-1.40637 -0.941243 -4.29074 
-1.29951 0.0875445 -3.58529 
-2.22785 -0.935 -4.25823 
-1.54254 -0.956437 -3.24949 
-2.26807 0.077996 -3.22834 
-1.35979 -0.221197 -4.25443 
-2.1503 -0.946526 -3.2668 
-1.40909 0.00881117 -4.29077 
-2.37938 0.0520526 -3.99627 
-2.26867 0.0620865 -3.20598 
-2.17346 -0.929442 -4.2628 
-2.36497 -0.262958 -4.24036 
-2.30957 -0.789556 -4.22146 
-2.40072 -0.0636191 -4.23548 
-2.43739 -0.395579 -4.32688 
-1.75291 0.0479607 -4.23869 
-1.77819 -0.960272 -4.26822 
-2.39516 -0.0772047 -3.2621 
-1.40133 0.0531399 -3.66322 
-1.36417 -0.954964 -3.54747 
-2.33262 0.0724763 -4.30528 
-2.40744 -0.291856 -4.26762 
-2.13084 -0.912271 -3.30572 
-2.28691 -0.963969 -4.29672 
-1.37015 -0.938685 -3.64007 
-1.37951 -0.864602 -4.24065 
-1.3588 -0.946527 -3.64447 
-1.419 -0.531619 -4.32036 
-1.37325 0.012182 -4.00492 
-1.6151 -0.960365 -3.23268 
-1.32404 -0.957657 -3.54236 
-2.32819 -0.890213 -3.2649 
-1.52366 -0.970153 -3.22589 
-1.45241 -0.907283 -3.24167 
-1.39145 0.0327057 -3.4769 
-2.11864 -0.966921 -4.31002 
-1.36645 -0.929711 -3.59475 
-1.28088 -0.940381 -3.87276 
-1.40544 -0.935772 -3.34127 
-1.36141 -0.709929 -3.27844 
-1.39544 0.0571881 -3.78495 
-1.38723 -0.53233 -3.27255 
-2.34325 0.0459674 -3.72205 
-2.24396 -0.923332 -4.25755 
-2.42764 -0.978045 -3.75981 
-1.48347 0.0342688 -3.23698 
-1.39115 -0.986354 -3.81298 
-1.35824 -0.947405 -3.47563 
-1.345 -0.916383 -3.76147 
-1.96428 0.00639033 -3.2891 
-1.55735 0.0524702 -4.24532 
-2.41622 0.0410049 -3.79179 
-1.45982 0.0459787 -3.26172 
-2.07172 0.034024 -4.28641 
-2.37297 -0.95043 -3.93562 
-2.35979 -0.864487 -3.25876 
-2.43891 -0.893606 -3.31964 
-2.37016 -0.296814 -4.27099 
-2.38745 -0.950252 -3.45413 
-1.79764 0.042898 -3.24659 
-2.3641 0.072161 -4.2709 
-2.35714 -0.936273 -4.15027 
-2.32945 -0.93137 -4.1195 
-2.42093 -0.0275973 -4.29463 
-2.39524 0.0822848 -3.34743 
-1.3503 0.0396224 -3.32599 
-1.36606 -0.168073 -4.29335 
-1.32709 -0.93383 -4.11302 
-1.41904 -0.415928 -3.289 
-1.75491 -0.92098 -3.24559 
-1.31672 0.0978787 -3.90847 
-1.74666 0.0626009 -4.2113 
-2.01475 0.0561631 -3.25261 
-1.31955 -0.294598 -3.24144 
-1.4569 -0.973297 -3.82708 
-2.37463 0.0247014 -4.2125 
-2.34229 -0.950651 -3.72179 
-1.4129 -0.961794 -3.51961 
-1.36726 -0.952797 -4.03173 
-2.0518 0.00314133 -4.2362 
-1.42477 -0.0335341 -3.27507 
-2.29299 -0.335583 -3.17894 
-1.34176 -0.868509 -3.26556 
-1.43372 -0.605565 -3.27613 
-2.38597 -0.951731 -3.60234 
-1.51536 -0.933078 -4.25225 
-2.05983 -0.962679 -3.23588 
-2.35126 -0.472957 -4.23332 
-1.28182 -0.954485 -3.52448 
-1.36141 0.0898769 -3.4755 
-2.4097 -0.941701 -3.83423 
-1.43037 -0.962681 -4.07765 
-1.32647 -0.943566 -4.1825 
-2.37758 -0.189606 -3.27435 
-2.2339 -0.953531 -3.27398 
-2.38811 -0.926188 -3.27271 
-1.68504 0.0363484 -4.22259 
-1.39463 -0.962223 -4.1159 
-1.71124 0.0862563 -3.19029 
-1.53654 0.0292552 -3.2481 
