0.275256 1.62665 1.56483 
-0.233982 -1.00848 1.22546 
0.327658 1.61032 1.38392 
-0.221491 1.58457 1.57581 
0.345022 1.41443 0.554023 
-0.673093 1.09839 1.56243 
0.742714 -1.14606 1.21695 
-0.682885 1.37026 0.585103 
-0.220802 -0.983992 2.23131 
0.320121 1.57459 0.93843 
0.774156 -0.801633 1.19729 
0.747384 -1.35761 1.85635 
-0.212563 -1.31965 2.09269 
-0.1835 -0.327453 2.21675 
0.781963 -0.403639 2.18847 
0.324271 0.774801 1.57167 
0.362522 1.55943 0.735699 
0.0387249 -0.332741 2.24622 
0.304576 0.919585 0.537128 
0.0182736 -1.29606 1.19843 
-1.47045 -1.20354 -1.53065 
0.32373 0.624624 0.830079 
-0.161483 -0.331961 2.22889 
-2.18394 -0.453098 -0.0250677 
-0.558207 0.590446 0.571514 
0.266693 -1.27869 1.21865 
0.325387 1.44703 1.59692 
0.336491 0.619955 0.621801 
-0.698726 0.856383 1.51758 
-0.236505 -0.358271 2.00101 
0.515071 -1.31117 1.20273 
-0.648312 1.6117 1.25115 
-0.429118 1.65422 0.537675 
-0.711738 0.650473 0.861715 
-2.63635 0.260746 0.978648 
-2.65047 -0.147116 -0.0472101 
0.351218 0.617991 0.727742 
-0.687499 1.62098 0.721933 
-0.693775 0.962911 0.53107 
0.782807 -0.690245 1.19953 
-0.664487 1.02881 1.53486 
0.28572 -0.32295 2.23252 
-0.235329 -0.347387 2.20884 
-0.0643544 1.60767 1.55382 
0.318488 0.691177 1.59474 
-0.670516 0.639087 1.20755 
0.292074 1.43439 1.54314 
0.323522 1.64011 1.52882 
-0.680008 1.08162 1.57612 
-0.371584 1.63517 1.5653 
0.761915 -0.323487 1.29445 
0.302009 0.658155 1.49101 
-0.691032 0.615876 1.26414 
-0.116396 -1.29843 1.217 
0.186424 -0.320566 2.23054 
-0.667901 1.43047 1.54064 
-1.56441 -1.15336 -0.736115 
-0.680464 1.3741 1.52826 
-0.565378 1.61844 1.51529 
0.777639 -1.0391 2.21157 
-0.664479 1.59109 1.39557 
0.316088 0.677265 1.54114 
-0.0652101 0.606253 0.540146 
-0.216131 -1.3203 1.91585 
-0.574875 1.65634 0.535009 
-0.707708 1.42178 0.519848 
0.334485 1.37365 1.57665 
0.321653 0.595458 1.56246 
-0.669365 0.610686 0.640749 
-1.03007 -0.0556509 -0.130761 
-0.223325 -1.31955 2.18471 
0.316845 1.64637 0.52462 
0.321349 1.22074 0.594802 
0.779612 -0.333928 2.21811 
-2.23926 -0.9922 -2.04174 
-0.00721406 -0.314701 1.21425 
-0.693725 1.55578 0.578551 
0.334351 0.597302 0.997307 
-0.242297 -0.491318 2.23398 
-0.348192 1.65511 0.51699 
-2.64464 0.570697 0.905283 
-0.246206 -1.30991 1.97399 
-0.199477 -0.344341 1.32519 
-0.329478 0.621622 1.57625 
0.752943 -0.744281 1.24055 
-0.670023 0.610721 1.01803 
0.319427 0.883639 1.56377 
-2.22324 -1.18145 -2.48348 
-2.53245 -0.192475 -0.580391 
-0.0789694 1.62533 1.56189 
0.801621 -0.498136 2.20524 
0.298133 1.26246 0.555004 
0.154494 0.590062 0.59834 
0.283828 0.888458 0.494177 
-1.65362 -0.419718 0.214291 
-1.53826 -0.388234 -0.574618 
0.756564 -0.315762 1.20066 
0.814681 -0.313443 1.34189 
-0.685951 1.63834 1.09315 
0.755159 -0.345134 2.13295 
0.320035 1.01085 1.54627 
-0.133124 -1.31732 1.21147 
0.781266 -0.332367 2.09404 
-0.692994 1.57876 1.3566 
-0.701811 0.900886 1.60764 
0.31007 0.574047 1.48945 
-0.206533 -1.31628 1.74152 
-0.219093 -1.31171 1.6775 
-0.0936928 1.64306 1.53703 
