2.46853 0.599856 -2.6634 
2.48436 -0.398423 -2.65681 
2.34299 0.594817 -1.65016 
1.89882 -0.385902 -2.49841 
1.91006 -0.0969491 -1.66389 
1.93044 -0.222914 -1.65173 
1.89342 -0.399006 -1.73166 
2.39564 0.592651 -2.66035 
2.94942 0.531905 -1.65243 
2.29101 -0.350843 -1.65956 
2.92198 0.600602 -2.65084 
1.99591 1.74337 -2.61559 
2.19458 -0.389907 -2.64765 
2.89873 -0.395161 -2.65995 
1.89928 -0.382437 -2.59645 
2.93971 -0.392562 -2.34787 
1.9921 1.54002 -2.82317 
2.7404 -0.405085 -2.62607 
2.91156 -0.150748 -1.63376 
2.93066 0.214152 -2.65682 
2.86923 -0.229971 -2.67358 
2.93741 0.617023 -2.63985 
1.92215 -0.415194 -2.02376 
1.91511 -0.387809 -2.28292 
2.43728 0.61344 -2.67367 
2.95564 -0.212602 -1.67689 
2.86965 -0.41295 -1.81382 
2.93551 0.603111 -2.49849 
2.88245 -0.434561 -1.76831 
2.93972 0.599187 -2.43049 
0.988395 1.8853 -2.61658 
2.22529 0.595712 -1.67735 
1.64842 2.51773 -3.58976 
1.91882 0.58835 -2.20025 
1.99848 2.10822 -3.58016 
2.03226 -0.432254 -2.64967 
1.91917 -0.408448 -2.32562 
2.74398 0.614647 -2.6566 
1.92073 0.602452 -2.24152 
1.92909 0.473064 -2.65229 
2.35428 0.630388 -2.64901 
1.91299 -0.400379 -2.18653 
2.26597 0.588576 -1.67923 
1.9055 -0.372601 -1.67376 
2.18037 0.630867 -2.65232 
1.94883 -0.382622 -1.83385 
1.36079 2.51569 -3.57277 
2.48579 0.613104 -2.67403 
2.96437 0.604759 -2.43801 
2.24166 0.619559 -2.67128 
1.96484 -0.292605 -2.67776 
1.84449 0.563058 -2.26292 
2.14417 -0.378615 -1.68271 
2.64455 0.596955 -2.65203 
1.96278 -0.411338 -1.95945 
2.02003 -0.376365 -1.65974 
2.90488 -0.0663043 -1.66794 
2.06757 0.613699 -1.64718 
2.08234 -0.412115 -2.67637 
2.90892 -0.407532 -2.06147 
1.90568 -0.401056 -2.57223 
1.96489 -0.393113 -1.8723 
1.86915 2.5239 -2.5841 
1.22876 2.51296 -3.60429 
2.87299 -0.393513 -2.15165 
2.52371 -0.419893 -2.6444 
1.90086 0.585283 -1.87341 
2.02596 1.51017 -3.41473 
2.40613 -0.418096 -1.65744 
1.97377 1.55909 -3.13898 
1.90021 0.108155 -2.65544 
0.986291 1.54078 -3.079 
1.05458 2.55158 -3.60324 
2.95625 0.610229 -2.09266 
2.91547 -0.444067 -2.64653 
2.70206 0.604715 -2.66515 
2.00228 0.626941 -1.63673 
2.35621 -0.402147 -1.67932 
2.41765 -0.403133 -1.66615 
1.92337 -0.387973 -2.20765 
1.0165 2.5249 -3.40192 
0.982875 1.54995 -3.04853 
2.01015 1.89785 -2.58301 
2.26378 -0.43603 -2.6431 
1.91346 -0.400081 -2.27161 
2.39298 0.581014 -2.65336 
1.90099 0.143327 -2.63217 
1.88141 -0.297712 -1.6647 
2.1948 0.591165 -1.65712 
2.23523 0.601772 -1.6626 
1.92131 0.139573 -1.63692 
