 0.849728
 0.849728
 0.78955
 0.78955
 0.563366
 0.563366
 0.902794
 0.902794
 0.64745
 0.64745
 0.874756
 0.874756
 0.448628
 0.448628
 0.796422
 0.796422
 0.337671
 0.337671
 0.963666
 0.963666
 0.88165
 0.88165
 0.279973
 0.279973
 0.637648
 0.637648
 0.955392
 0.955392
 0.610261
 0.610261
 0.698926
 0.698926
 1
 1
 0.826891
 0.826891
 0.507596
 0.507596
 0.599447
 0.599447
 0.538823
 0.538823
 0.661034
 0.661034
 0.773593
 0.773593
 0.878763
 0.878763
 0.934982
 0.934982
 0.681668
 0.681668
 0.340458
 0.340458
 0.82728
 0.82728
 0.575313
 0.575313
 0.877141
 0.877141
 0.849718
 0.849718
 0.877168
 0.877168
 0.827542
 0.827542
 0.76209
 0.76209
 0.760022
 0.760022
 0.544227
 0.544227
 0.748056
 0.748056
 0.800852
 0.800852
 0.466508
 0.466508
 0.170818
 0.170818
 0.914804
 0.914804
 0.853166
 0.853166
 0.459702
 0.459702
 0.889464
 0.889464
 0.887615
 0.887615
 0.667804
 0.667804
 0.832795
 0.832795
 0.921484
 0.921484
 0.387139
 0.387139
 0.768294
 0.768294
 0.754568
 0.754568
 0.800768
 0.800768
 0.851411
 0.851411
 0.76853
 0.76853
 0.818958
 0.818958
 0.997631
 0.997631
 0.211257
 0.211257
 0.96664
 0.96664
 0.933698
 0.933698
 -0.00657934
 -0.00657934
 0.401809
 0.401809
 0.539144
 0.539144
 0.828364
 0.828364
 0.710138
 0.710138
 0.960496
 0.960496
 0.616042
 0.616042
 0.136846
 0.136846
 0.277693
 0.277693
 0.522158
 0.522158
 0.717661
 0.717661
 0.278468
 0.278468
 0.853175
 0.853175
 0.560594
 0.560594
 0.559835
 0.559835
 0.952545
 0.952545
 0.868207
 0.868207
 0.842049
 0.842049
 0.695944
 0.695944
 0.909753
 0.909753
 0.842149
 0.842149
 0.47521
 0.47521
 0.389628
 0.389628
 0.870587
 0.870587
 0.479121
 0.479121
 0.525796
 0.525796
 0.784927
 0.784927
 0.83654
 0.83654
 0.630388
 0.630388
 0.752419
 0.752419
 0.440893
 0.440893
 0.516861
 0.516861
 0.690855
 0.690855
 0.765409
 0.765409
 0.85184
 0.85184
 0.799772
 0.799772
 0.572476
 0.572476
 0.656784
 0.656784
 0.455348
 0.455348
 0.78659
 0.78659
 0.122078
 0.122078
