 0.94
 0.94
 0.87
 0.87
 0.85
 0.85
 0.96
 0.96
 0.905
 0.905
 0.925
 0.925
 0.705
 0.705
 0.93
 0.93
 0.81
 0.81
 0.985
 0.985
 0.915
 0.915
 0.96
 0.96
 0.84
 0.84
 0.975
 0.975
 0.785
 0.785
 0.835
 0.835
 1
 1
 0.945
 0.945
 0.79
 0.79
 0.845
 0.845
 0.775
 0.775
 0.995
 0.995
 0.915
 0.915
 0.97
 0.97
 0.935
 0.935
 0.905
 0.905
 0.695
 0.695
 0.895
 0.895
 0.76
 0.76
 0.945
 0.945
 0.925
 0.925
 0.925
 0.925
 0.95
 0.95
 0.835
 0.835
 0.87
 0.87
 0.925
 0.925
 0.935
 0.935
 0.85
 0.85
 0.835
 0.835
 0.92
 0.92
 0.915
 0.915
 0.95
 0.95
 0.735
 0.735
 0.945
 0.945
 0.98
 0.98
 0.91
 0.91
 0.9
 0.9
 0.975
 0.975
 0.905
 0.905
 0.905
 0.905
 0.915
 0.915
 0.9
 0.9
 0.91
 0.91
 0.915
 0.915
 0.93
 0.93
 0.995
 0.995
 0.86
 0.86
 0.995
 0.995
 0.985
 0.985
 0.975
 0.975
 0.595
 0.595
 0.91
 0.91
 0.97
 0.97
 0.795
 0.795
 0.975
 0.975
 0.8
 0.8
 0.645
 0.645
 0.47
 0.47
 0.8
 0.8
 0.75
 0.75
 0.605
 0.605
 0.89
 0.89
 0.9
 0.9
 0.835
 0.835
 0.98
 0.98
 0.965
 0.965
 0.925
 0.925
 0.885
 0.885
 0.955
 0.955
 0.91
 0.91
 0.79
 0.79
 0.69
 0.69
 0.93
 0.93
 0.72
 0.72
 0.74
 0.74
 0.94
 0.94
 0.955
 0.955
 0.92
 0.92
 0.89
 0.89
 0.72
 0.72
 0.74
 0.74
 0.815
 0.815
 0.935
 0.935
 0.93
 0.93
 0.86
 0.86
 0.78
 0.78
 0.87
 0.87
 0.73
 0.73
 0.845
 0.845
 0.845
 0.845
