 0.925879
 0.925879
 0.898693
 0.898693
 0.782161
 0.782161
 0.951709
 0.951709
 0.835628
 0.835628
 0.94392
 0.94392
 0.772663
 0.772663
 0.911508
 0.911508
 0.715075
 0.715075
 0.98191
 0.98191
 0.94201
 0.94201
 0.699146
 0.699146
 0.823266
 0.823266
 0.979497
 0.979497
 0.878141
 0.878141
 0.849497
 0.849497
 1
 1
 0.916332
 0.916332
 0.792563
 0.792563
 0.80794
 0.80794
 0.808844
 0.808844
 0.99
 0.99
 0.898291
 0.898291
 0.96196
 0.96196
 0.96794
 0.96794
 0.840955
 0.840955
 0.678492
 0.678492
 0.921307
 0.921307
 0.804673
 0.804673
 0.938995
 0.938995
 0.942814
 0.942814
 0.949146
 0.949146
 0.944121
 0.944121
 0.880905
 0.880905
 0.880754
 0.880754
 0.869146
 0.869146
 0.878492
 0.878492
 0.903015
 0.903015
 0.733166
 0.733166
 0.583317
 0.583317
 0.965477
 0.965477
 0.928744
 0.928744
 0.77201
 0.77201
 0.947889
 0.947889
 0.969648
 0.969648
 0.873065
 0.873065
 0.916884
 0.916884
 0.97
 0.97
 0.68397
 0.68397
 0.884774
 0.884774
 0.879296
 0.879296
 0.904724
 0.904724
 0.935377
 0.935377
 0.895477
 0.895477
 0.918794
 0.918794
 0.999698
 0.999698
 0.568693
 0.568693
 0.990452
 0.990452
 0.980603
 0.980603
 0.608492
 0.608492
 0.78005
 0.78005
 0.769196
 0.769196
 0.944523
 0.944523
 0.884925
 0.884925
 0.980402
 0.980402
 0.827236
 0.827236
 0.566533
 0.566533
 0.73794
 0.73794
 0.793216
 0.793216
 0.875377
 0.875377
 0.665528
 0.665528
 0.929899
 0.929899
 0.785578
 0.785578
 0.790754
 0.790754
 0.980251
 0.980251
 0.935025
 0.935025
 0.941206
 0.941206
 0.861859
 0.861859
 0.957739
 0.957739
 0.921156
 0.921156
 0.768342
 0.768342
 0.735327
 0.735327
 0.935276
 0.935276
 0.807286
 0.807286
 0.764171
 0.764171
 0.896583
 0.896583
 0.918291
 0.918291
 0.863769
 0.863769
 0.886734
 0.886734
 0.770905
 0.770905
 0.764422
 0.764422
 0.85392
 0.85392
 0.916482
 0.916482
 0.926332
 0.926332
 0.899698
 0.899698
 0.812261
 0.812261
 0.834472
 0.834472
 0.767789
 0.767789
 0.897437
 0.897437
 0.553317
 0.553317
