1 -6.12124 1.02809 
1 8.28185 2.03206 
1 -4.735 1.11752 
1 6.54961 1.94412 
1 -7.6352 -2.29029 
1 -5.81683 1.07655 
1 5.79637 1.90625 
1 -1.78345 4.79791 
1 2.53499 4.97514 
1 1.80168 1.54267 
1 0.261306 1.47335 
1 -4.68692 1.11556 
1 1.76628 3.82844 
1 -7.19743 0.950458 
1 2.5787 1.63186 
1 2.34103 1.64286 
1 1.80469 3.84968 
1 -7.52392 0.94716 
1 0.453481 1.76899 
1 12.0214 2.35183 
1 -5.40739 1.08882 
1 -7.88787 0.889997 
1 7.81855 2.01667 
1 3.86752 1.78213 
1 2.00519 1.6152 
1 -0.922787 1.41818 
1 10.8548 2.24967 
1 2.77589 1.64891 
1 10.3479 2.21944 
1 2.24622 1.59763 
1 1.48914 3.39219 
1 8.51682 2.0694 
1 11.7465 2.29997 
1 -0.587907 0.180215 
1 9.90971 2.17257 
1 -7.33767 -1.85474 
