1 1.90617 2.49318 
1 0.299488 5.26342 
1 4.98501 -5.70815 
1 4.77936 -3.59364 
1 4.18154 -3.57555 
1 0.31298 6.68229 
1 4.29371 -3.88971 
1 4.8904 -2.86124 
1 5.55541 -4.28084 
1 -0.413574 8.65464 
1 2.77215 0.11715 
1 5.31434 -6.64269 
1 -0.377486 8.5722 
1 -1.08598 10.4338 
1 1.4085 3.7912 
1 2.06877 2.0619 
1 3.85117 -2.6838 
1 5.58505 -4.2639 
1 5.04882 -5.95704 
1 1.98931 2.46273 
1 1.37005 3.9099 
1 4.44681 -3.28453 
1 1.06038 4.66213 
1 -1.25755 10.8597 
1 -1.6509 11.8765 
1 -1.38696 11.1709 
1 -1.54241 11.5754 
1 5.30192 -3.999 
1 1.84218 2.63823 
1 5.04463 -3.78426 
1 3.1082 -0.730113 
1 3.13949 -0.90635 
1 3.43377 -1.61709 
1 -1.33285 11.0222 
1 -0.689624 9.33525 
1 1.52281 3.49818 
1 2.31366 1.38115 
1 4.66515 -4.90438 
1 4.62225 -3.42968 
1 1.83539 2.63811 
1 -0.0626287 7.68684 
1 0.463265 6.32226 
1 0.26393 6.82482 
1 -1.66025 11.981 
1 1.53848 3.40822 
1 1.04782 4.72388 
1 1.29846 4.0948 
1 4.51045 -4.44096 
1 1.64124 3.15579 
1 -1.12885 10.5829 
1 0.664514 5.76621 
1 5.13609 -3.88497 
1 -1.16283 10.5555 
