1 1.26654 -0.477625 
1 1.90617 2.49318 
1 -8.01484 5.35556 
1 2.02179 -1.13532 
1 2.99905 -0.461137 
1 -7.44863 5.26033 
1 -9.05346 8.51549 
1 -9.48066 5.79711 
1 -2.78847 3.03992 
1 -7.81763 7.41341 
1 -2.97813 7.4372 
1 -1.25451 3.43994 
1 -7.43912 5.26526 
1 -7.00898 5.09747 
1 7.08016 0.955893 
1 2.1105 1.85065 
1 6.33488 1.10799 
1 -6.0944 4.79906 
1 1.9028 -1.09355 
1 4.90283 -0.130336 
1 -5.00094 4.98836 
1 0.117058 0.40762 
1 0.409355 3.58037 
1 0.0133014 3.07959 
1 -1.72925 3.53047 
1 6.32888 1.16871 
1 -1.42007 3.46868 
1 -0.550167 3.23762 
1 -8.62258 5.61399 
1 2.82383 0.0599995 
1 2.47855 -1.56868 
1 -7.79683 7.47672 
1 -8.86136 5.7318 
1 7.42647 0.860445 
1 3.2157 2.02885 
1 2.77215 0.11715 
1 -3.30159 3.9996 
1 -8.83117 5.62958 
1 2.06877 2.0619 
1 -0.7185 3.14619 
1 2.04412 2.11721 
1 -2.98214 3.90336 
1 -9.46109 5.78546 
1 -1.65642 3.04737 
1 -6.41188 4.99605 
1 5.38671 1.43705 
1 1.98931 2.46273 
1 5.57419 1.42031 
1 -8.87614 8.34832 
1 0.760579 2.84442 
1 -4.65321 4.41706 
1 4.77091 1.63083 
1 -3.7658 4.1385 
1 5.50272 1.40607 
1 -0.464327 3.15437 
1 -1.2607 1.65076 
1 3.38022 2.00904 
1 -8.65653 5.55416 
1 0.578958 2.88081 
1 -7.39124 5.23354 
1 -8.54368 5.59493 
1 1.84218 2.63823 
1 -6.19181 4.85515 
1 2.96751 2.18408 
1 2.20047 -1.36801 
1 6.37023 1.19883 
1 3.55309 2.01992 
1 -2.69265 2.85219 
1 -0.485081 3.18036 
1 -5.09967 5.04969 
1 2.83504 -0.0468383 
1 -1.15721 1.62268 
1 0.598114 2.90288 
1 3.13949 -0.90635 
1 0.426996 2.90952 
1 -4.84502 4.45079 
1 2.19827 1.66132 
1 -8.55675 8.0704 
1 -1.41797 1.79468 
1 -1.08675 1.5371 
1 -5.35894 4.59701 
1 -0.123788 3.08513 
1 2.31366 1.38115 
1 -6.71213 5.03125 
1 6.48761 1.08722 
1 -1.15206 1.63391 
1 2.14609 1.81189 
1 8.73494 0.44376 
1 4.52295 1.72001 
1 -2.83898 3.11299 
1 -0.464865 0.989831 
1 1.34267 -0.614195 
1 8.68354 0.482436 
1 -6.62333 6.40492 
1 -1.26565 4.82355 
1 -4.13698 4.19669 
1 2.77585 2.21151 
1 -7.64567 7.30012 
1 -4.05808 4.13971 
1 -4.62995 4.38934 
1 1.64124 3.15579 
1 -5.85133 4.84623 
1 -2.62139 3.83212 
1 -6.29261 4.86605 
1 -1.51334 3.5021 
1 8.22241 0.566781 
1 2.34034 1.26747 
1 -6.56963 4.99042 
1 -8.87278 5.63616 
1 7.36519 0.86382 
1 5.49756 1.40431 
1 -1.5447 1.99837 
1 -0.149056 3.05928 
1 2.03593 2.1472 
1 -4.36164 4.40614 
1 -1.49362 1.82007 
1 -7.17088 5.12319 
1 0.449764 0.208836 
1 -4.05301 4.16832 
1 6.80956 1.05649 
1 4.59118 1.67732 
1 1.48728 2.58293 
1 2.38146 -1.49479 
1 7.38624 0.847527 
1 -5.40939 4.6186 
1 -5.70093 4.68066 
1 1.87583 2.53957 
1 -1.05233 1.44474 
1 -7.71293 5.34192 
1 1.43082 -0.669472 
1 2.29432 1.4358 
1 2.50797 0.86901 
1 -5.45143 4.69646 
1 6.60454 1.09143 
1 -8.42123 5.55632 
1 3.00281 -2.05188 
