-3.07763 0.417234 0.443055 
-2.0322 -0.418747 -0.101119 
-2.01123 -0.435531 0.114085 
-3.0305 0.445313 -0.476992 
-3.02675 -0.435265 -0.2597 
-3.03071 -0.376782 -0.522891 
-2.23778 0.555465 0.503262 
-3.00278 -0.443068 0.514003 
-0.00657261 -1.70553 -1.26594 
-2.00483 0.164682 0.4876 
-1.99554 -0.462912 -0.35615 
-2.66683 0.57006 0.495116 
-2.98611 0.535557 0.147178 
-3.03979 -0.389881 -0.0212094 
-2.04209 -0.373968 -0.472349 
-2.01826 0.34323 0.540574 
-2.04688 0.487574 -0.479741 
-2.61935 0.540377 -0.485017 
-3.00781 -0.44138 0.0608923 
-2.63304 -0.429117 0.498998 
-1.99223 0.509573 0.239865 
-2.02222 0.0287766 0.502112 
-2.00824 -0.21557 -0.493492 
-2.97131 0.568612 -0.490494 
0.502613 0.011316 0.362152 
-3.00311 0.532312 -0.266368 
-3.01495 0.435171 -0.497071 
-1.99614 0.537288 -0.0572871 
-2.02043 -0.458318 0.244421 
0.790635 0.0642601 0.798042 
-3.00714 0.543864 -0.171054 
-2.27215 -0.45448 -0.482692 
-0.219944 -1.00454 1.29153 
-2.2719 -0.435515 0.502615 
-2.47915 0.577504 0.510515 
-2.98463 0.0308827 0.507184 
-3.03117 -0.426227 0.371452 
-2.02465 -0.424184 0.113332 
-2.72674 -0.466954 0.524106 
-2.03372 -0.422374 -0.482691 
-3.05643 -0.411745 0.20689 
-2.00563 -0.434221 -0.0767758 
-3.00879 -0.430901 -0.524734 
-2.01522 0.141479 0.510498 
-3.03623 0.303111 0.501639 
-2.19123 -0.418662 -0.507359 
-2.01337 -0.414402 -0.181292 
-2.02038 0.544605 0.221841 
-3.0135 0.576334 0.32277 
-2.0155 0.10395 -0.493289 
-2.08202 -0.046064 -0.524633 
-1.98523 0.542727 -0.479327 
-2.95464 0.582796 0.478594 
-2.15067 0.559816 -0.511578 
-2.19454 -0.414106 0.475667 
-3.05469 -0.300903 -0.536491 
-2.03562 -0.427684 0.492119 
0.587776 0.00166106 1.37224 
-1.99631 -0.475192 -0.130881 
0.790363 -0.428692 1.36021 
-2.02332 -0.435291 0.0780588 
-2.27542 0.55796 0.51678 
-2.57889 0.533268 0.529899 
-2.01099 -0.196212 0.515621 
-2.95844 -0.414782 0.462038 
-0.209113 0.00933467 1.34618 
-1.98042 0.41556 -0.493463 
-2.34115 0.560354 0.511892 
-2.0187 -0.413183 -0.496394 
-2.53066 0.530783 -0.481442 
-2.02678 0.423361 0.503825 
-2.11911 0.520903 -0.475747 
-3.00364 -0.414672 -0.391712 
-3.03 0.450356 -0.493625 
-2.68548 -0.444641 0.510948 
-2.43428 -0.419757 0.479355 
-3.02056 0.0423005 -0.500949 
-2.70458 -0.416748 -0.525784 
-2.63721 0.532218 0.528324 
-2.04907 0.190877 -0.540049 
-2.97473 0.508747 -0.173738 
-3.01684 -0.442496 0.444076 
-2.57624 -0.426386 -0.51465 
-2.3118 -0.453568 -0.494216 
-3.01049 0.149953 0.493478 
-3.03237 0.203641 -0.51672 
0.766938 -0.737575 0.354154 
0.0145972 -1.06406 -0.270933 
-2.15615 0.523333 0.531755 
-2.00787 0.566903 0.328312 
-3.01419 0.526704 0.512291 
-2.5916 -0.397732 0.459222 
-2.64431 0.538935 -0.478913 
-2.27649 -0.436299 0.496234 
-2.03489 0.406995 0.502858 
-3.04679 0.581383 0.046356 
-2.99459 -0.484593 0.291066 
-2.03864 -0.110273 0.508884 
