0.856932 4.27324 -1.00725 
0.428572 4.00992 0.0215968 
1.4001 3.25587 -0.417174 
1.42063 4.11097 -0.00602555 
1.42328 4.13083 0.00475041 
1.45067 3.28304 -1.02785 
0.423819 3.52385 0.015347 
0.840695 4.24858 -0.99177 
1.36145 3.24014 0.0228921 
1.09361 3.25346 -1.00407 
1.44915 4.25312 -0.898427 
0.476124 3.26492 -1.00602 
1.05432 3.23995 -0.973332 
0.409137 4.26276 -0.727983 
1.45022 3.54798 -0.0281132 
1.43688 4.20801 0.00709822 
0.682655 3.28653 -0.0343826 
0.434976 3.33221 -0.993461 
0.592222 4.25114 0.00213123 
1.43187 3.67704 -0.990162 
0.487284 4.25725 -1.03059 
0.959795 3.27582 -0.996588 
1.42884 3.27555 -0.824997 
1.48337 3.2871 -0.756097 
1.36766 3.24376 0.000296448 
1.45185 3.23936 -0.866683 
0.477018 3.89797 -1.02516 
0.646966 3.26098 -0.991063 
0.393469 4.01456 0.0246558 
0.448031 4.21966 -0.0113461 
0.617293 4.25408 -0.997822 
1.45694 4.25966 -0.708471 
1.41 3.78929 -1.00943 
1.36723 3.25755 -0.0138058 
0.421698 3.93465 -1.00598 
1.12888 4.25667 -1.00179 
1.41553 4.25534 -0.38894 
0.435151 3.25966 -0.972802 
0.44562 3.51268 -1.00386 
1.44767 3.50537 -0.00839567 
0.47584 4.26735 -0.00723096 
1.40179 4.22034 -0.382991 
0.446756 3.48957 -0.00112193 
1.4118 4.22383 -0.237148 
0.91038 4.27208 0.00549976 
0.872851 3.25529 -0.96971 
0.446811 4.24366 -0.00979827 
0.598218 3.28097 -1.02206 
0.783369 3.24453 -0.989989 
1.43101 4.25564 -0.190175 
0.460157 4.26045 -0.996799 
0.447156 4.27605 -1.01007 
1.3637 3.24364 -0.00716543 
1.46563 3.29394 -0.389928 
0.436506 4.24373 -0.682703 
0.542616 4.27062 -0.0203165 
1.44706 3.24557 -0.785757 
1.25874 3.26396 -1.01669 
0.384746 3.224 -0.825403 
0.59394 3.26281 -0.98395 
0.374126 3.23365 -0.193063 
0.449994 3.82671 0.00524468 
1.02202 3.23983 -1.00298 
1.397 3.81209 -0.988733 
1.41583 4.04944 0.0350346 
0.480736 3.28682 -0.829787 
0.849603 4.23065 -0.0190791 
1.44481 4.24404 -0.916408 
0.650019 4.24576 -0.996627 
0.602087 4.27963 -0.0262454 
0.398532 3.77351 0.0196564 
1.4218 3.51355 0.0087535 
0.387884 4.23925 -0.353491 
0.442315 3.27918 -0.815084 
0.428049 4.22434 -0.931317 
1.40751 4.18023 -1.0005 
1.43409 4.05549 -0.00854959 
1.3758 4.26342 0.000643985 
0.423748 3.29391 -0.00287961 
1.19419 3.27017 -0.00313293 
1.37111 4.21198 -0.968012 
0.436528 4.07457 -1.02142 
1.22538 4.25397 -1.0094 
1.44932 3.95385 -1.00524 
1.07864 3.23563 0.023306 
1.06773 4.23179 0.0119857 
1.02613 3.23578 0.0109438 
1.42138 3.25571 -0.574189 
0.430852 3.96663 0.00363092 
0.475674 4.24743 -0.0513804 
0.569246 3.25887 -1.00625 
1.41288 4.15087 -0.0140465 
1.42716 3.22809 -0.896254 
0.421509 4.22281 -0.457461 
1.43533 4.19077 -0.0125474 
1.42 3.26994 -0.15343 
0.395113 3.44927 0.0200203 
1.43669 3.70565 -0.00669258 
0.410772 3.26597 -0.878055 
1.44835 4.2547 -0.243949 
0.423906 4.00064 -0.00217759 
