1 -5.53964 -4.47742 
1 4.06501 6.04657 
1 1.98682 3.77296 
1 2.2221 4.04985 
1 -3.77244 -2.51914 
1 2.6545 4.56191 
1 -0.194753 1.36857 
1 5.9382 8.09792 
1 -4.33142 -3.11384 
1 -4.87435 -3.65888 
1 -2.18044 -0.764556 
1 -1.47731 -0.0236467 
1 -3.71853 -2.33099 
1 -5.94117 -4.87282 
1 6.15016 8.3027 
1 1.26954 3.00194 
1 4.69411 6.6491 
1 -4.958 -3.86995 
1 0.266192 1.87862 
1 -4.48048 -3.34407 
1 3.69679 5.63989 
1 -0.560204 1.01033 
1 -3.35552 -2.08101 
1 4.65951 6.6594 
1 -0.4865 1.02055 
1 -5.53368 -4.41514 
1 0.45877 2.12009 
1 2.69567 4.56648 
1 2.17555 4.03009 
1 2.93697 4.85778 
1 1.78993 3.56194 
1 -5.24869 -4.12698 
1 2.60185 4.42001 
1 2.8114 4.6712 
1 -4.05101 -2.89478 
1 -3.78683 -2.54201 
1 -1.31674 0.154338 
1 -4.02114 -2.78851 
1 -4.69486 -3.51482 
1 0.255095 1.85824 
1 -6.63542 -5.63912 
1 0.551597 2.17525 
1 -2.5035 -1.14972 
1 4.42196 6.41234 
1 -2.46955 0.700131 
1 6.55578 8.78966 
1 3.79691 5.77953 
1 4.12244 6.05014 
1 -1.48768 -0.0121386 
1 -0.17121 1.36955 
1 1.28035 3.01317 
1 5.45613 7.50019 
1 -3.22182 0.218698 
1 -3.55982 -2.31618 
1 0.493705 2.13477 
1 1.80822 3.52474 
1 1.51478 3.22723 
1 5.59387 7.64067 
1 -4.20308 -3.00544 
1 1.37485 3.1237 
1 4.7872 6.7999 
1 1.95982 3.77628 
1 -2.02796 -0.615285 
1 -0.340717 1.22906 
1 1.26353 2.99164 
1 -6.36156 -5.33428 
1 -3.86285 -2.58722 
1 2.037 3.87081 
1 -2.45647 -1.06414 
1 -6.4375 -5.38767 
1 2.7189 4.5301 
1 -2.87067 -1.49952 
1 5.93474 8.07382 
1 -1.08737 0.416431 
1 -0.601713 0.921018 
1 -1.32354 0.116154 
1 -6.15322 -5.07151 
1 -3.97894 -2.69401 
1 -3.61033 -2.3991 
1 -0.692539 0.846033 
1 -2.37448 -0.962283 
1 4.82905 5.7988 
1 -5.00432 -3.90099 
1 -5.63454 -4.56802 
1 3.25774 5.20733 
1 -0.0306726 1.66703 
1 1.37955 3.1533 
1 -4.4477 -3.2303 
1 3.24667 5.13067 
1 -5.90843 -4.79912 
1 -0.204289 1.39534 
1 -3.86935 -2.60361 
1 -4.75053 -3.55206 
1 -4.68192 -3.53373 
1 -6.3126 -5.32371 
1 -0.991596 0.498988 
1 2.64413 4.25981 
1 1.79967 3.62349 
1 2.06682 3.83473 
1 -2.33076 -0.984038 
1 -0.860588 0.694792 
1 -0.26543 1.29579 
1 5.6975 7.79471 
1 2.90726 4.80913 
1 2.65942 4.5079 
1 5.63383 7.72701 
1 1.77726 3.57658 
1 2.93413 4.84237 
1 -6.46258 -5.45464 
1 9.2387 13.1898 
1 -5.91539 -4.90373 
1 1.00277 2.6664 
1 -1.77706 -0.33238 
1 -3.75558 -2.49644 
1 1.6892 3.43107 
1 6.11664 8.26841 
1 -1.31756 0.148806 
1 -4.17548 -3.04108 
1 0.742435 2.34887 
1 -4.51444 -3.26846 
1 6.46423 8.61536 
1 -6.04116 -5.01236 
1 0.128067 1.81016 
1 -2.64948 -1.29851 
1 0.0730903 2.48006 
1 0.432379 2.05002 
1 -4.69671 -3.44186 
1 2.19511 3.94383 
1 -3.16417 -1.92231 
1 2.56118 4.384 
1 4.16813 6.2245 
1 -4.98631 -3.82454 
1 4.28683 6.27758 
1 -5.45391 -4.42879 
1 -1.96295 -0.600488 
1 5.15713 5.97164 
1 2.69102 4.52332 
1 4.2928 6.33407 
1 4.50549 5.51434 
1 2.90424 4.80268 
1 3.95889 5.16808 
1 -4.63617 -3.45877 
1 2.6908 4.60046 
1 4.98882 7.13975 
1 -0.108066 1.42415 
1 -3.28617 0.159544 
1 0.0664713 1.68595 
1 -3.72946 -2.46919 
1 -1.83533 1.1406 
1 5.1875 7.2856 
1 -5.38395 -4.26748 
1 1.00524 2.70449 
1 3.17614 5.06421 
1 3.64187 5.5558 
1 5.51838 7.64139 
1 0.384569 2.02756 
1 -5.52475 -4.44855 
1 5.58669 7.67621 
1 4.86708 6.93396 
1 3.87301 5.80092 
1 -1.34893 0.105918 
1 2.4767 4.27331 
1 -1.72262 -0.334324 
1 -1.93313 -0.510238 
1 -3.68355 -2.44295 
1 2.22227 4.01446 
1 -5.05871 -3.87969 
1 4.33484 6.41596 
1 6.45385 8.6314 
1 4.31815 6.38269 
1 -6.02364 -4.9799 
1 3.32514 5.23973 
1 3.64079 5.58304 
1 2.54751 4.39334 
1 5.7788 7.88533 
1 -0.418408 1.10444 
1 -5.24662 -4.11377 
1 -2.67457 -1.30946 
1 4.70981 6.73363 
1 1.22179 3.00658 
1 3.79786 5.73666 
1 -4.44417 -3.2967 
1 -5.27452 -4.12944 
1 3.14604 5.0351 
1 6.1091 8.27424 
