1 8.11029 -5.97728 
1 0.596395 -1.3129 
1 6.37029 -4.90809 
1 9.1258 -6.64966 
1 1.67749 -1.95331 
1 1.87295 -0.996288 
1 8.71563 -6.37579 
1 -2.84495 0.815304 
1 6.47399 -4.9671 
1 10.4569 -7.44666 
1 3.89404 -3.30974 
1 -3.49723 1.26376 
1 8.44326 -6.18964 
1 4.3145 -1.64708 
1 11.6055 -8.18013 
1 8.3731 -6.15101 
1 7.60503 -5.64059 
1 -1.34518 -0.0292163 
1 -4.42113 1.87926 
1 11.9237 -8.39429 
1 1.91902 -2.07903 
1 6.39376 -4.91354 
1 5.28967 -4.25024 
1 3.8826 -3.3355 
1 5.0405 -4.09382 
1 5.31313 -4.2252 
1 -0.0592709 -0.471284 
1 3.76831 -4.4274 
1 2.08008 -2.25337 
1 5.79244 -4.53139 
1 2.89261 -2.7427 
1 6.96004 -5.26563 
1 3.74073 -3.23169 
1 -0.906321 -0.356107 
1 2.12268 -2.21443 
1 10.7236 -7.58078 
1 -0.576123 -0.528365 
1 -4.68529 2.00562 
1 -3.14176 0.996539 
1 -0.754697 -0.283691 
1 10.1332 -7.25156 
1 4.35685 -3.70323 
1 -4.88463 2.146 
1 -2.64665 0.772421 
1 4.025 -3.43717 
1 9.86731 -7.12045 
1 11.3654 -8.02027 
1 -2.77038 0.828512 
1 -0.943391 -0.317737 
1 -0.381791 -0.718461 
1 2.13248 -2.26849 
1 -0.736617 -0.460885 
1 -3.05484 0.324331 
1 8.92249 -6.54553 
1 8.44258 -6.21979 
1 11.9542 -8.36842 
1 8.73356 -6.36714 
1 0.652933 -0.665326 
1 10.9051 -7.73915 
1 5.7736 -4.51489 
1 -2.93845 0.942604 
1 6.76771 -5.12547 
1 -0.139922 -0.837115 
1 9.8152 -7.06781 
1 -4.62847 1.97128 
1 5.70361 -4.52881 
1 5.04927 -4.04617 
1 2.0926 -2.1908 
1 -1.96349 0.277982 
1 1.807 -2.08068 
1 1.59601 -1.88699 
1 2.45462 -2.49026 
1 -1.32428 -0.107985 
1 6.55614 -5.0171 
1 7.71221 -5.77083 
1 -3.45403 1.23274 
1 -2.42519 0.142095 
1 6.36101 -4.87964 
1 -2.63475 0.752158 
1 -2.78037 0.2441 
1 -0.321107 -0.404572 
1 8.67451 -6.31409 
1 3.65853 -3.23336 
1 5.64292 -3.65118 
1 11.2256 -7.93254 
1 4.62516 -3.83857 
1 3.08158 -2.79104 
1 10.879 -7.68961 
1 -0.176785 -0.805765 
1 5.18898 -4.14008 
1 11.8148 -8.29952 
1 -1.63375 0.0839635 
1 -0.656483 -0.469066 
1 10.262 -7.30557 
1 10.9136 -7.78017 
1 9.62601 -6.94078 
1 11.6292 -8.19096 
1 8.64384 -6.32648 
1 -1.74841 0.166235 
1 1.58533 -1.91163 
1 0.579315 -0.655414 
1 -1.06074 -0.281852 
1 9.28529 -6.70599 
1 8.51241 -6.26639 
