1 3.32706 -1.38336 
1 -9.84453 2.14661 
1 6.50726 -3.32155 
1 -8.18412 1.69956 
1 7.22895 -2.44481 
1 -5.7311 1.05521 
1 -9.44708 2.03699 
1 7.4607 -2.49079 
1 7.55736 -2.98835 
1 -4.91474 0.82406 
1 -0.292745 -0.761261 
1 7.16941 -2.41546 
1 1.91241 -2.07432 
1 1.6577 -0.946194 
1 -9.33988 2.00964 
1 2.38042 -2.35111 
1 -5.16239 0.903084 
1 -3.73043 0.502559 
1 2.16942 -1.07747 
1 -5.99264 1.10445 
1 -0.28809 -0.698181 
1 -1.49526 -0.0869388 
1 1.7022 -2.00406 
1 -9.88887 2.1674 
1 0.884795 -0.726214 
1 -1.21897 -0.133411 
1 5.40469 -1.93158 
1 -10.5079 2.31624 
1 8.3383 -2.51711 
1 4.84635 -1.76748 
1 -1.29084 -0.0967526 
1 -5.35955 0.927828 
1 1.32102 -0.860686 
1 -8.03435 1.66307 
1 -8.14602 1.69521 
1 0.870629 -1.47174 
1 -9.31054 2.00412 
1 -4.65731 0.757042 
1 -1.13895 -0.210275 
1 3.76194 -1.49767 
1 -3.34009 1.14876 
1 1.05765 -0.773684 
1 -1.08029 -0.193024 
1 7.12667 -2.41374 
1 3.04626 -1.32086 
1 7.94436 -2.89386 
1 3.31438 -1.38835 
1 3.22545 -1.36812 
1 1.06042 -1.58628 
1 -10.0858 2.21034 
1 1.53882 -1.92691 
1 6.63927 -2.27121 
1 -1.73413 0.145513 
1 -1.77023 -0.0169122 
1 -4.89993 0.817578 
1 -2.06333 0.0471775 
1 -2.23255 0.116909 
1 -3.92971 0.566285 
1 7.50844 -3.00158 
1 -0.535628 -0.351992 
1 -5.88086 1.08081 
