1 1.87295 -0.996288 
1 -9.84453 2.14661 
1 6.50726 -3.32155 
1 -8.18412 1.69956 
1 7.22895 -2.44481 
1 4.3145 -1.64708 
1 -5.7311 1.05521 
1 -1.34518 -0.0292163 
1 -9.44708 2.03699 
1 7.4607 -2.49079 
1 -0.292745 -0.761261 
1 -9.33988 2.00964 
1 5.79244 -4.53139 
1 -5.16239 0.903084 
1 -3.73043 0.502559 
1 8.73281 -2.55562 
1 -0.576123 -0.528365 
1 -5.99264 1.10445 
1 -9.88887 2.1674 
1 -2.64665 0.772421 
1 -0.381791 -0.718461 
1 5.40469 -1.93158 
1 -10.5079 2.31624 
1 8.3383 -2.51711 
1 4.84635 -1.76748 
1 -1.29084 -0.0967526 
1 -0.139922 -0.837115 
1 -5.35955 0.927828 
1 -8.03435 1.66307 
1 -8.14602 1.69521 
1 2.0926 -2.1908 
1 -9.31054 2.00412 
1 -4.65731 0.757042 
1 3.76194 -1.49767 
1 -3.34009 1.14876 
1 1.05765 -0.773684 
1 6.86602 -2.34655 
1 3.04626 -1.32086 
1 3.31438 -1.38835 
1 -2.78037 0.2441 
1 -0.321107 -0.404572 
1 3.22545 -1.36812 
1 5.64292 -3.65118 
1 -10.0858 2.21034 
1 6.63927 -2.27121 
1 -1.77023 -0.0169122 
1 -4.89993 0.817578 
1 -1.74841 0.166235 
1 -3.92971 0.566285 
1 7.50844 -3.00158 
1 -5.88086 1.08081 
