1 -5.71603 -7.90728 
1 2.99365 -4.70641 
1 -2.58557 -6.91081 
1 12.3693 -1.15056 
1 -4.35887 -7.52034 
1 7.55736 -2.98835 
1 -5.75905 -8.11054 
1 7.16941 -2.41546 
1 5.31313 -4.2252 
1 11.8346 -1.2812 
1 -1.65667 -6.49461 
1 11.7977 -1.33891 
1 -2.99265 -6.79062 
1 3.55217 -4.52576 
1 -3.55632 -7.13887 
1 4.35685 -3.70323 
1 1.58337 -5.30584 
1 6.68985 -3.33752 
1 -5.73116 -8.04978 
1 4.64029 -4.23946 
1 0.759965 -5.44714 
1 7.12667 -2.41374 
1 7.94436 -2.89386 
1 -4.94699 -7.64159 
1 9.48974 -2.23462 
1 4.15509 -3.48955 
1 4.62516 -3.83857 
1 3.08158 -2.79104 
1 -0.897327 -6.26519 
1 6.8423 -3.30969 
1 1.67972 -5.03694 
1 0.802183 -5.64107 
1 -0.23564 -5.99661 
1 -5.67295 -7.94978 
1 -4.33874 -7.53239 
1 1.75121 -5.1093 
